gaze_timestamp,world_index,confidence,norm_pos_x,norm_pos_y,base_data,gaze_point_3d_x,gaze_point_3d_y,gaze_point_3d_z,eye_center0_3d_x,eye_center0_3d_y,eye_center0_3d_z,gaze_normal0_x,gaze_normal0_y,gaze_normal0_z,eye_center1_3d_x,eye_center1_3d_y,eye_center1_3d_z,gaze_normal1_x,gaze_normal1_y,gaze_normal1_z
680672.9263575,0,0.9677737355232239,0.4320566356151671,-0.4950665457179366,680672.924326-0 680672.928389-1,-3.2779014848296075,27.758966036967557,17.781030069079886,20.254332717381516,14.236898573038271,-21.804194931035774,-0.49029627795688174,0.28940185494648474,0.8221046929528878,-39.90347826900315,14.296059363910047,-21.283262714418505,0.6633193711247409,0.2361416474870552,0.7101017773620747
680672.930344,0,0.9293194711208344,0.43439311484987375,-0.4945229013626191,680672.932299-0 680672.928389-1,-3.166395061840861,27.83746895179601,17.886702953287102,20.254332717381516,14.236898573038271,-21.804194931035774,-0.48741425242241215,0.2913888951479344,0.8231159446396158,-39.90347826900315,14.296059363910047,-21.283262714418505,0.6633193711247409,0.2361416474870552,0.7101017773620747
680672.9343515,0,0.9293194711208344,0.4332467207631847,-0.49334814897474843,680672.932299-0 680672.936404-1,-3.2392837587813617,27.913224171292843,17.998959920665335,20.254332717381516,14.236898573038271,-21.804194931035774,-0.48741425242241215,0.2913888951479344,0.8231159446396158,-39.90347826900315,14.296059363910047,-21.283262714418505,0.6614118820792855,0.23798453278317747,0.7112648482810817
680672.9383795001,0,0.9077444076538086,0.4330861548505938,-0.4950684113063699,680672.940355-0 680672.936404-1,-3.2528336444184465,28.00683438471409,17.949219241579875,20.254332717381516,14.236898573038271,-21.804194931035774,-0.4877696573920814,0.2951509214199621,0.8215635671769765,-39.90347826900315,14.296059363910047,-21.283262714418505,0.6614118820792855,0.23798453278317747,0.7112648482810817
680672.94248,0,0.9077444076538086,0.43235967045782886,-0.49333184905905614,680672.940355-0 680672.944605-1,-3.2941000348936846,27.981349680512132,18.035737629264435,20.254332717381516,14.236898573038271,-21.804194931035774,-0.4877696573920814,0.2951509214199621,0.8215635671769765,-39.90347826900315,14.296059363910047,-21.283262714418505,0.6603310597645279,0.23636856919181198,0.7128062787381092
680672.947533,0,0.9018043577671051,0.4334529329343213,-0.4935176458633581,680672.950461-0 680672.944605-1,-3.2430205151152354,28.044407378544243,18.074713783794085,20.254332717381516,14.236898573038271,-21.804194931035774,-0.48645396519230977,0.29709576842171626,0.821642649899936,-39.90347826900315,14.296059363910047,-21.283262714418505,0.6603310597645279,0.23636856919181198,0.7128062787381092
680672.9514794999,0,0.9018043577671051,0.4337833869878656,-0.49409510266540724,680672.950461-0 680672.952498-1,-3.223104595342411,28.040098514393037,18.03842922091092,20.254332717381516,14.236898573038271,-21.804194931035774,-0.48645396519230977,0.29709576842171626,0.821642649899936,-39.90347826900315,14.296059363910047,-21.283262714418505,0.6608529352210073,0.236505575385687,0.7122769902371296
680672.955533,0,0.8575330078601837,0.43380560669630774,-0.4939825831063849,680672.958568-0 680672.952498-1,-3.2216674191517747,28.034550322342337,18.04217545462895,20.254332717381516,14.236898573038271,-21.804194931035774,-0.48641647765093715,0.296866859515513,0.8217475755918308,-39.90347826900315,14.296059363910047,-21.283262714418505,0.6608529352210073,0.236505575385687,0.7122769902371296
680672.959581,0,0.8575330078601837,0.43364919684429887,-0.49465864154379036,680672.958568-0 680672.960594-1,-3.2360754052778127,28.107482918712833,18.044844388862497,20.254332717381516,14.236898573038271,-21.804194931035774,-0.48641647765093715,0.296866859515513,0.8217475755918308,-39.90347826900315,14.296059363910047,-21.283262714418505,0.6604764130731622,0.23911269513338093,0.7117555948498477
680672.9624725,0,0.9113123118877411,0.4337625700173741,-0.4948902067128389,680672.964351-0 680672.960594-1,-3.2314891659160114,28.126587258479937,18.043466098144304,20.254332717381516,14.236898573038271,-21.804194931035774,-0.4862991342180927,0.29756149673531596,0.8215657659124872,-39.90347826900315,14.296059363910047,-21.283262714418505,0.6604764130731622,0.23911269513338093,0.7117555948498477
680672.9664179999,0,0.9113123118877411,0.4339783011459778,-0.49493129844338957,680672.964351-0 680672.968485-1,-3.2167208476380935,28.098670500449252,18.02491800793802,20.254332717381516,14.236898573038271,-21.804194931035774,-0.4862991342180927,0.29756149673531596,0.8215657659124872,-39.90347826900315,14.296059363910047,-21.283262714418505,0.6608630717787384,0.23825715329663802,0.7116835878830933
680672.97046,0,0.9423159062862396,0.4374223958327117,-0.49439914050054834,680672.972435-0 680672.968485-1,-3.050652501319865,28.234124389319973,18.176213566601778,20.254332717381516,14.236898573038271,-21.804194931035774,-0.4820182492604249,0.30116894674171857,0.8227731600498391,-39.90347826900315,14.296059363910047,-21.283262714418505,0.6608630717787384,0.23825715329663802,0.7116835878830933
680672.9744025,0,0.9423159062862396,0.43773678352649625,-0.494184313779525,680672.972435-0 680672.9763699999-1,-3.0280529720841844,28.173307361429277,18.153401397536193,20.254332717381516,14.236898573038271,-21.804194931035774,-0.4820182492604249,0.30116894674171857,0.8227731600498391,-39.90347826900315,14.296059363910047,-21.283262714418505,0.6614555450230873,0.23625718608154303,0.7117999044556282
680672.9783415,0,0.920217365026474,0.44016231311501003,-0.49266397900820547,680672.980313-0 680672.9763699999-1,-2.9067391535279157,28.20242613926405,18.28920745213989,20.254332717381516,14.236898573038271,-21.804194931035774,-0.47888766742637473,0.30110346561358875,0.8246231290610349,-39.90347826900315,14.296059363910047,-21.283262714418505,0.6614555450230873,0.23625718608154303,0.7117999044556282
680672.982332,0,0.920217365026474,0.4404557038995217,-0.49308239426222,680672.980313-0 680672.9843509999-1,-2.8887608415239434,28.19172670838526,18.258038313967017,20.254332717381516,14.236898573038271,-21.804194931035774,-0.47888766742637473,0.30110346561358875,0.8246231290610349,-39.90347826900315,14.296059363910047,-21.283262714418505,0.6619285865481379,0.23612574541990336,0.7114036678709771
680672.9867799999,0,0.8982973992824554,0.440427760474436,-0.4930817935194023,680672.989209-0 680672.9843509999-1,-2.8901053064453492,28.190314649606673,18.256934515625353,20.254332717381516,14.236898573038271,-21.804194931035774,-0.4789222865567813,0.30106215736976394,0.8246181060582454,-39.90347826900315,14.296059363910047,-21.283262714418505,0.6619285865481379,0.23612574541990336,0.7114036678709771
680672.992139,0,0.8982973992824554,0.44141117500172833,-0.4941572040486233,680672.989209-0 680672.9950689999-1,-2.828622660958434,28.130789101537996,18.158054985366714,20.254332717381516,14.236898573038271,-21.804194931035774,-0.4789222865567813,0.30106215736976394,0.8246181060582454,-39.90347826900315,14.296059363910047,-21.283262714418505,0.6635453113230503,0.23478746787903615,0.7103396826505941
680672.9950689999,0,1.0,0.6152390306240086,-0.3790058969390375,680672.9950689999-1,58.599339479648,226.26849178649496,199.19580196006598,,,,,,,9.925130815696063,100.94523246443,-282.3900181009409,0.09734841732790382,0.25064651864412985,0.9631716401220138
680673.381209,3,0.3555354908577301,0.14719378756832463,-0.1778915261827132,680673.381209-0,-212.33513847793742,215.31597134646506,240.34561800630456,25.75997276176154,294.75321611565914,-192.0898594319307,-0.47619022247939796,-0.15887448953838806,0.8648709548764705,,,,,,
680673.390025,3,0.26319478942295393,0.15773925296922733,-0.32009218622372804,680673.390025-0,-242.63661610974165,311.2232470417838,229.44544058864147,25.75997276176154,294.75321611565914,-192.0898594319307,-0.5367931777430065,0.032940061852249264,0.8430706000411444,,,,,,
680673.3904345001,3,0.9608037755568466,0.6798482543861726,-0.44364079755249386,680673.399827-0 680673.381042-1,11.091927900346995,30.07682264344915,20.363223556653423,20.254332717381516,14.236898573038271,-21.804194931035774,-0.1993012239948459,0.37242389741256754,0.906410206667042,-39.90347826900315,14.296059363910047,-21.283262714418505,0.7529247414550543,0.20499350373654793,0.6253654908376808
680673.395063,3,0.7949999999999999,0.6906687152188071,-0.41839140504192573,680673.399827-0 680673.390299-1,11.234087549705261,27.962696405983497,20.271489044841086,20.254332717381516,14.236898573038271,-21.804194931035774,-0.1993012239948459,0.37242389741256754,0.906410206667042,-39.90347826900315,14.296059363910047,-21.283262714418505,0.7580037802076227,0.1331953991611092,0.6385054853587923
680673.4014244999,3,0.9367152106761932,0.6845532712037079,-0.4545714878820182,680673.399827-0 680673.403022-1,11.254930297008833,30.1293972084605,19.492216065049426,20.254332717381516,14.236898573038271,-21.804194931035774,-0.1993012239948459,0.37242389741256754,0.906410206667042,-39.90347826900315,14.296059363910047,-21.283262714418505,0.7599156872636164,0.21462288105431235,0.6135675734412731
680673.407977,4,0.4210327330065563,0.5741739909183856,-0.19026856200714204,680673.407977-0,47.067176117778004,212.5388712831998,300.64415054598294,25.75997276176154,294.75321611565914,-192.0898594319307,0.042614406712032926,-0.16442868966491864,0.9854680199558274,,,,,,
680673.4119975,4,0.7417152106761933,0.7097457792515953,-0.34961926892999795,680673.420973-0 680673.403022-1,11.853009147140867,24.74791088058355,21.513352832333613,20.254332717381516,14.236898573038271,-21.804194931035774,-0.18478134233540064,0.17011862683628662,0.9679439592910654,-39.90347826900315,14.296059363910047,-21.283262714418505,0.7599156872636164,0.21462288105431235,0.6135675734412731
680673.416156,4,0.8,0.7120353797080947,-0.3562277079564433,680673.420973-0 680673.411339-1,11.919896853856219,24.829867283375876,21.114462180598284,20.254332717381516,14.236898573038271,-21.804194931035774,-0.18478134233540064,0.17011862683628662,0.9679439592910654,-39.90347826900315,14.296059363910047,-21.283262714418505,0.7627952416351441,0.2198952649097011,0.608103191743864
680673.418819,4,0.8,0.7099589676235737,-0.3559899461192384,680673.420973-0 680673.416665-1,11.876439766430215,24.97047707829741,21.30981686494056,20.254332717381516,14.236898573038271,-21.804194931035774,-0.18478134233540064,0.17011862683628662,0.9679439592910654,-39.90347826900315,14.296059363910047,-21.283262714418505,0.7608013940421468,0.22357486850917216,0.6092581694114843
680673.423641,4,0.8,0.7101939732233857,-0.3589649950470821,680673.420973-0 680673.426309-1,11.890260806944672,25.06485440410391,21.200757338297493,20.254332717381516,14.236898573038271,-21.804194931035774,-0.18478134233540064,0.17011862683628662,0.9679439592910654,-39.90347826900315,14.296059363910047,-21.283262714418505,0.7613413296204518,0.22751591366545784,0.6071209836933118
680673.43093,5,0.5396228268944101,0.6027598536796861,-0.21792538805590156,680673.43093-0,66.3378111267813,229.9628803752039,302.0312304117041,25.75997276176154,294.75321611565914,-192.0898594319307,0.08115567673003957,-0.12958067148091046,0.9882421796872696,,,,,,
680673.4349044999,5,0.8,0.7203333503433607,-0.3454302611002924,680673.4434999999-0 680673.426309-1,12.773694020187463,25.285583471161488,21.920239968473417,20.254332717381516,14.236898573038271,-21.804194931035774,-0.16314264991046856,0.17241187068452266,0.9714209296835506,-39.90347826900315,14.296059363910047,-21.283262714418505,0.7613413296204518,0.22751591366545784,0.6071209836933118
680673.4374985,5,0.8,0.7226457225796734,-0.34843064331756524,680673.4434999999-0 680673.431497-1,12.825926889731074,25.22672091367456,21.608658066045788,20.254332717381516,14.236898573038271,-21.804194931035774,-0.16314264991046856,0.17241187068452266,0.9714209296835506,-39.90347826900315,14.296059363910047,-21.283262714418505,0.7638883172061087,0.22743959285123977,0.6039419429379629
680673.441691,5,0.8,0.7243294193172455,-0.3519080838599533,680673.4434999999-0 680673.439882-1,12.86744313169672,25.2327624435787,21.342697626404608,20.254332717381516,14.236898573038271,-21.804194931035774,-0.16314264991046856,0.17241187068452266,0.9714209296835506,-39.90347826900315,14.296059363910047,-21.283262714418505,0.7658746309762307,0.22930964891861075,0.6007105247453602
680673.4456455,5,0.8,0.7248703551544757,-0.3544306444822185,680673.4434999999-0 680673.447791-1,12.88478124132891,25.28703247093891,21.213398811733104,20.254332717381516,14.236898573038271,-21.804194931035774,-0.16314264991046856,0.17241187068452266,0.9714209296835506,-39.90347826900315,14.296059363910047,-21.283262714418505,0.766665202150982,0.23198914755745104,0.5986697781134113
680673.456367,6,0.564907922177346,0.6209410636646232,-0.19058338031469435,680673.456367-0,75.68686413982081,215.39077364287132,299.0403760882182,25.75997276176154,294.75321611565914,-192.0898594319307,0.09985378275611854,-0.15872488494557557,0.9822604710402978,,,,,,
680673.4604745,6,0.8,0.7214745794037977,-0.3561602316078174,680673.473158-0 680673.447791-1,12.502146105487707,24.95710662530214,20.938177222752383,20.254332717381516,14.236898573038271,-21.804194931035774,-0.17263732497547524,0.1628532507184337,0.9714294481617031,-39.90347826900315,14.296059363910047,-21.283262714418505,0.766665202150982,0.23198914755745104,0.5986697781134113
680673.4631950001,6,0.8,0.722212148693273,-0.36014641859749763,680673.473158-0 680673.453232-1,12.528190572640202,25.051839979537522,20.74841351068189,20.254332717381516,14.236898573038271,-21.804194931035774,-0.17263732497547524,0.1628532507184337,0.9714294481617031,-39.90347826900315,14.296059363910047,-21.283262714418505,0.767779230615632,0.23645790992154544,0.5954852725893417
680673.4669979999,6,0.8,0.7230627618251846,-0.3630884789955988,680673.473158-0 680673.4608379999-1,12.553413970034503,25.100026675347948,20.57950314890904,20.254332717381516,14.236898573038271,-21.804194931035774,-0.17263732497547524,0.1628532507184337,0.9714294481617031,-39.90347826900315,14.296059363910047,-21.283262714418505,0.7688895546999568,0.23919514678578405,0.5929540744673482
680673.4709225,6,0.8,0.7188198505031866,-0.3494788268366511,680673.473158-0 680673.468687-1,12.43111947277968,24.900166254546455,21.3833280606511,20.254332717381516,14.236898573038271,-21.804194931035774,-0.17263732497547524,0.1628532507184337,0.9714294481617031,-39.90347826900315,14.296059363910047,-21.283262714418505,0.7634531696166834,0.22727976472276026,0.6045520377517608
680673.4747535,6,0.8,0.7140804823506274,-0.3369081811686716,680673.473158-0 680673.476349-1,12.302569157301225,24.777370988239475,22.192119563981418,20.254332717381516,14.236898573038271,-21.804194931035774,-0.17263732497547524,0.1628532507184337,0.9714294481617031,-39.90347826900315,14.296059363910047,-21.283262714418505,0.7576232362674956,0.21820326765961945,0.6151376804019006
680673.476349,6,1.0,0.7460264348647783,-0.3266580775888872,680673.476349-1,124.71939317220988,216.40283940543634,190.35919483280892,,,,,,,9.925130815696063,100.94523246443,-282.3900181009409,0.2295885247130277,0.23091521388201267,0.9454984258674997
680673.482342,6,0.5862214300496359,0.6027594339157407,-0.18946004074546474,680673.482342-0,64.38122657339781,213.6325206958834,299.77173850861715,25.75997276176154,294.75321611565914,-192.0898594319307,0.07724250762327257,-0.16224139083955144,0.9837231958810957,,,,,,
680673.484378,6,1.0,0.7404621548288068,-0.3209972726901775,680673.484378-1,120.91899192682268,212.98711656321865,192.08545966712836,,,,,,,9.925130815696063,100.94523246443,-282.3900181009409,0.22198772222225321,0.2240837681975772,0.9489509555361385
680673.494229,7,0.5868549513166588,0.6068458647067342,-0.1909848303275754,680673.494229-0,66.99575155721442,214.72925166870525,299.7391511615124,25.75997276176154,294.75321611565914,-192.0898594319307,0.08247155759090577,-0.16004792889390773,0.9836580211868862,,,,,,
680673.503242,7,0.5319118613082446,0.6099328179116877,-0.1921406638696086,680673.503242-0,68.98155116065999,215.56696032735715,299.704235749109,25.75997276176154,294.75321611565914,-192.0898594319307,0.08644315679779692,-0.1583725115766039,0.9835881903620792,,,,,,
680673.5152189999,7,0.8,0.7060675613694638,-0.33035368313459523,680673.533988-0 680673.49645-1,11.921417209092382,24.711122002084434,22.765549154057233,20.254332717381516,14.236898573038271,-21.804194931035774,-0.17869166708783,0.1673067340487859,0.9695760645020591,-39.90347826900315,14.296059363910047,-21.283262714418505,0.7518072084945819,0.2084794037515938,0.6255575588760511
680673.515796,7,0.5771252563735122,0.5898692612481559,-0.21121796976180662,680673.515796-0,57.820384863111215,225.25774485925723,302.0179318957737,25.75997276176154,294.75321611565914,-192.0898594319307,0.06412082420269935,-0.13899094251280375,0.9882155826554088,,,,,,
680673.519607,7,0.8,0.7046484278432478,-0.328637445942068,680673.533988-0 680673.505226-1,11.887267154323656,24.752037883182684,22.94882589169203,20.254332717381516,14.236898573038271,-21.804194931035774,-0.17869166708783,0.1673067340487859,0.9695760645020591,-39.90347826900315,14.296059363910047,-21.283262714418505,0.7502452641055493,0.2088146544329144,0.6273184867204673
680673.5236215,8,0.8,0.7039391541555237,-0.3284306410051554,680673.533988-0 680673.513255-1,11.871893867971632,24.797168562603325,23.023068431138633,20.254332717381516,14.236898573038271,-21.804194931035774,-0.17869166708783,0.1673067340487859,0.9695760645020591,-39.90347826900315,14.296059363910047,-21.283262714418505,0.7495283443368845,0.20991994306813366,0.6278064021160346
680673.525094,8,0.5456386806992327,0.5899997480733885,-0.22232445590508343,680673.525094-0,58.58587528388234,231.7725342587339,302.8403314399185,25.75997276176154,294.75321611565914,-192.0898594319307,0.06565180504424156,-0.12596136371385044,0.9898603817436983,,,,,,
680673.5272220001,8,0.8,0.7036144126206373,-0.32722860713390345,680673.533988-0 680673.520456-1,11.861856453305496,24.776229038000217,23.0871290760168,20.254332717381516,14.236898573038271,-21.804194931035774,-0.17869166708783,0.1673067340487859,0.9695760645020591,-39.90347826900315,14.296059363910047,-21.283262714418505,0.7490863723521699,0.20883971298878587,0.6286935509729903
680673.53119,8,0.8,0.7035513920005212,-0.32520153658083384,680673.533988-0 680673.528392-1,11.855089372286262,24.70470998592296,23.147828158010054,20.254332717381516,14.236898573038271,-21.804194931035774,-0.17869166708783,0.1673067340487859,0.9695760645020591,-39.90347826900315,14.296059363910047,-21.283262714418505,0.7488169646280531,0.20606336553588794,0.6299293951461958
680673.5351984999,8,0.8,0.7038042688686098,-0.32492972485670557,680673.533988-0 680673.5364089999-1,11.859646974302596,24.675645390023966,23.130534202750358,20.254332717381516,14.236898573038271,-21.804194931035774,-0.17869166708783,0.1673067340487859,0.9695760645020591,-39.90347826900315,14.296059363910047,-21.283262714418505,0.7490370956195445,0.20517470037995172,0.6299577539088111
680673.5364089999,8,1.0,0.7336907311966028,-0.316687466829912,680673.5364089999-1,116.6603284441782,210.11979917899575,193.72815165305587,,,,,,,9.925130815696063,100.94523246443,-282.3900181009409,0.2134703952569643,0.21834913342913148,0.9522363395079936
680673.544625,8,0.5567323537668123,0.5637106024835155,-0.20888328502095366,680673.544625-0,41.58562443041411,222.523474964526,302.4123278660658,25.75997276176154,294.75321611565914,-192.0898594319307,0.031651303337305134,-0.14445948230226624,0.989004374595993,,,,,,
680673.544627,8,1.0,0.7321914050665248,-0.31629751531587535,680673.544627-1,115.78328178085131,209.74895551575835,194.00876624302464,,,,,,,9.925130815696063,100.94523246443,-282.3900181009409,0.21171630193031055,0.21760744610265673,0.9527975686879312
680673.5570639999,8,0.518415228162598,0.5804001353303765,-0.2018550998355244,680673.5570639999-0,51.44269296355784,219.36020288696346,301.52567054999156,25.75997276176154,294.75321611565914,-192.0898594319307,0.05136544040359271,-0.1507860264573912,0.9872310599638445,,,,,,
680673.565175,9,0.510588626859755,0.562026074637988,-0.20998794192088588,680673.565175-0,40.60462796687114,223.07612140954166,302.5231512201666,25.75997276176154,294.75321611565914,-192.0898594319307,0.029689310410219213,-0.1433541894122349,0.9892260213041945,,,,,,
680673.5694115,9,0.8,0.6925658962754822,-0.33821028354931193,680673.585788-0 680673.553035-1,10.972821285025006,24.541689326193637,22.48830736060228,20.254332717381516,14.236898573038271,-21.804194931035774,-0.19964736246334003,0.1705143355632619,0.9649175052971373,-39.90347826900315,14.296059363910047,-21.283262714418505,0.7482820543211,0.20190477730954623,0.6319085599044983
680673.5730635,9,0.8,0.6921814710504709,-0.335775084600608,680673.585788-0 680673.560339-1,10.957099225410623,24.47803958965814,22.587345445540972,20.254332717381516,14.236898573038271,-21.804194931035774,-0.19964736246334003,0.1705143355632619,0.9649175052971373,-39.90347826900315,14.296059363910047,-21.283262714418505,0.7476550560124455,0.199143795250702,0.6335247951202647
680673.5766949999,9,0.5541044485412773,0.5692188653377296,-0.20132110438748763,680673.5766949999-0,44.598725762898,218.4859332911671,301.69997739739404,25.75997276176154,294.75321611565914,-192.0898594319307,0.03767750600227287,-0.15253456564898396,0.9875796736586494,,,,,,
680673.5770445,9,0.8,0.6915566899636958,-0.33496420591651965,680673.585788-0 680673.5683009999-1,10.940663446101198,24.4934511562283,22.66661278313695,20.254332717381516,14.236898573038271,-21.804194931035774,-0.19964736246334003,0.1705143355632619,0.9649175052971373,-39.90347826900315,14.296059363910047,-21.283262714418505,0.7469624190624652,0.1992220546172787,0.6343167327624426
680673.5818855,9,0.8,0.6910336287607125,-0.3346369525174815,680673.585788-0 680673.577983-1,10.927888349521549,24.519728589643037,22.72402031263257,20.254332717381516,14.236898573038271,-21.804194931035774,-0.19964736246334003,0.1705143355632619,0.9649175052971373,-39.90347826900315,14.296059363910047,-21.283262714418505,0.7464177715247226,0.19979826490960365,0.6347764674995279
680673.5850945,9,0.8,0.6907215544558142,-0.3337789261413997,680673.585788-0 680673.584401-1,10.918350387176996,24.51037006253994,22.775399894600014,20.254332717381516,14.236898573038271,-21.804194931035774,-0.19964736246334003,0.1705143355632619,0.9649175052971373,-39.90347826900315,14.296059363910047,-21.283262714418505,0.7460238622618294,0.1991838666937439,0.6354322813525232
680673.5890605,9,0.8,0.6890554553073895,-0.3328378660695668,680673.585788-0 680673.592333-1,10.87770166432723,24.598655408117807,22.95667082299182,20.254332717381516,14.236898573038271,-21.804194931035774,-0.19964736246334003,0.1705143355632619,0.9649175052971373,-39.90347826900315,14.296059363910047,-21.283262714418505,0.7442891401341752,0.20117845893039094,0.6368366380326459
680673.5946305001,10,0.8,0.69172973075675,-0.3295988369189158,680673.596928-0 680673.592333-1,11.102965426543786,24.66455631847555,23.149836521887,20.254332717381516,14.236898573038271,-21.804194931035774,-0.19421226344088718,0.1714860267622282,0.965854098378462,-39.90347826900315,14.296059363910047,-21.283262714418505,0.7442891401341752,0.20117845893039094,0.6368366380326459
680673.5986365001,10,0.8,0.6919270087686591,-0.32978996935670013,680673.596928-0 680673.600345-1,11.107936735993574,24.656997804561392,23.12597649632724,20.254332717381516,14.236898573038271,-21.804194931035774,-0.19421226344088718,0.1714860267622282,0.965854098378462,-39.90347826900315,14.296059363910047,-21.283262714418505,0.7445039980353558,0.20105675536985163,0.6366238905582469
680673.6035295001,10,0.8,0.6875100145456672,-0.3407369967762499,680673.606714-0 680673.600345-1,10.833895285088573,24.94607695348982,22.8319971326537,20.254332717381516,14.236898573038271,-21.804194931035774,-0.20077314258448814,0.18352373328955476,0.9622937101198432,-39.90347826900315,14.296059363910047,-21.283262714418505,0.7445039980353558,0.20105675536985163,0.6366238905582469
680673.6074915,10,0.8,0.6864894936424892,-0.34003151007747046,680673.606714-0 680673.608269-1,10.808173236491093,24.996794027914696,22.947454536286862,20.254332717381516,14.236898573038271,-21.804194931035774,-0.20077314258448814,0.18352373328955476,0.9622937101198432,-39.90347826900315,14.296059363910047,-21.283262714418505,0.7434139341335156,0.20210816929972916,0.6375641226092016
680673.6129284999,10,0.8,0.6901192131987907,-0.3307489216439259,680673.617588-0 680673.608269-1,11.029053816554747,24.738767463413573,23.18932509129294,20.254332717381516,14.236898573038271,-21.804194931035774,-0.1954973570055332,0.17293372223510112,0.9653365791876758,-39.90347826900315,14.296059363910047,-21.283262714418505,0.7434139341335156,0.20210816929972916,0.6375641226092016
680673.617008,10,0.8,0.6907301007443611,-0.3314865647288605,680673.617588-0 680673.616428-1,11.044981430145885,24.720755134219633,23.111607475913647,20.254332717381516,14.236898573038271,-21.804194931035774,-0.1954973570055332,0.17293372223510112,0.9653365791876758,-39.90347826900315,14.296059363910047,-21.283262714418505,0.7440963321736913,0.20193983688668357,0.636820972270731
680673.620988,10,0.8,0.6900658642519388,-0.330854701768335,680673.617588-0 680673.624388-1,11.028137779409352,24.74683004434661,23.19170479279107,20.254332717381516,14.236898573038271,-21.804194931035774,-0.1954973570055332,0.17293372223510112,0.9653365791876758,-39.90347826900315,14.296059363910047,-21.283262714418505,0.7433716595518042,0.20236901802833993,0.6375306708837168
680673.6260985,11,0.8,0.6925416370400801,-0.32784141385262955,680673.627809-0 680673.624388-1,11.239248358835319,24.808615974302782,23.373187945545585,20.254332717381516,14.236898573038271,-21.804194931035774,-0.19043382920574126,0.17382084423795535,0.9661890450643926,-39.90347826900315,14.296059363910047,-21.283262714418505,0.7433716595518042,0.20236901802833993,0.6375306708837168
680673.6300715,11,0.8,0.6926227189280597,-0.32860100663405634,680673.627809-0 680673.632334-1,11.243156335520382,24.831401644756813,23.345430991402992,20.254332717381516,14.236898573038271,-21.804194931035774,-0.19043382920574126,0.17382084423795535,0.9661890450643926,-39.90347826900315,14.296059363910047,-21.283262714418505,0.7435305286834604,0.20330102191574564,0.6370487009669729
680673.635464,11,0.8696444928646088,0.6100799901117313,-0.4638284451179666,680673.638594-0 680673.632334-1,5.925663459114797,26.368070292120027,18.121628593076903,20.254332717381516,14.236898573038271,-21.804194931035774,-0.3247459684692542,0.2675102802507605,0.9071815176265031,-39.90347826900315,14.296059363910047,-21.283262714418505,0.7435305286834604,0.20330102191574564,0.6370487009669729
680673.639725,11,0.8696444928646088,0.6111892503848977,-0.46527387345391213,680673.638594-0 680673.640856-1,5.967793950355978,26.34473681185849,18.000298435390256,20.254332717381516,14.236898573038271,-21.804194931035774,-0.3247459684692542,0.2675102802507605,0.9071815176265031,-39.90347826900315,14.296059363910047,-21.283262714418505,0.7448244966611881,0.20336374544496338,0.6355152682760689
680673.642271,11,0.8663792610168457,0.6112932755568654,-0.4658645922411928,680673.643686-0 680673.640856-1,5.980740551629273,26.395535047983067,17.99756614210365,20.254332717381516,14.236898573038271,-21.804194931035774,-0.3244007618089259,0.26938972310433734,0.9067487649969846,-39.90347826900315,14.296059363910047,-21.283262714418505,0.7448244966611881,0.20336374544496338,0.6355152682760689
680673.6459735,11,0.8663792610168457,0.6114903375359597,-0.46609117441074543,680673.643686-0 680673.6482609999-1,5.988089749051496,26.389978658289564,17.97684783431203,20.254332717381516,14.236898573038271,-21.804194931035774,-0.3244007618089259,0.26938972310433734,0.9067487649969846,-39.90347826900315,14.296059363910047,-21.283262714418505,0.7450504136768541,0.20331768288742347,0.635265142208541
680673.6485995,11,0.8,0.6933696821609753,-0.3318857239721049,680673.648938-0 680673.6482609999-1,11.240344060495433,24.836652277059198,23.127661403634644,20.254332717381516,14.236898573038271,-21.804194931035774,-0.19133278457144312,0.17530057160845916,0.9657440008314239,-39.90347826900315,14.296059363910047,-21.283262714418505,0.7450504136768541,0.20331768288742347,0.635265142208541
680673.652617,11,0.8,0.693761893729816,-0.33147069585468003,680673.648938-0 680673.656296-1,11.247915496832213,24.79121884416998,23.100852617090382,20.254332717381516,14.236898573038271,-21.804194931035774,-0.19133278457144312,0.17530057160845916,0.9657440008314239,-39.90347826900315,14.296059363910047,-21.283262714418505,0.7453957811565546,0.2019260969664192,0.6353038491918005
680673.6577895,12,0.8,0.690560499872839,-0.3360601953549389,680673.6592829999-0 680673.656296-1,10.988949393836482,24.76128208161863,22.87248975508499,20.254332717381516,14.236898573038271,-21.804194931035774,-0.19757229768988058,0.1758406547495817,0.9643885375318287,-39.90347826900315,14.296059363910047,-21.283262714418505,0.7453957811565546,0.2019260969664192,0.6353038491918005
680673.6617854999,12,0.8,0.691012508125352,-0.33657368404183585,680673.6592829999-0 680673.664288-1,11.000679193070942,24.74688798199328,22.816249225930452,20.254332717381516,14.236898573038271,-21.804194931035774,-0.19757229768988058,0.1758406547495817,0.9643885375318287,-39.90347826900315,14.296059363910047,-21.283262714418505,0.7458951341750699,0.20175959724796766,0.634770441760084
680673.6663589999,12,0.8,0.6796741305369565,-0.36103390640542754,680673.66843-0 680673.664288-1,10.258247009268938,25.255412611921006,22.058539281846983,20.254332717381516,14.236898573038271,-21.804194931035774,-0.2155997302071657,0.19891692738414885,0.9560067009883595,-39.90347826900315,14.296059363910047,-21.283262714418505,0.7458951341750699,0.20175959724796766,0.634770441760084
680673.6704104999,12,0.8,0.6799267054153717,-0.3606876944784638,680673.66843-0 680673.672391-1,10.263267397694257,25.222514852662105,22.044782663334395,20.254332717381516,14.236898573038271,-21.804194931035774,-0.2155997302071657,0.19891692738414885,0.9560067009883595,-39.90347826900315,14.296059363910047,-21.283262714418505,0.7461054018067627,0.20070807728579598,0.6348566744604709
680673.6764445,12,0.852596640586853,0.607764644248294,-0.47285533659989487,680673.680498-0 680673.672391-1,5.752983378665919,26.384627055730004,17.624941289962432,20.254332717381516,14.236898573038271,-21.804194931035774,-0.3315864902886697,0.27461468933396793,0.9025725299719963,-39.90347826900315,14.296059363910047,-21.283262714418505,0.7461054018067627,0.20070807728579598,0.6348566744604709
680673.6804965,12,0.852596640586853,0.6078175660652645,-0.4726935566842896,680673.680498-0 680673.680495-1,5.754031675024528,26.3724148095993,17.625688226608702,20.254332717381516,14.236898573038271,-21.804194931035774,-0.3315864902886697,0.27461468933396793,0.9025725299719963,-39.90347826900315,14.296059363910047,-21.283262714418505,0.7461376966512836,0.20025283842400998,0.6349624700240516
680673.6846365,12,0.852596640586853,0.6077973137504312,-0.47284835887488885,680673.680498-0 680673.6887749999-1,5.754023831147269,26.381575021573656,17.62280491482812,20.254332717381516,14.236898573038271,-21.804194931035774,-0.3315864902886697,0.27461468933396793,0.9025725299719963,-39.90347826900315,14.296059363910047,-21.283262714418505,0.7461370667943503,0.20061212528535874,0.6348497875434903
680673.6887695,12,0.8,0.6792709119872069,-0.3621311845924775,680673.688764-0 680673.6887749999-1,10.219605875881047,25.249485231317447,21.99618315649032,20.254332717381516,14.236898573038271,-21.804194931035774,-0.21668937681747896,0.20030596645208273,0.9554701637299564,-39.90347826900315,14.296059363910047,-21.283262714418505,0.7461370667943503,0.20061212528535874,0.6348497875434903
680673.6934115,13,0.8,0.6816788765845675,-0.3593035449016315,680673.698048-0 680673.6887749999-1,10.412727838338986,25.306662359594384,22.160077420560732,20.254332717381516,14.236898573038271,-21.804194931035774,-0.21193633899496103,0.20110823877867468,0.9563673271859262,-39.90347826900315,14.296059363910047,-21.283262714418505,0.7461370667943503,0.20061212528535874,0.6348497875434903
680673.6971845,13,0.8,0.6814652877587513,-0.3609307526143479,680673.698048-0 680673.696321-1,10.412761844398629,25.386837696665363,22.135531403028487,20.254332717381516,14.236898573038271,-21.804194931035774,-0.21193633899496103,0.20110823877867468,0.9563673271859262,-39.90347826900315,14.296059363910047,-21.283262714418505,0.7461110332972626,0.2035267237409927,0.6339520476466249
680673.701469,13,0.8,0.6817956699324104,-0.3615906994971534,680673.698048-0 680673.7048899999-1,10.422802666006097,25.38720157964718,22.087103610208146,20.254332717381516,14.236898573038271,-21.804194931035774,-0.21193633899496103,0.20110823877867468,0.9563673271859262,-39.90347826900315,14.296059363910047,-21.283262714418505,0.7465134070489249,0.20384165692738587,0.6333769114810742
680673.7060054999,13,0.9024406969547272,0.6011086524657804,-0.48461282218063984,680673.707121-0 680673.7048899999-1,5.390220124889412,26.605814056379327,17.164403806439783,20.254332717381516,14.236898573038271,-21.804194931035774,-0.3416807816753586,0.2833686622528944,0.8960783697237207,-39.90347826900315,14.296059363910047,-21.283262714418505,0.7465134070489249,0.20384165692738587,0.6333769114810742
680673.709873,13,0.9024406969547272,0.600888055938563,-0.484910487469876,680673.707121-0 680673.712625-1,5.384066676706253,26.63924075994781,17.171329735392693,20.254332717381516,14.236898573038271,-21.804194931035774,-0.3416807816753586,0.2833686622528944,0.8960783697237207,-39.90347826900315,14.296059363910047,-21.283262714418505,0.7463291167289025,0.2050216944594084,0.6332131981597108
680673.71398,13,0.8,0.677741269431648,-0.3726992333656476,680673.715335-0 680673.712625-1,10.210835184158626,25.771078636550598,21.832694388240583,20.228811502202365,14.201814625596935,-22.255020050853716,-0.21443813468688244,0.21364103842615975,0.9530864562526333,-39.90347826900315,14.296059363910047,-21.283262714418505,0.7463291167289025,0.2050216944594084,0.6332131981597108
680673.717867,13,0.8,0.6770093613068917,-0.3730977487156879,680673.715335-0 680673.720399-1,10.193835093084884,25.843984430151956,21.887876254148708,20.228811502202365,14.201814625596935,-22.255020050853716,-0.21443813468688244,0.21364103842615975,0.9530864562526333,-39.91093619708413,14.26239000161371,-21.338652256026855,0.7452256141255335,0.20754665924222576,0.6336901200812689
680673.7225825,13,0.888807624578476,0.5958240251883704,-0.4899573164293807,680673.7247659999-0 680673.720399-1,5.110201196253888,26.695707086898892,16.977578654475128,20.228811502202365,14.201814625596935,-22.255020050853716,-0.3446793034281245,0.2831069709968208,0.8950120785560987,-39.91093619708413,14.26239000161371,-21.338652256026855,0.7452256141255335,0.20754665924222576,0.6336901200812689
680673.7265555,14,0.888807624578476,0.5938970041880911,-0.48778130548621323,680673.7247659999-0 680673.728345-1,5.035483705447576,26.75350698483058,17.172784327317327,20.228811502202365,14.201814625596935,-22.255020050853716,-0.3446793034281245,0.2831069709968208,0.8950120785560987,-39.91093619708413,14.26239000161371,-21.338652256026855,0.7430009708319505,0.20813897492655847,0.6361035485353783
680673.72915,14,0.5581609579394533,0.5756271632728127,-0.2337815885251322,680673.72915-0,50.11364646739457,237.4107295571389,303.57642710310284,25.6139133794817,294.83767870004516,-192.51016673990668,0.04899946617582572,-0.11485389828581255,0.992173187686019,,,,,,
680673.733921,14,0.8906368017196655,0.5924507856443088,-0.48572912111794087,680673.739497-0 680673.728345-1,4.92467813442513,26.49303179781768,17.148376453257832,20.228811502202365,14.201814625596935,-22.255020050853716,-0.34762281817321833,0.2737517834843085,0.8967822128724843,-39.91093619708413,14.26239000161371,-21.338652256026855,0.7430009708319505,0.20813897492655847,0.6361035485353783
680673.7388315,14,0.8906368017196655,0.5865740445642977,-0.4751969111201655,680673.739497-0 680673.738166-1,4.679228978326233,26.477339507666667,17.849488698417833,20.228811502202365,14.201814625596935,-22.255020050853716,-0.34762281817321833,0.2737517834843085,0.8967822128724843,-39.91093619708413,14.26239000161371,-21.338652256026855,0.7357246636587202,0.20222271480123372,0.6463862567402574
680673.7428049999,14,0.8906368017196655,0.5827445571773521,-0.4685405222281247,680673.739497-0 680673.746113-1,4.518138376374452,26.483328462813827,18.30317817025777,20.228811502202365,14.201814625596935,-22.255020050853716,-0.34762281817321833,0.2737517834843085,0.8967822128724843,-39.91093619708413,14.26239000161371,-21.338652256026855,0.730932062372639,0.19904263506842976,0.6527789439164658
680673.745265,14,0.5633382574572092,0.5542317220524229,-0.19985018882097672,680673.745265-0,35.41706152821445,216.60572308757776,301.23436174362286,25.6139133794817,294.83767870004516,-192.51016673990668,0.01960629629746542,-0.1564639112249348,0.987489056967059,,,,,,
680673.751899,14,0.8642374873161316,0.5759634324062521,-0.4736851937365001,680673.757685-0 680673.746113-1,4.1219056407729475,26.325404816059077,17.96444801333217,20.228811502202365,14.201814625596935,-22.255020050853716,-0.3580219741851347,0.2706767884844966,0.8936186782830233,-39.91093619708413,14.26239000161371,-21.338652256026855,0.730932062372639,0.19904263506842976,0.6527789439164658
680673.755136,14,0.8642374873161316,0.5784878239367798,-0.4772310390828438,680673.757685-0 680673.752587-1,4.226277789714729,26.28069902883555,17.69325878542878,20.228811502202365,14.201814625596935,-22.255020050853716,-0.3580219741851347,0.2706767884844966,0.8936186782830233,-39.91093619708413,14.26239000161371,-21.338652256026855,0.7339900797264155,0.19942168011169872,0.6492222703856033
680673.7590059999,15,0.8642374873161316,0.5795972943302776,-0.48017726242711034,680673.757685-0 680673.7603269999-1,4.2768546941020755,26.332242822507084,17.538671372953115,20.228811502202365,14.201814625596935,-22.255020050853716,-0.3580219741851347,0.2706767884844966,0.8936186782830233,-39.91093619708413,14.26239000161371,-21.338652256026855,0.7354673863679208,0.20247388503930183,0.6466003784921807
680673.762065,15,0.5276273091410542,0.5554823094520254,-0.2222011491509126,680673.762065-0,37.03036876854033,229.4897107321433,303.0696024484811,25.6139133794817,294.83767870004516,-192.51016673990668,0.02283291077811725,-0.13069593593580378,0.9911595383767755,,,,,,
680673.7650395,15,0.9082291722297668,0.5581690930649106,-0.5045468756252294,680673.769752-0 680673.7603269999-1,3.1289888337546667,26.459385339205213,16.391016883362663,20.228811502202365,14.201814625596935,-22.255020050853716,-0.38863078603595147,0.2845058478592266,0.8763689489472918,-39.91093619708413,14.26239000161371,-21.338652256026855,0.7354673863679208,0.20247388503930183,0.6466003784921807
680673.7690534999,15,0.9082291722297668,0.558682377399041,-0.5056403070098174,680673.769752-0 680673.768355-1,3.152051268906005,26.471439168159975,16.329703518452604,20.228811502202365,14.201814625596935,-22.255020050853716,-0.38863078603595147,0.2845058478592266,0.8763689489472918,-39.91093619708413,14.26239000161371,-21.338652256026855,0.7361138206533826,0.20340436040223764,0.6455719241203387
680673.7730775,15,0.9082291722297668,0.5570503717745051,-0.5053100903969019,680673.769752-0 680673.776403-1,3.088166197800504,26.604807563783826,16.44562365737267,20.228811502202365,14.201814625596935,-22.255020050853716,-0.38863078603595147,0.2845058478592266,0.8763689489472918,-39.91093619708413,14.26239000161371,-21.338652256026855,0.734321730302541,0.20747381150821106,0.64631742506584
680673.7771294999,15,0.9236982464790344,0.5463863890888571,-0.5172492523501402,680673.777856-0 680673.776403-1,2.5350585598171165,26.688899851056117,15.87923277782009,20.228811502202365,14.201814625596935,-22.255020050853716,-0.40348240612796604,0.29222784875955615,0.8670667980925973,-39.91093619708413,14.26239000161371,-21.338652256026855,0.734321730302541,0.20747381150821106,0.64631742506584
680673.7811425,15,0.9236982464790344,0.5478975152551795,-0.5191820530119995,680673.777856-0 680673.784429-1,2.6003586375839465,26.652621240378767,15.735267101324261,20.228811502202365,14.201814625596935,-22.255020050853716,-0.40348240612796604,0.29222784875955615,0.8670667980925973,-39.91093619708413,14.26239000161371,-21.338652256026855,0.7361183721733365,0.20726590081286625,0.6443373250938581
680673.7844465,15,0.9053294658660889,0.5345773630539192,-0.5328740248383124,680673.784464-0 680673.784429-1,1.922945091253828,26.692351094229863,15.062679787415401,20.228811502202365,14.201814625596935,-22.255020050853716,-0.42179168242797455,0.29920697090735204,0.855901259021755,-39.91093619708413,14.26239000161371,-21.338652256026855,0.7361183721733365,0.20726590081286625,0.6443373250938581
680673.78839,15,0.9053294658660889,0.5341257015719684,-0.5333697604410839,680673.784464-0 680673.792316-1,1.905295308706748,26.765192086015283,15.078440349009583,20.228811502202365,14.201814625596935,-22.255020050853716,-0.42179168242797455,0.29920697090735204,0.855901259021755,-39.91093619708413,14.26239000161371,-21.338652256026855,0.735645246992093,0.20990372254904885,0.6440236780103621
680673.792316,16,0.8982148766517639,0.5357477213946004,-0.5327206429450058,680673.792316-0 680673.792316-1,1.989646791412797,26.82461189029837,15.13984458481087,20.228811502202365,14.201814625596935,-22.255020050853716,-0.4195165499442435,0.30094150068122216,0.8564111614701275,-39.91093619708413,14.26239000161371,-21.338652256026855,0.735645246992093,0.20990372254904885,0.6440236780103621
680673.796332,16,0.8982148766517639,0.535230507483442,-0.5323621485184635,680673.792316-0 680673.800348-1,1.967526551357917,26.855413084301134,15.180002744500225,20.228811502202365,14.201814625596935,-22.255020050853716,-0.4195165499442435,0.30094150068122216,0.8564111614701275,-39.91093619708413,14.26239000161371,-21.338652256026855,0.7350486567186928,0.21073911740021492,0.6444319177798565
680673.8003380001,16,0.9090472459793091,0.5228379727728487,-0.5453444077524074,680673.800328-0 680673.800348-1,1.3483361294248954,26.911726672106397,14.55256250038991,20.228811502202365,14.201814625596935,-22.255020050853716,-0.43629099135747973,0.30825331608438156,0.8453579502100218,-39.91093619708413,14.26239000161371,-21.338652256026855,0.7350486567186928,0.21073911740021492,0.6444319177798565
680673.8043559999,16,0.8714224398136139,0.5226561133985174,-0.5473044344091047,680673.8083639999-0 680673.800348-1,1.3420878418065794,27.019073727617155,14.506521363638804,20.228811502202365,14.201814625596935,-22.255020050853716,-0.43647748410466247,0.3126997377378556,0.8436268605777913,-39.91093619708413,14.26239000161371,-21.338652256026855,0.7350486567186928,0.21073911740021492,0.6444319177798565
680673.8086305,16,0.8714224398136139,0.5238456262640361,-0.5503155288128658,680673.8083639999-0 680673.808897-1,1.3974373210431388,27.067654571049648,14.369462369926286,20.228811502202365,14.201814625596935,-22.255020050853716,-0.43647748410466247,0.3126997377378556,0.8436268605777913,-39.91093619708413,14.26239000161371,-21.338652256026855,0.7365195484979674,0.21375928223796736,0.6417522293981215
680673.8127705001,16,0.8852740526199341,0.524874628710446,-0.5504057652223682,680673.816644-0 680673.808897-1,1.4504092275087324,27.134120586534976,14.396442188559131,20.228811502202365,14.201814625596935,-22.255020050853716,-0.4350490410778724,0.3149885814211091,0.8435132040647264,-39.91093619708413,14.26239000161371,-21.338652256026855,0.7365195484979674,0.21375928223796736,0.6417522293981215
680673.816523,16,0.8852740526199341,0.5243844611219179,-0.5510875073509807,680673.816644-0 680673.816402-1,1.4303807540574844,27.223126374108652,14.409514349165473,20.228811502202365,14.201814625596935,-22.255020050853716,-0.4350490410778724,0.3149885814211091,0.8435132040647264,-39.91093619708413,14.26239000161371,-21.338652256026855,0.7359926556140927,0.21703828153754046,0.6412559514182671
680673.8204895,16,0.8852740526199341,0.5255187247647365,-0.5540955481268459,680673.816644-0 680673.824335-1,1.4832915893742928,27.27412858833224,14.275541184749045,20.228811502202365,14.201814625596935,-22.255020050853716,-0.4350490410778724,0.3149885814211091,0.8435132040647264,-39.91093619708413,14.26239000161371,-21.338652256026855,0.7373983390518654,0.2201346223860208,0.6385800165919023
680673.828379,17,0.5049660621757568,0.5582906074204697,-0.21623378756469136,680673.828379-0,38.51656017550095,226.14211983577073,302.58017036836515,25.6139133794817,294.83767870004516,-192.51016673990668,0.025805293592038526,-0.1373911177285489,0.9901806742165435,,,,,,
680673.8314105,17,0.8942007124423981,0.5260910564619135,-0.5564398436625178,680673.838486-0 680673.824335-1,1.5167347207878503,27.446759816554664,14.24254196099406,20.228811502202365,14.201814625596935,-22.255020050853716,-0.43416542726042395,0.32178947981210293,0.8413987832496727,-39.91093619708413,14.26239000161371,-21.338652256026855,0.7373983390518654,0.2201346223860208,0.6385800165919023
680673.8354354999,17,0.8942007124423981,0.5255034213591141,-0.5569183002267171,680673.838486-0 680673.832385-1,1.4921933954773579,27.534227610203178,14.265357520703645,20.228811502202365,14.201814625596935,-22.255020050853716,-0.43416542726042395,0.32178947981210293,0.8413987832496727,-39.91093619708413,14.26239000161371,-21.338652256026855,0.7367507649851504,0.22325506756125077,0.6382440638987699
680673.839529,17,0.8942007124423981,0.5263500047235053,-0.5595802414496542,680673.838486-0 680673.840572-1,1.532266276755422,27.59183573256888,14.156038590230914,20.228811502202365,14.201814625596935,-22.255020050853716,-0.43416542726042395,0.32178947981210293,0.8413987832496727,-39.91093619708413,14.26239000161371,-21.338652256026855,0.7378160746911288,0.2264021405042268,0.6359005509531181
680673.8426409999,17,0.9303290247917175,0.5138363189454533,-0.57165357768969,680673.84471-0 680673.840572-1,0.9093213041606116,27.532622443777296,13.567574772110735,20.228811502202365,14.201814625596935,-22.255020050853716,-0.4511148053107968,0.3246675313693633,0.8313160809847991,-39.91093619708413,14.26239000161371,-21.338652256026855,0.7378160746911288,0.2264021405042268,0.6359005509531181
680673.846588,17,0.9303290247917175,0.5137185661076169,-0.5734903579942736,680673.84471-0 680673.8484659999-1,0.905441968197108,27.642531161150444,13.535183767717356,20.228811502202365,14.201814625596935,-22.255020050853716,-0.4511148053107968,0.3246675313693633,0.8313160809847991,-39.91093619708413,14.26239000161371,-21.338652256026855,0.7377179088075347,0.2308938804766444,0.6343975906189074
680673.8504315,17,0.8953350484371185,0.5150188928371909,-0.5736765895254412,680673.852397-0 680673.8484659999-1,0.9707476531228991,27.727931257788065,13.565717966613736,20.228811502202365,14.201814625596935,-22.255020050853716,-0.44934827563982616,0.3276395879479672,0.831106748612235,-39.91093619708413,14.26239000161371,-21.338652256026855,0.7377179088075347,0.2308938804766444,0.6343975906189074
680673.8543624999,17,0.8953350484371185,0.5151147385446778,-0.5748006793344098,680673.852397-0 680673.856328-1,0.975879581427618,27.776605798766937,13.536570934056446,20.228811502202365,14.201814625596935,-22.255020050853716,-0.44934827563982616,0.3276395879479672,0.831106748612235,-39.91093619708413,14.26239000161371,-21.338652256026855,0.737852882639279,0.23301193081034877,0.6334655189360663
680673.8582695,18,0.8724421262741089,0.5148777419872276,-0.5764819213707002,680673.860211-0 680673.856328-1,0.9653125625161234,27.85282382280322,13.495756743610848,20.228811502202365,14.201814625596935,-22.255020050853716,-0.4496472516881762,0.3308864163541461,0.8296574766260956,-39.91093619708413,14.26239000161371,-21.338652256026855,0.737852882639279,0.23301193081034877,0.6334655189360663
680673.8622715,18,0.8724421262741089,0.5150591983712918,-0.5785880560611061,680673.860211-0 680673.864332-1,0.9749511755429161,27.942089333876822,13.441309656201923,20.228811502202365,14.201814625596935,-22.255020050853716,-0.4496472516881762,0.3308864163541461,0.8296574766260956,-39.91093619708413,14.26239000161371,-21.338652256026855,0.7381059044446676,0.23690440917612302,0.6317246035550865
680673.8662960001,18,0.9254641532897949,0.5034608921718708,-0.5918708243642863,680673.86826-0 680673.864332-1,0.4073792461032646,27.952726230246505,12.876824937528479,20.228811502202365,14.201814625596935,-22.255020050853716,-0.46512242267427295,0.336327109404969,0.8188682478915109,-39.91093619708413,14.26239000161371,-21.338652256026855,0.7381059044446676,0.23690440917612302,0.6317246035550865
680673.870317,18,0.9254641532897949,0.5051891248745497,-0.5965870909650106,680673.86826-0 680673.872374-1,0.4878090453291364,27.99118168733307,12.697720003650016,20.228811502202365,14.201814625596935,-22.255020050853716,-0.46512242267427295,0.336327109404969,0.8188682478915109,-39.91093619708413,14.26239000161371,-21.338652256026855,0.7401718422881886,0.24004146898578657,0.6281128378331832
680673.8743055,18,0.8601840436458588,0.5068272379830164,-0.596890027756386,680673.876237-0 680673.872374-1,0.5677494248441324,28.097503805745166,12.732156067234328,20.228811502202365,14.201814625596935,-22.255020050853716,-0.462954619520959,0.3400698670389468,0.8185508571837895,-39.91093619708413,14.26239000161371,-21.338652256026855,0.7401718422881886,0.24004146898578657,0.6281128378331832
680673.8783105,18,0.8601840436458588,0.5056708829326862,-0.5967228856234092,680673.876237-0 680673.880384-1,0.5147801212354288,28.216833827993455,12.794111233071337,20.228811502202365,14.201814625596935,-22.255020050853716,-0.462954619520959,0.3400698670389468,0.8185508571837895,-39.91093619708413,14.26239000161371,-21.338652256026855,0.7388116223259208,0.24402081386337401,0.628180888850972
680673.8823185,18,0.8671000301837921,0.5046504391260227,-0.5989173183004286,680673.884253-0 680673.880384-1,0.46531418655933976,28.26247954733054,12.726019228125665,20.228811502202365,14.201814625596935,-22.255020050853716,-0.464311588187333,0.3424216852889951,0.8167999378787931,-39.91093619708413,14.26239000161371,-21.338652256026855,0.7388116223259208,0.24402081386337401,0.628180888850972
680673.8864865,18,0.8671000301837921,0.5043625626472622,-0.5996544638835941,680673.884253-0 680673.8887199999-1,0.452160918390085,28.329161960262965,12.726390115840221,20.228811502202365,14.201814625596935,-22.255020050853716,-0.464311588187333,0.3424216852889951,0.8167999378787931,-39.91093619708413,14.26239000161371,-21.338652256026855,0.7384743461217829,0.24655995036994954,0.6275857160528537
680673.8904975,18,0.8598586916923523,0.5054260068215819,-0.5991353987264889,680673.892275-0 680673.8887199999-1,0.5042087739951864,28.365139474072276,12.762790778857635,20.228811502202365,14.201814625596935,-22.255020050853716,-0.4628970818718327,0.3434519104530145,0.8171701639198019,-39.91093619708413,14.26239000161371,-21.338652256026855,0.7384743461217829,0.24655995036994954,0.6275857160528537
680673.8943119999,19,0.8598586916923523,0.507216026912934,-0.6048123710958331,680673.892275-0 680673.8963489999-1,0.5878068449751375,28.429553322769017,12.563838332302701,20.228811502202365,14.201814625596935,-22.255020050853716,-0.4628970818718327,0.3434519104530145,0.8171701639198019,-39.91093619708413,14.26239000161371,-21.338652256026855,0.740622868187198,0.25090246401465227,0.6233183140816131
680673.8983034999,19,0.9048378467559814,0.4960165638037604,-0.6150225676107337,680673.900258-0 680673.8963489999-1,0.04834292543382901,28.25260087783711,12.107279010840074,20.228811502202365,14.201814625596935,-22.255020050853716,-0.4776178122660746,0.340896629560266,0.8097349648870421,-39.91093619708413,14.26239000161371,-21.338652256026855,0.740622868187198,0.25090246401465227,0.6233183140816131
680673.9027755,19,0.9048378467559814,0.4956609212900669,-0.6172559271793696,680673.900258-0 680673.9052929999-1,0.031343961661898234,28.388436670248375,12.084842542461484,20.228811502202365,14.201814625596935,-22.255020050853716,-0.4776178122660746,0.340896629560266,0.8097349648870421,-39.91093619708413,14.26239000161371,-21.338652256026855,0.7401881263113422,0.25632563932716684,0.6216258555523763
680673.9071064999,19,0.8802869021892548,0.4967649946998421,-0.6178884298776792,680673.90892-0 680673.9052929999-1,0.08375651496420566,28.47603140949242,12.099463771506144,20.228811502202365,14.201814625596935,-22.255020050853716,-0.4761970931624515,0.34410990131948754,0.8092123975060711,-39.91093619708413,14.26239000161371,-21.338652256026855,0.7401881263113422,0.25632563932716684,0.6216258555523763
680673.9112714999,19,0.8802869021892548,0.4961751507248039,-0.618011745245528,680673.90892-0 680673.913623-1,0.05587057782038585,28.547294604253366,12.125327800695832,20.228811502202365,14.201814625596935,-22.255020050853716,-0.4761970931624515,0.34410990131948754,0.8092123975060711,-39.91093619708413,14.26239000161371,-21.338652256026855,0.7394782127557081,0.25879771189460626,0.6214464716914403
680673.9149130001,19,0.8914028108119965,0.496093727647324,-0.6209145737568222,680673.916203-0 680673.913623-1,0.05168766684280257,28.663513936007924,12.071294093014114,20.228811502202365,14.201814625596935,-22.255020050853716,-0.4763259465619965,0.349039734171103,0.8070222156803266,-39.91093619708413,14.26239000161371,-21.338652256026855,0.7394782127557081,0.25879771189460626,0.6214464716914403
680673.9183690001,19,0.8914028108119965,0.4948863039512662,-0.6204041429433342,680673.916203-0 680673.920535-1,-0.005809488578123023,28.778382703656753,12.137694966241057,20.228811502202365,14.201814625596935,-22.255020050853716,-0.4763259465619965,0.349039734171103,0.8070222156803266,-39.91093619708413,14.26239000161371,-21.338652256026855,0.7380148509678757,0.2625216672381545,0.6216240455302255
680673.9224085,19,0.8718691170215607,0.49304400176487545,-0.6232599675479662,680673.9242819999-0 680673.920535-1,-0.09417024161199272,28.793274748127942,12.043146676243076,20.228811502202365,14.201814625596935,-22.255020050853716,-0.47873618759261594,0.3504938525060286,0.8049631805522348,-39.91093619708413,14.26239000161371,-21.338652256026855,0.7380148509678757,0.2625216672381545,0.6216240455302255
680673.926318,20,0.8718691170215607,0.49163382237070274,-0.62375278499769,680673.9242819999-0 680673.928354-1,-0.16253550518971238,28.97434146704596,12.101225975426267,20.228811502202365,14.201814625596935,-22.255020050853716,-0.47873618759261594,0.3504938525060286,0.8049631805522348,-39.91093619708413,14.26239000161371,-21.338652256026855,0.7362726511150858,0.2688186540952306,0.6209984818261571
680673.9322159999,20,0.28141544954327585,0.7876377755155789,-0.2134611787015559,680673.9322159999-0,193.52243269138432,245.97642617392722,275.9119795598422,25.6139133794817,294.83767870004516,-192.51016673990668,0.33581703862380524,-0.0977225050522359,0.9368442925994978,,,,,,
680673.935067,20,0.8945116996765137,0.4965407643889308,-0.6221826579843686,680673.94178-0 680673.928354-1,0.07406377574857537,29.18578624610696,12.245917443431157,20.228811502202365,14.201814625596935,-22.255020050853716,-0.4723223716631577,0.357085203313573,0.8058546610903197,-39.91093619708413,14.26239000161371,-21.338652256026855,0.7362726511150858,0.2688186540952306,0.6209984818261571
680673.939114,20,0.8945116996765137,0.49634338195700767,-0.6231585669517907,680673.94178-0 680673.936448-1,0.064448095449114,29.2488153358953,12.237675827538549,20.228811502202365,14.201814625596935,-22.255020050853716,-0.4723223716631577,0.357085203313573,0.8058546610903197,-39.91093619708413,14.26239000161371,-21.338652256026855,0.7360241838565931,0.27126944051724067,0.6202268064343069
680673.943101,20,0.8945116996765137,0.49529997626183747,-0.6223201420411815,680673.94178-0 680673.944422-1,0.013980187335883798,29.333622707797176,12.302989001630287,20.228811502202365,14.201814625596935,-22.255020050853716,-0.4723223716631577,0.357085203313573,0.8058546610903197,-39.91093619708413,14.26239000161371,-21.338652256026855,0.7347308643349668,0.27380192332538095,0.6206472941831898
680673.950583,20,0.29602132111815455,0.7773690680795615,-0.20277708759453783,680673.950583-0,183.44640589794295,237.73215797498352,278.4758880516651,25.6139133794817,294.83767870004516,-192.51016673990668,0.3156649850369225,-0.11421104145012324,0.9419721095831435,,,,,,
680673.9522895,20,0.8932954967021942,0.49411598592784384,-0.6269997670146403,680673.960157-0 680673.944422-1,-0.04430701766778533,29.456446930828974,12.189124761117846,20.228811502202365,14.201814625596935,-22.255020050853716,-0.4739208326021012,0.36278418894403913,0.8023631825289259,-39.91093619708413,14.26239000161371,-21.338652256026855,0.7347308643349668,0.27380192332538095,0.6206472941831898
680673.9583284999,21,0.8932954967021942,0.4934510265182285,-0.6268623673640277,680673.960157-0 680673.9565-1,-0.07686511387234951,29.527837551942724,12.22333043999917,20.228811502202365,14.201814625596935,-22.255020050853716,-0.4739208326021012,0.36278418894403913,0.8023631825289259,-39.91093619708413,14.26239000161371,-21.338652256026855,0.7338965108082396,0.2761292067042324,0.6206033939871605
680673.9622035,21,0.8932954967021942,0.4922056796028344,-0.6262388912883461,680673.960157-0 680673.96425-1,-0.13821572803438187,29.64719979336308,12.294294474832665,20.228811502202365,14.201814625596935,-22.255020050853716,-0.4739208326021012,0.36278418894403913,0.8023631825289259,-39.91093619708413,14.26239000161371,-21.338652256026855,0.7323226350661544,0.2798677122753327,0.6207879040344906
680673.9653525,21,0.8646894693374634,0.4937134463642301,-0.6251578527567074,680673.966455-0 680673.96425-1,-0.06427480237775285,29.6897738207129,12.350513657888325,20.228811502202365,14.201814625596935,-22.255020050853716,-0.4719206406555986,0.3638163349498958,0.8030744569134511,-39.91093619708413,14.26239000161371,-21.338652256026855,0.7323226350661544,0.2798677122753327,0.6207879040344906
680673.969853,21,0.8646894693374634,0.4943610561070383,-0.6281004418322416,680673.966455-0 680673.9732509999-1,-0.03279466310307022,29.733868085868068,12.265506094095063,20.228811502202365,14.201814625596935,-22.255020050853716,-0.4719206406555986,0.3638163349498958,0.8030744569134511,-39.91093619708413,14.26239000161371,-21.338652256026855,0.7331247803878864,0.282362074806001,0.6187081016864606
680673.9731909999,21,0.8516898453235626,0.495247177378634,-0.629130456202613,680673.973131-0 680673.9732509999-1,0.010599884775174928,29.826133117029215,12.267835178313955,20.228811502202365,14.201814625596935,-22.255020050853716,-0.47075282397993834,0.36721936319393506,0.8022105197579709,-39.91093619708413,14.26239000161371,-21.338652256026855,0.7331247803878864,0.282362074806001,0.6187081016864606
680673.9767934999,21,0.8907107412815094,0.4935139740410646,-0.6311530806786152,680673.980336-0 680673.9732509999-1,-0.07477872270556851,29.806269137074473,12.189828587812425,20.228811502202365,14.201814625596935,-22.255020050853716,-0.47306750001160897,0.3672533434889426,0.8008321435413034,-39.91093619708413,14.26239000161371,-21.338652256026855,0.7331247803878864,0.282362074806001,0.6187081016864606
680673.980336,21,0.8907107412815094,0.49226427044858656,-0.6301550172221302,680673.980336-0 680673.980336-1,-0.13659600856496645,29.912595383964945,12.26734435304817,20.228811502202365,14.201814625596935,-22.255020050853716,-0.47306750001160897,0.3672533434889426,0.8008321435413034,-39.91093619708413,14.26239000161371,-21.338652256026855,0.7315369737932446,0.2855172557740726,0.6191393644638213
680673.985238,21,0.8907107412815094,0.4860208053807824,-0.6110003817213179,680673.980336-0 680673.99014-1,-0.4487305921327742,29.840069460829028,12.939349075867902,20.228811502202365,14.201814625596935,-22.255020050853716,-0.47306750001160897,0.3672533434889426,0.8008321435413034,-39.91093619708413,14.26239000161371,-21.338652256026855,0.7235257016345802,0.27607129022345234,0.6326888664964374
680673.990032,21,0.8556187748908997,0.4808927633121415,-0.6077847655377322,680673.989924-0 680673.99014-1,-0.6970138386157405,29.4087925178111,12.872958756007417,20.228811502202365,14.201814625596935,-22.255020050853716,-0.4796938424465617,0.35196738909845376,0.8037491987741391,-39.91093619708413,14.26239000161371,-21.338652256026855,0.7235257016345802,0.27607129022345234,0.6326888664964374
680673.99014,21,1.0,0.7015072808883276,-0.39919537086789614,680673.99014-1,106.50392068824303,245.6273985446748,186.32084898995262,,,,,,,9.952292006252597,100.91008680912347,-282.43781245844167,0.19310325736398082,0.2894346234711027,0.9375173228967886
680673.996453,22,0.99,0.6819758742775276,-0.36299513426292673,680673.996453-1,92.27525801549847,224.93234093310548,194.88954874081648,,,,,,,9.952292006252597,100.91008680912347,-282.43781245844167,0.16464593201849168,0.24804450824796398,0.9546547223985162
680673.996591,22,0.2961827588393416,0.7819877551632123,-0.24620941561143983,680673.996591-0,196.10461125007663,266.7480239830334,276.68477487549114,25.6139133794817,294.83767870004516,-192.51016673990668,0.34098139574118985,-0.05617930943402353,0.9383898832307956,,,,,,
680674.007684,22,0.2741926819510485,0.7933226646125233,-0.19746506163614996,680674.007684-0,194.5557377231191,236.7152589952733,274.4806729080525,25.6139133794817,294.83767870004516,-192.51016673990668,0.3378836486872748,-0.11624483940954373,0.9339816792959182,,,,,,
680674.0110825,22,0.9495130174511579,0.5662833570377869,-0.28502679673984743,680674.0168389999-0 680674.005326-1,3.300457046895282,19.004929421205535,21.624806017714,20.228811502202365,14.201814625596935,-22.255020050853716,-0.3562684315499014,0.003312297796958781,0.9343777787192272,-39.91093619708413,14.26239000161371,-21.338652256026855,0.7035056687171504,0.17500920184144328,0.6888044376698339
680674.0161075,22,0.9495130174511579,0.557629055991496,-0.2220197899929326,680674.0168389999-0 680674.015376-1,2.9057624119508887,17.390075003001215,22.96372431318546,20.228811502202365,14.201814625596935,-22.255020050853716,-0.3562684315499014,0.003312297796958781,0.9343777787192272,-39.91093619708413,14.26239000161371,-21.338652256026855,0.6926960789341503,0.1128592626475777,0.7123446701308985
680674.019816,22,0.9495130174511579,0.5501614702851325,-0.16131334341143977,680674.0168389999-0 680674.022793-1,2.5600308877660787,15.80215257917106,24.03696180028237,20.228811502202365,14.201814625596935,-22.255020050853716,-0.3562684315499014,0.003312297796958781,0.9343777787192272,-39.91093619708413,14.26239000161371,-21.338652256026855,0.6828704486074323,0.05371181063164762,0.7285622772401505
680674.02699,23,0.18808503432891777,0.6240717998501093,-0.42253581442225574,680674.02699-0,100.47535652609983,380.5905829442403,294.35963489466945,25.6139133794817,294.83767870004516,-192.51016673990668,0.14972288629323627,0.1715058084883903,0.9737396032691523,,,,,,
680674.028513,23,0.99,0.33644416143021705,-0.29602240308682504,680674.034233-0 680674.022793-1,-5.49292421117768,14.547103807286597,15.405344955487092,20.228811502202365,14.201814625596935,-22.255020050853716,-0.5633725846627351,-0.04050113477691412,0.825209663620229,-39.91093619708413,14.26239000161371,-21.338652256026855,0.6828704486074323,0.05371181063164762,0.7285622772401505
680674.032558,23,0.99,0.32049242601932776,-0.23340973550412225,680674.034233-0 680674.030883-1,-6.067888228819278,13.371032249610334,16.289436240260518,20.228811502202365,14.201814625596935,-22.255020050853716,-0.5633725846627351,-0.04050113477691412,0.825209663620229,-39.91093619708413,14.26239000161371,-21.338652256026855,0.6684765094142812,0.005098152729346614,0.7437157825406467
680674.036689,23,0.99,0.30784312100792155,-0.17938451135219746,680674.034233-0 680674.0391449999-1,-6.510980486100884,12.31627367852689,16.91445977024234,20.228811502202365,14.201814625596935,-22.255020050853716,-0.5633725846627351,-0.04050113477691412,0.825209663620229,-39.91093619708413,14.26239000161371,-21.338652256026855,0.6572253482368203,-0.03751915222686048,0.7527596926318304
680674.0413635,23,0.99,0.36153002301097653,-0.1060673203907816,680674.043582-0 680674.0391449999-1,-4.757266905944197,11.15629105819971,18.844784802546606,20.228811502202365,14.201814625596935,-22.255020050853716,-0.5183696733571305,-0.0837259487484592,0.8510480875072759,-39.91093619708413,14.26239000161371,-21.338652256026855,0.6572253482368203,-0.03751915222686048,0.7527596926318304
680674.0462725,23,0.995,0.3545367031205045,-0.06814077261781248,680674.043582-0 680674.048963-1,-5.012021039052447,10.402900163161721,19.2118212884307,20.228811502202365,14.201814625596935,-22.255020050853716,-0.5183696733571305,-0.0837259487484592,0.8510480875072759,-39.91093619708413,14.26239000161371,-21.338652256026855,0.6506256873156038,-0.0662415903669757,0.756503976665524
680674.049566,23,0.9066860973834991,0.38458514157535223,-0.048275779252296536,680674.0501689999-0 680674.048963-1,-4.069828698801279,10.341908868455775,20.31076760199146,20.228811502202365,14.201814625596935,-22.255020050853716,-0.49423508746650474,-0.08343454662470973,0.8653151765377199,-39.91093619708413,14.26239000161371,-21.338652256026855,0.6506256873156038,-0.0662415903669757,0.756503976665524
680674.0531654999,23,0.9066860973834991,0.38018273430695093,-0.016183265884884612,680674.0501689999-0 680674.0561619999-1,-4.211353916866294,9.624688138166473,20.484096768764463,20.228811502202365,14.201814625596935,-22.255020050853716,-0.49423508746650474,-0.08343454662470973,0.8653151765377199,-39.91093619708413,14.26239000161371,-21.338652256026855,0.6468848099896956,-0.09316919641331409,0.7568748532249521
680674.0568154999,23,0.9214809834957123,0.4255005818570508,0.04550922016136727,680674.057469-0 680674.0561619999-1,-2.658913976441532,8.728134051969395,22.226885336728518,20.228811502202365,14.201814625596935,-22.255020050853716,-0.4548189114913774,-0.11170191977089879,0.8835510391988082,-39.91093619708413,14.26239000161371,-21.338652256026855,0.6468848099896956,-0.09316919641331409,0.7568748532249521
680674.0597,24,0.9214809834957123,0.4333853945892806,0.04258286826128721,680674.057469-0 680674.061931-1,-2.2690864395273636,8.46976757768209,21.42169701353691,20.228811502202365,14.201814625596935,-22.255020050853716,-0.4548189114913774,-0.11170191977089879,0.8835510391988082,-39.91093619708413,14.26239000161371,-21.338652256026855,0.6573458453525199,-0.10534020292740676,0.7461902446728942
680674.063349,24,0.9062625467777252,0.48454658234216,0.08932266969707581,680674.064767-0 680674.061931-1,-0.3993242161739463,8.064478083552565,23.530853544416235,20.228811502202365,14.201814625596935,-22.255020050853716,-0.4077286494062715,-0.11908466355703598,0.905304474394579,-39.91093619708413,14.26239000161371,-21.338652256026855,0.6573458453525199,-0.10534020292740676,0.7461902446728942
680674.067211,24,0.9062625467777252,0.49356534622591025,0.06952943351533969,680674.064767-0 680674.069655-1,-0.03824381628663609,8.27506140339222,22.744109761288563,20.228811502202365,14.201814625596935,-22.255020050853716,-0.4077286494062715,-0.11908466355703598,0.905304474394579,-39.91093619708413,14.26239000161371,-21.338652256026855,0.6674271031184813,-0.10037040564161659,0.7378799656408956
680674.0704389999,24,0.8716406524181366,0.49515122833174213,0.06383500916443263,680674.071223-0 680674.069655-1,0.023446936606159596,8.448959592075576,22.835278546771793,20.228811502202365,14.201814625596935,-22.255020050853716,-0.4061735362891003,-0.11243950680652573,0.9068519260207325,-39.91093619708413,14.26239000161371,-21.338652256026855,0.6674271031184813,-0.10037040564161659,0.7378799656408956
680674.0739655,24,0.8716406524181366,0.5005522639396809,0.05582130156253007,680674.071223-0 680674.076708-1,0.2301852537834339,8.472158188613344,22.368918838564547,20.228811502202365,14.201814625596935,-22.255020050853716,-0.4061735362891003,-0.11243950680652573,0.9068519260207325,-39.91093619708413,14.26239000161371,-21.338652256026855,0.673204818027312,-0.10104298273578274,0.7325200260912119
680674.0770149999,24,0.9358613193035126,0.5532400002867505,0.10284265149417016,680674.0773219999-0 680674.076708-1,2.4718472246943897,8.187179443859558,24.814365069500308,20.228811502202365,14.201814625596935,-22.255020050853716,-0.3504559473944109,-0.11416805824407583,0.9295946877067784,-39.91093619708413,14.26239000161371,-21.338652256026855,0.673204818027312,-0.10104298273578274,0.7325200260912119
680674.080826,24,0.9358613193035126,0.5571094065286991,0.09570565528427599,680674.0773219999-0 680674.08433-1,2.604918311659608,8.261668626838045,24.465787111176706,20.228811502202365,14.201814625596935,-22.255020050853716,-0.3504559473944109,-0.11416805824407583,0.9295946877067784,-39.91093619708413,14.26239000161371,-21.338652256026855,0.6771747147425434,-0.09953595317439155,0.7290589823457497
680674.0845295,24,0.9423353672027588,0.5888463753180593,0.13302814720045175,680674.084729-0 680674.08433-1,4.178583986133932,7.860983173290785,26.139143517777082,20.228811502202365,14.201814625596935,-22.255020050853716,-0.3123844058999072,-0.1221969244903134,0.9420636361709704,-39.91093619708413,14.26239000161371,-21.338652256026855,0.6771747147425434,-0.09953595317439155,0.7290589823457497
680674.0897685001,24,0.9423353672027588,0.5929396115133245,0.127664533999995,680674.084729-0 680674.094808-1,4.3061642356367384,7.896174433222489,25.752291919875343,20.228811502202365,14.201814625596935,-22.255020050853716,-0.3123844058999072,-0.1221969244903134,0.9420636361709704,-39.91093619708413,14.26239000161371,-21.338652256026855,0.6812066094762607,-0.09959273041577747,0.7252853529847321
680674.093981,25,0.9585895836353302,0.6098109999211532,0.14775592355543332,680674.093154-0 680674.094808-1,5.233399859378326,7.678102696947958,26.728903709297317,20.228811502202365,14.201814625596935,-22.255020050853716,-0.290374398371286,-0.12608803449326342,0.9485697213848538,-39.91093619708413,14.26239000161371,-21.338652256026855,0.6812066094762607,-0.09959273041577747,0.7252853529847321
680674.097534,25,0.872871458530426,0.6114479120989834,0.14402477553866144,680674.10026-0 680674.094808-1,5.3427873643097,7.824854012243888,26.866063388690723,20.228811502202365,14.201814625596935,-22.255020050853716,-0.2878005974295011,-0.12060610078443786,0.9500657790767943,-39.91093619708413,14.26239000161371,-21.338652256026855,0.6812066094762607,-0.09959273041577747,0.7252853529847321
680674.100582,25,0.872871458530426,0.6167105590542145,0.1353116349289013,680674.10026-0 680674.100904-1,5.499092945207543,7.9276878108545805,26.35541644253613,20.228811502202365,14.201814625596935,-22.255020050853716,-0.2878005974295011,-0.12060610078443786,0.9500657790767943,-39.91093619708413,14.26239000161371,-21.338652256026855,0.6863769415095771,-0.09773561042618822,0.7206486277088014
680674.104831,25,0.954466700553894,0.6230433284386513,0.14053072170161507,680674.108758-0 680674.100904-1,5.876950921673129,7.920451569643974,26.757879774030144,20.228811502202365,14.201814625596935,-22.255020050853716,-0.27890753703294996,-0.11940605747960449,0.9528655619883588,-39.91093619708413,14.26239000161371,-21.338652256026855,0.6863769415095771,-0.09773561042618822,0.7206486277088014
680674.10852,25,0.954466700553894,0.6270770769485468,0.13532358629338215,680674.108758-0 680674.108282-1,5.990316926070273,7.9600477182030325,26.369295679321862,20.228811502202365,14.201814625596935,-22.255020050853716,-0.27890753703294996,-0.11940605747960449,0.9528655619883588,-39.91093619708413,14.26239000161371,-21.338652256026855,0.6901984509231638,-0.09763004502941555,0.7170038163432738
680674.1128075,25,0.954466700553894,0.6296537274727678,0.130159307338937,680674.108758-0 680674.1168569999-1,6.064100478590279,8.034938276863645,26.12336175806526,20.228811502202365,14.201814625596935,-22.255020050853716,-0.27890753703294996,-0.11940605747960449,0.9528655619883588,-39.91093619708413,14.26239000161371,-21.338652256026855,0.6926887865645527,-0.0958517670031896,0.7148389215271463
680674.1165505,25,0.9659593105316162,0.6174807043413899,0.10740577178840993,680674.116244-0 680674.1168569999-1,5.389534877042094,8.410005495649187,25.4600240785464,20.228811502202365,14.201814625596935,-22.255020050853716,-0.2949687040187926,-0.10877350626618505,0.9492954166033005,-39.91093619708413,14.26239000161371,-21.338652256026855,0.6926887865645527,-0.0958517670031896,0.7148389215271463
680674.1206004999,25,0.8696447908878326,0.6177277251256468,0.10470528404119206,680674.124344-0 680674.1168569999-1,5.412186886722159,8.495232737171658,25.493006268803956,20.228811502202365,14.201814625596935,-22.255020050853716,-0.29442486231325415,-0.10569781161573459,0.9498115460824141,-39.91093619708413,14.26239000161371,-21.338652256026855,0.6926887865645527,-0.0958517670031896,0.7148389215271463
680674.124344,25,0.8696447908878326,0.6214629249440052,0.09800366178511122,680674.124344-0 680674.124344-1,5.5198860153243485,8.573421374106438,25.150985419867578,20.228811502202365,14.201814625596935,-22.255020050853716,-0.29442486231325415,-0.10569781161573459,0.9498115460824141,-39.91093619708413,14.26239000161371,-21.338652256026855,0.6962170043599998,-0.09415648879170235,0.7116294249526265
680674.1283005,26,0.8696447908878326,0.622234261813186,0.09074699620930649,680674.124344-0 680674.132257-1,5.550501569034673,8.746532964463686,25.07379131158819,20.228811502202365,14.201814625596935,-22.255020050853716,-0.29442486231325415,-0.10569781161573459,0.9498115460824141,-39.91093619708413,14.26239000161371,-21.338652256026855,0.6972261991225565,-0.08832682966468372,0.7113887814820382
680674.1322565,26,0.9603131115436554,0.6240166696439149,0.0907713667744019,680674.132256-0 680674.132257-1,5.6574826246133885,8.791778192522997,25.18923332192802,20.228811502202365,14.201814625596935,-22.255020050853716,-0.29184591508115326,-0.10373974126174812,0.9508228162667267,-39.91093619708413,14.26239000161371,-21.338652256026855,0.6972261991225565,-0.08832682966468372,0.7113887814820382
680674.1362699999,26,0.9020952880382538,0.6255610810786978,0.09118335532334954,680674.140283-0 680674.132257-1,5.749820998261942,8.81975835122711,25.28761121645474,20.228811502202365,14.201814625596935,-22.255020050853716,-0.2896246726557025,-0.1024453715044029,0.9516419993077239,-39.91093619708413,14.26239000161371,-21.338652256026855,0.6972261991225565,-0.08832682966468372,0.7113887814820382
680674.1406924999,26,0.9020952880382538,0.6205196011704602,0.09178436520904665,680674.140283-0 680674.141102-1,5.617260776598025,8.946169955567072,25.744863955493116,20.228811502202365,14.201814625596935,-22.255020050853716,-0.2896246726557025,-0.1024453715044029,0.9516419993077239,-39.91093619708413,14.26239000161371,-21.338652256026855,0.6928492532836631,-0.0826346330091686,0.7163319270084996
680674.1446964999,26,0.9341158866882324,0.620869770517149,0.09075601842876613,680674.1482909999-0 680674.141102-1,5.641986332349584,8.986504525681939,25.774939064345414,20.228811502202365,14.201814625596935,-22.255020050853716,-0.28903343156392114,-0.10095312738545478,0.9519811665728897,-39.91093619708413,14.26239000161371,-21.338652256026855,0.6928492532836631,-0.0826346330091686,0.7163319270084996
680674.1482744999,26,0.9341158866882324,0.6186462500037099,0.09116091801566228,680674.1482909999-0 680674.148258-1,5.5820082773163815,9.040020994547916,25.98137394974051,20.228811502202365,14.201814625596935,-22.255020050853716,-0.28903343156392114,-0.10095312738545478,0.9519811665728897,-39.91093619708413,14.26239000161371,-21.338652256026855,0.6908669383878507,-0.08021668067427827,0.7185180287120141
680674.1531479999,26,0.9341158866882324,0.6166974354087733,0.09244794651334431,680674.1482909999-0 680674.158005-1,5.527429214116193,9.061652493152852,26.165891331698766,20.228811502202365,14.201814625596935,-22.255020050853716,-0.28903343156392114,-0.10095312738545478,0.9519811665728897,-39.91093619708413,14.26239000161371,-21.338652256026855,0.6890632055572421,-0.0789721603038099,0.7203855194575521
680674.158082,26,0.92389777302742,0.6181647857201777,0.0931413409811116,680674.158159-0 680674.158005-1,5.615796545413458,9.07949864696318,26.261169437689468,20.228811502202365,14.201814625596935,-22.255020050853716,-0.28693680528984516,-0.10005364662907923,0.9527101015347117,-39.91093619708413,14.26239000161371,-21.338652256026855,0.6890632055572421,-0.0789721603038099,0.7203855194575521
680674.1615345,27,0.92389777302742,0.6188681770381279,0.08819632474976613,680674.158159-0 680674.1649099999-1,5.641918894294534,9.196499549202118,26.18667233300096,20.228811502202365,14.201814625596935,-22.255020050853716,-0.28693680528984516,-0.10005364662907923,0.9527101015347117,-39.91093619708413,14.26239000161371,-21.338652256026855,0.6899302215257337,-0.07512984835272439,0.7199665237439508
680674.1649605,27,0.9323554337024689,0.6197020900037298,0.08798052635227249,680674.165011-0 680674.1649099999-1,5.694497181209837,9.22588417958946,26.24514984141714,20.228811502202365,14.201814625596935,-22.255020050853716,-0.2856889626076689,-0.09887014608421821,0.953208534821966,-39.91093619708413,14.26239000161371,-21.338652256026855,0.6899302215257337,-0.07512984835272439,0.7199665237439508
680674.1687340001,27,0.9323554337024689,0.6193261274388225,0.08672161957788627,680674.165011-0 680674.172457-1,5.68614037536849,9.272409128922549,26.278458935636905,20.228811502202365,14.201814625596935,-22.255020050853716,-0.2856889626076689,-0.09887014608421821,0.953208534821966,-39.91093619708413,14.26239000161371,-21.338652256026855,0.6896519529439269,-0.07343811111077211,0.7204075427402946
680674.1724775,27,0.9256083965301514,0.6192945628339741,0.085105162395955,680674.172498-0 680674.172457-1,5.689428129681255,9.32163477731211,26.286919093034893,20.228811502202365,14.201814625596935,-22.255020050853716,-0.2856094121372069,-0.09714905663584968,0.9534093163449807,-39.91093619708413,14.26239000161371,-21.338652256026855,0.6896519529439269,-0.07343811111077211,0.7204075427402946
680674.1765415,27,0.9256083965301514,0.6183729998991734,0.08356079495739266,680674.172498-0 680674.180585-1,5.666597735917752,9.39312781336708,26.37159031455721,20.228811502202365,14.201814625596935,-22.255020050853716,-0.2856094121372069,-0.09714905663584968,0.9534093163449807,-39.91093619708413,14.26239000161371,-21.338652256026855,0.6888917550704005,-0.07075836470755248,0.7214023867578596
680674.1805809999,27,0.9474712312221527,0.6209994756707371,0.08421880129663484,680674.180577-0 680674.180585-1,5.830000717609721,9.446175497137386,26.54964683023408,20.228811502202365,14.201814625596935,-22.255020050853716,-0.28174727439806496,-0.09483087670196605,0.9547908557339653,-39.91093619708413,14.26239000161371,-21.338652256026855,0.6888917550704005,-0.07075836470755248,0.7214023867578596
680674.1850594999,27,0.94717738032341,0.620433843568829,0.08228404254033139,680674.189534-0 680674.180585-1,5.800549919025741,9.490891216655445,26.52285403964867,20.228811502202365,14.201814625596935,-22.255020050853716,-0.28244059003608835,-0.09336767225862438,0.9547302188980258,-39.91093619708413,14.26239000161371,-21.338652256026855,0.6888917550704005,-0.07075836470755248,0.7214023867578596
680674.1895409999,27,0.94717738032341,0.6179557146036299,0.08296355441401693,680674.189534-0 680674.189548-1,5.731753901574367,9.548881098420111,26.763702930357347,20.228811502202365,14.201814625596935,-22.255020050853716,-0.28244059003608835,-0.09336767225862438,0.9547302188980258,-39.91093619708413,14.26239000161371,-21.338652256026855,0.6865887330545718,-0.06818463964609371,0.7238416723005454
680674.193793,28,0.9392050206661224,0.6202613342768978,0.085572684253578,680674.198038-0 680674.189548-1,5.870448352856745,9.5319583305026,26.9096200091735,20.228811502202365,14.201814625596935,-22.255020050853716,-0.27918377137494826,-0.09355588623305557,0.9556692513375159,-39.91093619708413,14.26239000161371,-21.338652256026855,0.6865887330545718,-0.06818463964609371,0.7238416723005454
680674.197959,28,0.9392050206661224,0.6177858549439117,0.08726642393887751,680674.198038-0 680674.19788-1,5.799647999166222,9.56127308037092,27.157283490402826,20.228811502202365,14.201814625596935,-22.255020050853716,-0.27918377137494826,-0.09355588623305557,0.9556692513375159,-39.91093619708413,14.26239000161371,-21.338652256026855,0.6842045264141712,-0.06659525841114294,0.7262432358318476
680674.2021195,28,0.9392050206661224,0.6190290438483358,0.0847840858169645,680674.198038-0 680674.206201-1,5.837664535164583,9.593388104892755,27.029055011930595,20.228811502202365,14.201814625596935,-22.255020050853716,-0.27918377137494826,-0.09355588623305557,0.9556692513375159,-39.91093619708413,14.26239000161371,-21.338652256026855,0.6854836655026838,-0.06580082536706056,0.7251085406406534
680674.2060435,28,0.9282551407814026,0.6198348633739021,0.084618678213218,680674.205886-0 680674.206201-1,5.89022121379555,9.62187783869365,27.087888923795976,20.228811502202365,14.201814625596935,-22.255020050853716,-0.2779527726534588,-0.09242954831338565,0.9561375605909633,-39.91093619708413,14.26239000161371,-21.338652256026855,0.6854836655026838,-0.06580082536706056,0.7251085406406534
680674.2092655001,28,0.9721401929855347,0.6205867580040303,0.08437926084127312,680674.21233-0 680674.206201-1,5.939788627926631,9.651317849277927,27.143577150023823,20.228811502202365,14.201814625596935,-22.255020050853716,-0.27679303774883324,-0.09128085606463464,0.9565842459343977,-39.91093619708413,14.26239000161371,-21.338652256026855,0.6854836655026838,-0.06580082536706056,0.7251085406406534
680674.213028,28,0.9721401929855347,0.62288629201591,0.08260255543002049,680674.21233-0 680674.2137259999-1,6.005222975922217,9.62961919716741,26.91316585283195,20.228811502202365,14.201814625596935,-22.255020050853716,-0.27679303774883324,-0.09128085606463464,0.9565842459343977,-39.91093619708413,14.26239000161371,-21.338652256026855,0.6876986714677451,-0.06707859389219946,0.7228907244549094
680674.2183645,28,0.9538618326187134,0.6256124543339291,0.08429205627076519,680674.223003-0 680674.2137259999-1,6.177785357955961,9.6554274480951,27.09854124843066,20.228811502202365,14.201814625596935,-22.255020050853716,-0.2727555619929709,-0.08991458587932179,0.9578725231720808,-39.91093619708413,14.26239000161371,-21.338652256026855,0.6876986714677451,-0.06707859389219946,0.7228907244549094
680674.2225145,28,0.9538618326187134,0.6262587533808455,0.08473152539848838,680674.223003-0 680674.222026-1,6.194507849569668,9.62241632249393,27.03594781239065,20.228811502202365,14.201814625596935,-22.255020050853716,-0.2727555619929709,-0.08991458587932179,0.9578725231720808,-39.91093619708413,14.26239000161371,-21.338652256026855,0.6882699122169947,-0.06835101732948147,0.72222757242218
680674.2256690001,28,0.9538618326187134,0.6258791102162407,0.09209161063265803,680674.223003-0 680674.228335-1,6.1734456844675245,9.422590039506563,27.08958682404536,20.228811502202365,14.201814625596935,-22.255020050853716,-0.2727555619929709,-0.08991458587932179,0.9578725231720808,-39.91093619708413,14.26239000161371,-21.338652256026855,0.6875496587495644,-0.07503995163959583,0.7222495914926392
680674.2286650001,29,0.9479649066925049,0.6290695509908464,0.10420378521468032,680674.228995-0 680674.228335-1,6.342276749262962,9.129113387554133,27.240358177437102,20.228811502202365,14.201814625596935,-22.255020050853716,-0.26882926661277384,-0.09946653238468742,0.9580382217572554,-39.91093619708413,14.26239000161371,-21.338652256026855,0.6875496587495644,-0.07503995163959583,0.7222495914926392
680674.2335175,29,0.9479649066925049,0.6323597947225055,0.12181393105980598,680674.228995-0 680674.23804-1,6.402531515970428,8.535105244554373,26.94887301544424,20.228811502202365,14.201814625596935,-22.255020050853716,-0.26882926661277384,-0.09946653238468742,0.9580382217572554,-39.91093619708413,14.26239000161371,-21.338652256026855,0.6896086516522578,-0.09600858980508843,0.7177898426768056
680674.237997,29,0.9273314774036407,0.6395195479050613,0.14841919364118195,680674.237954-0 680674.23804-1,6.7894000061528565,7.902209997479984,27.287782267580514,20.228811502202365,14.201814625596935,-22.255020050853716,-0.25985073624468413,-0.1197165751083711,0.9581991111023935,-39.91093619708413,14.26239000161371,-21.338652256026855,0.6896086516522578,-0.09600858980508843,0.7177898426768056
680674.2414434999,29,0.8969800770282745,0.6448181477207174,0.16212870580107064,680674.244847-0 680674.23804-1,7.104576045938511,7.612493486494065,27.584632536757688,20.228811502202365,14.201814625596935,-22.255020050853716,-0.25259647497603827,-0.1283488112833096,0.9590211694596951,-39.91093619708413,14.26239000161371,-21.338652256026855,0.6896086516522578,-0.09600858980508843,0.7177898426768056
680674.244798,29,0.8969800770282745,0.6495224947668905,0.17490824105920444,680674.244847-0 680674.244749-1,7.200764141894338,7.146989811149584,27.14006459333256,20.228811502202365,14.201814625596935,-22.255020050853716,-0.25259647497603827,-0.1283488112833096,0.9590211694596951,-39.91093619708413,14.26239000161371,-21.338652256026855,0.693042175309671,-0.1131254695599387,0.7119657094122458
680674.2511785,29,0.8969800770282745,0.654171588390047,0.18245110922958696,680674.244847-0 680674.25751-1,7.299294836341434,6.839555587689482,26.70381160529329,20.228811502202365,14.201814625596935,-22.255020050853716,-0.25259647497603827,-0.1283488112833096,0.9590211694596951,-39.91093619708413,14.26239000161371,-21.338652256026855,0.696547141348506,-0.1250383710294268,0.7065320131809542
680674.2553455001,29,0.9004476964473724,0.6563197782461929,0.19843647955383248,680674.253181-0 680674.25751-1,7.388173040096663,6.419825496237731,26.739692840668074,20.228811502202365,14.201814625596935,-22.255020050853716,-0.2505350156872752,-0.1423151539564674,0.9575899972686241,-39.91093619708413,14.26239000161371,-21.338652256026855,0.696547141348506,-0.1250383710294268,0.7065320131809542
680674.2623439999,30,0.9504115581512451,0.6577808718909931,0.20249398772780325,680674.267178-0 680674.25751-1,7.474902706640049,6.33242608588397,26.817315897426084,20.228811502202365,14.201814625596935,-22.255020050853716,-0.24852881022383136,-0.14489767094103095,0.9577254802105828,-39.91093619708413,14.26239000161371,-21.338652256026855,0.696547141348506,-0.1250383710294268,0.7065320131809542
680674.266484,30,0.9504115581512451,0.6619353417726191,0.19906752384619752,680674.267178-0 680674.26579-1,7.573603940888805,6.344090589730653,26.428402555899126,20.228811502202365,14.201814625596935,-22.255020050853716,-0.24852881022383136,-0.14489767094103095,0.9577254802105828,-39.91093619708413,14.26239000161371,-21.338652256026855,0.7001194882752337,-0.12619045623126143,0.7027863621993322
680674.271721,30,0.9504115581512451,0.664788759550895,0.1958143084874705,680674.267178-0 680674.276264-1,7.641471345925315,6.375873757212031,26.16538481945094,20.228811502202365,14.201814625596935,-22.255020050853716,-0.24852881022383136,-0.14489767094103095,0.9577254802105828,-39.91093619708413,14.26239000161371,-21.338652256026855,0.7025792895399354,-0.12616890181273982,0.7003311717501417
680674.2757850001,30,0.9014767706394196,0.6671081879810058,0.19875902207360696,680674.275306-0 680674.276264-1,7.793629740540461,6.340534872954319,26.315918014152228,20.228811502202365,14.201814625596935,-22.255020050853716,-0.24498344632354047,-0.14540211568912118,0.9585621188950502,-39.91093619708413,14.26239000161371,-21.338652256026855,0.7025792895399354,-0.12616890181273982,0.7003311717501417
680674.2799895001,30,0.94159135222435,0.6696839107308954,0.2016692416206417,680674.283715-0 680674.276264-1,7.966695174282029,6.311467743151872,26.488754299652566,20.228811502202365,14.201814625596935,-22.255020050853716,-0.24096588695733584,-0.1455886846595272,0.9595516537539671,-39.91093619708413,14.26239000161371,-21.338652256026855,0.7025792895399354,-0.12616890181273982,0.7003311717501417
680674.283325,30,0.94159135222435,0.6719500613607295,0.1982762594392924,680674.283715-0 680674.282935-1,8.020292758300776,6.359134212918599,26.278167852895464,20.228811502202365,14.201814625596935,-22.255020050853716,-0.24096588695733584,-0.1455886846595272,0.9595516537539671,-39.91093619708413,14.26239000161371,-21.338652256026855,0.7045623580136563,-0.1254057788980248,0.6984735315595116
680674.28837,30,0.94159135222435,0.6752027560403657,0.19479139844238935,680674.283715-0 680674.293025-1,8.094228585656559,6.390118382164141,25.981147936035754,20.228811502202365,14.201814625596935,-22.255020050853716,-0.24096588695733584,-0.1455886846595272,0.9595516537539671,-39.91093619708413,14.26239000161371,-21.338652256026855,0.7072981571437502,-0.12554961072973606,0.6956770889907662
680674.2924745,30,0.9373236298561096,0.6766890297670171,0.19651089915098696,680674.291924-0 680674.293025-1,8.19500858670655,6.373323485217877,26.08045003818597,20.228811502202365,14.201814625596935,-22.255020050853716,-0.23861550761813274,-0.14569924098846676,0.9601220603129195,-39.91093619708413,14.26239000161371,-21.338652256026855,0.7072981571437502,-0.12554961072973606,0.6956770889907662
680674.297185,30,0.946490615606308,0.6786772276803484,0.19779689944952783,680674.301345-0 680674.293025-1,8.336063750874025,6.380234636827674,26.223849888133802,20.228811502202365,14.201814625596935,-22.255020050853716,-0.23533477725783544,-0.14480499595526697,0.9610666239961723,-39.91093619708413,14.26239000161371,-21.338652256026855,0.7072981571437502,-0.12554961072973606,0.6956770889907662
680674.3008725,30,0.946490615606308,0.6808909677319285,0.19549829892715642,680674.301345-0 680674.3004-1,8.38506818919788,6.399736187932411,26.02169166641263,20.228811502202365,14.201814625596935,-22.255020050853716,-0.23533477725783544,-0.14480499595526697,0.9610666239961723,-39.91093619708413,14.26239000161371,-21.338652256026855,0.709140136066137,-0.1257003113232673,0.6937720801194973
680674.305805,31,0.946490615606308,0.6833919196262872,0.19057702305728064,680674.301345-0 680674.310265-1,8.443277559629074,6.482711139629874,25.792803488017256,20.228811502202365,14.201814625596935,-22.255020050853716,-0.23533477725783544,-0.14480499595526697,0.9610666239961723,-39.91093619708413,14.26239000161371,-21.338652256026855,0.7113326685628524,-0.1238031965346852,0.6918660297796425
680674.309928,31,0.9593267738819122,0.6852950353547617,0.19310428207958497,680674.309591-0 680674.310265-1,8.573760220666095,6.453249668666677,25.91876011467849,20.228811502202365,14.201814625596935,-22.255020050853716,-0.23228907936493803,-0.14522485570726407,0.9617440017450556,-39.91093619708413,14.26239000161371,-21.338652256026855,0.7113326685628524,-0.1238031965346852,0.6918660297796425
680674.3142184999,31,0.9772947132587433,0.6866825935192977,0.1931871097069605,680674.318172-0 680674.310265-1,8.678776561396965,6.483008659068369,26.02784074891818,20.228811502202365,14.201814625596935,-22.255020050853716,-0.22984405918708709,-0.14371514568947605,0.9625578763668476,-39.91093619708413,14.26239000161371,-21.338652256026855,0.7113326685628524,-0.1238031965346852,0.6918660297796425
680674.3175955,31,0.9772947132587433,0.6871167254994944,0.1934933915242506,680674.318172-0 680674.317019-1,8.686986943908487,6.466731801244469,25.989440066456886,20.228811502202365,14.201814625596935,-22.255020050853716,-0.22984405918708709,-0.14371514568947605,0.9625578763668476,-39.91093619708413,14.26239000161371,-21.338652256026855,0.7116452734258714,-0.12450713528070972,0.6914180920939281
680674.322878,31,0.9772947132587433,0.6873208237602256,0.19592741958107418,680674.318172-0 680674.327584-1,8.687425198553697,6.398446121100716,25.974613637354924,20.228811502202365,14.201814625596935,-22.255020050853716,-0.22984405918708709,-0.14371514568947605,0.9625578763668476,-39.91093619708413,14.26239000161371,-21.338652256026855,0.7116578644531457,-0.12687827711972183,0.6909739407221658
680674.3271315,31,0.9185245037078857,0.6892689827515504,0.19920273976213865,680674.3266789999-0 680674.327584-1,8.820493574918054,6.347912058460859,26.100016684565535,20.228811502202365,14.201814625596935,-22.255020050853716,-0.2267533240366996,-0.14484101167467292,0.9631220127145702,-39.91093619708413,14.26239000161371,-21.338652256026855,0.7116578644531457,-0.12687827711972183,0.6909739407221658
680674.3317465,31,0.9523059725761414,0.6911816703847771,0.20391633513391383,680674.335909-0 680674.327584-1,8.945014027855773,6.2541663013582385,26.210565206341197,20.228811502202365,14.201814625596935,-22.255020050853716,-0.22387029954605395,-0.14748552679006827,0.9633950946359526,-39.91093619708413,14.26239000161371,-21.338652256026855,0.7116578644531457,-0.12687827711972183,0.6909739407221658
680674.335428,31,0.9523059725761414,0.6931753481369511,0.20277013764509932,680674.335909-0 680674.334947-1,8.985576625664425,6.2486599381927626,26.02976973155795,20.228811502202365,14.201814625596935,-22.255020050853716,-0.22387029954605395,-0.14748552679006827,0.9633950946359526,-39.91093619708413,14.26239000161371,-21.338652256026855,0.7132337165097441,-0.12780072999463885,0.6891767835951349
680674.3393570001,31,0.9523059725761414,0.6939332781485439,0.20107123130572924,680674.335909-0 680674.342805-1,9.002762444541494,6.280004481849685,25.959671900550745,20.228811502202365,14.201814625596935,-22.255020050853716,-0.22387029954605395,-0.14748552679006827,0.9633950946359526,-39.91093619708413,14.26239000161371,-21.338652256026855,0.7139034904321415,-0.12702794268440695,0.6886259566166324
680674.3430689999,31,0.9403837323188782,0.6974286247296926,0.20638524579296225,680674.343333-0 680674.342805-1,9.25123301014564,6.205696930489777,26.194967561445686,20.228811502202365,14.201814625596935,-22.255020050853716,-0.2181196924501168,-0.1488775048380632,0.9644995014610732,-39.91093619708413,14.26239000161371,-21.338652256026855,0.7139034904321415,-0.12702794268440695,0.6886259566166324
680674.3471299999,31,0.9403837323188782,0.6978198743520035,0.2078963573458571,680674.343333-0 680674.3509269999-1,9.256459640480088,6.15850445645487,26.161974419503768,20.228811502202365,14.201814625596935,-22.255020050853716,-0.2181196924501168,-0.1488775048380632,0.9644995014610732,-39.91093619708413,14.26239000161371,-21.338652256026855,0.7141077488710944,-0.12875181152845921,0.6880938119402019
680674.3503715,31,0.9678735435009003,0.698590829605641,0.20774229346315376,680674.349816-0 680674.3509269999-1,9.319266326561966,6.18082415058803,26.22744890769498,20.228811502202365,14.201814625596935,-22.255020050853716,-0.21667071248966055,-0.14781398394693146,0.9649895483884574,-39.91093619708413,14.26239000161371,-21.338652256026855,0.7141077488710944,-0.12875181152845921,0.6880938119402019
680674.35466,31,0.9334703683853149,0.6986371723256322,0.20736450106576598,680674.358393-0 680674.3509269999-1,9.325062059595648,6.192983268900541,26.234961194510774,20.228811502202365,14.201814625596935,-22.255020050853716,-0.21653707108409095,-0.14736924965891426,0.965087561364922,-39.91093619708413,14.26239000161371,-21.338652256026855,0.7141077488710944,-0.12875181152845921,0.6880938119402019
680674.3587835,32,0.9334703683853149,0.7005450725793276,0.20480407376406495,680674.358393-0 680674.359174-1,9.364793373385544,6.227304355480271,26.059276979139987,20.228811502202365,14.201814625596935,-22.255020050853716,-0.21653707108409095,-0.14736924965891426,0.965087561364922,-39.91093619708413,14.26239000161371,-21.338652256026855,0.7156892760341343,-0.12831513752293555,0.6865304695730603
680674.3618915,32,0.954575777053833,0.700087330666434,0.20080653993929298,680674.364609-0 680674.359174-1,9.349971311749975,6.333689781998444,26.05993425677111,20.228811502202365,14.201814625596935,-22.255020050853716,-0.2168795501980195,-0.14377613832927819,0.9655525271848368,-39.91093619708413,14.26239000161371,-21.338652256026855,0.7156892760341343,-0.12831513752293555,0.6865304695730603
680674.3649805,32,0.954575777053833,0.6998428383621154,0.20100954074981547,680674.364609-0 680674.365352-1,9.345070499929843,6.332706381239236,26.08219821821738,20.228811502202365,14.201814625596935,-22.255020050853716,-0.2168795501980195,-0.14377613832927819,0.9655525271848368,-39.91093619708413,14.26239000161371,-21.338652256026855,0.7154945875376554,-0.12825833254205632,0.6867439809258262
680674.368909,32,0.9233668446540833,0.700927492390921,0.20077379362567804,680674.372466-0 680674.365352-1,9.434240148525104,6.365598010280761,26.174675872820263,20.228811502202365,14.201814625596935,-22.255020050853716,-0.21482084699384082,-0.1422330766113065,0.9662410442609707,-39.91093619708413,14.26239000161371,-21.338652256026855,0.7154945875376554,-0.12825833254205632,0.6867439809258262
680674.374113,32,0.9233668446540833,0.7027182145366334,0.19638351446355162,680674.372466-0 680674.37576-1,9.474206774292174,6.450078751969508,26.006081720207757,20.228811502202365,14.201814625596935,-22.255020050853716,-0.21482084699384082,-0.1422330766113065,0.9662410442609707,-39.91093619708413,14.26239000161371,-21.338652256026855,0.7170982844877574,-0.12608350992013947,0.6854728287182018
680674.3790215,32,1.0,0.7033176201610634,0.1956771104624071,680674.382283-0 680674.37576-1,9.527240097088338,6.485711772082805,26.063036121268475,20.228811502202365,14.201814625596935,-22.255020050853716,-0.2135949886612833,-0.140764448490565,0.9667277542617329,-39.91093619708413,14.26239000161371,-21.338652256026855,0.7170982844877574,-0.12608350992013947,0.6854728287182018
680674.3826995001,32,1.0,0.7052800287278462,0.1948071012728516,680674.382283-0 680674.383116-1,9.56471728031245,6.4728197986171345,25.88613553977499,20.228811502202365,14.201814625596935,-22.255020050853716,-0.2135949886612833,-0.140764448490565,0.9667277542617329,-39.91093619708413,14.26239000161371,-21.338652256026855,0.7186019137043786,-0.12722388939983806,0.6836851406798178
680674.3874840001,32,0.9756031930446625,0.7047769842971613,0.1919751243922807,680674.391852-0 680674.383116-1,9.539873830775758,6.543818457852021,25.871558467952294,20.228811502202365,14.201814625596935,-22.255020050853716,-0.21417106492347618,-0.13842591502094992,0.9669379612985296,-39.91093619708413,14.26239000161371,-21.338652256026855,0.7186019137043786,-0.12722388939983806,0.6836851406798178
680674.3934265,32,0.9756031930446625,0.7057638057117949,0.19322116562414615,680674.391852-0 680674.395001-1,9.556062338157322,6.492551679106461,25.78643886298748,20.228811502202365,14.201814625596935,-22.255020050853716,-0.21417106492347618,-0.13842591502094992,0.9669379612985296,-39.91093619708413,14.26239000161371,-21.338652256026855,0.7192460131042504,-0.1292990989246474,0.6826176936257328
680674.3980745,32,0.9256097376346588,0.7077684513750315,0.19590877473652513,680674.401148-0 680674.395001-1,9.705623282455921,6.4632782562210185,25.928142185102836,20.228811502202365,14.201814625596935,-22.255020050853716,-0.21070641905713533,-0.13875690287563205,0.967651449062358,-39.91093619708413,14.26239000161371,-21.338652256026855,0.7192460131042504,-0.1292990989246474,0.6826176936257328
680674.401362,33,0.9256097376346588,0.7097344216716416,0.19319784087731873,680674.401148-0 680674.401576-1,9.745176352541467,6.499452196211463,25.74842857255403,20.228811502202365,14.201814625596935,-22.255020050853716,-0.21070641905713533,-0.13875690287563205,0.967651449062358,-39.91093619708413,14.26239000161371,-21.338652256026855,0.7208524446701834,-0.12879321369988891,0.6810169315941232
680674.4056515,33,0.8952471017837524,0.7099203586436996,0.19351953509414055,680674.4097269999-0 680674.401576-1,9.758724092051365,6.494660683819028,25.76091559615801,20.228811502202365,14.201814625596935,-22.255020050853716,-0.2103922455551308,-0.13886115007488836,0.9677048537700681,-39.91093619708413,14.26239000161371,-21.338652256026855,0.7208524446701834,-0.12879321369988891,0.6810169315941232
680674.40944,33,0.8952471017837524,0.7099386041364453,0.19483087856611803,680674.4097269999-0 680674.409153-1,9.757056024703392,6.459551839571779,25.761895855039686,20.228811502202365,14.201814625596935,-22.255020050853716,-0.2103922455551308,-0.13886115007488836,0.9677048537700681,-39.91093619708413,14.26239000161371,-21.338652256026855,0.7207814332543914,-0.12997861632357569,0.6808668627377558
680674.4133639999,33,0.8952471017837524,0.7103522491117745,0.19406805369358027,680674.4097269999-0 680674.417001-1,9.765620114751611,6.472265432059519,25.723886647438924,20.228811502202365,14.201814625596935,-22.255020050853716,-0.2103922455551308,-0.13886115007488836,0.9677048537700681,-39.91093619708413,14.26239000161371,-21.338652256026855,0.721130174234923,-0.1297005085821192,0.6805505491008359
680674.4166645,33,0.9554874002933502,0.7110150943148154,0.19370250750895757,680674.416328-0 680674.417001-1,9.823134590776524,6.499786965898915,25.783258074153633,20.228811502202365,14.201814625596935,-22.255020050853716,-0.2090595109610566,-0.13764897687634048,0.9681667625164688,-39.91093619708413,14.26239000161371,-21.338652256026855,0.721130174234923,-0.1297005085821192,0.6805505491008359
680674.4219775,33,0.9535787105560303,0.7119995866786903,0.1938207220078504,680674.426954-0 680674.417001-1,9.905144178261644,6.52134356329889,25.865501088123214,20.228811502202365,14.201814625596935,-22.255020050853716,-0.2071621910128705,-0.13653434744357756,0.968732263622361,-39.91093619708413,14.26239000161371,-21.338652256026855,0.721130174234923,-0.1297005085821192,0.6805505491008359
680674.4266560001,33,0.9535787105560303,0.7152328993966732,0.18745760594684147,680674.426954-0 680674.426358-1,9.971806378665331,6.630932508599587,25.566520473799663,20.228811502202365,14.201814625596935,-22.255020050853716,-0.2071621910128705,-0.13653434744357756,0.968732263622361,-39.91093619708413,14.26239000161371,-21.338652256026855,0.7238759928869608,-0.1271703152002757,0.678108588541525
680674.4310425001,33,0.9535787105560303,0.7161543645716986,0.18410737349962603,680674.426954-0 680674.435131-1,9.993024038120172,6.7024749912745385,25.47838406987454,20.228811502202365,14.201814625596935,-22.255020050853716,-0.2071621910128705,-0.13653434744357756,0.968732263622361,-39.91093619708413,14.26239000161371,-21.338652256026855,0.724753691478416,-0.12508337603257266,0.6775590274866856
680674.4345245,33,0.942527711391449,0.7163350858088912,0.18363076789689758,680674.433918-0 680674.435131-1,10.01142441818543,6.721458452397439,25.49851684888658,20.228811502202365,14.201814625596935,-22.255020050853716,-0.20673422562114696,-0.13579420585167992,0.9689277029861084,-39.91093619708413,14.26239000161371,-21.338652256026855,0.724753691478416,-0.12508337603257266,0.6775590274866856
680674.4394505001,34,1.0,0.7179353032591613,0.18488835580094376,680674.44377-0 680674.435131-1,10.14020631303569,6.727003379233883,25.622611633731353,20.228811502202365,14.201814625596935,-22.255020050853716,-0.2037430939971799,-0.1350359005425977,0.9696669826353304,-39.91093619708413,14.26239000161371,-21.338652256026855,0.724753691478416,-0.12508337603257266,0.6775590274866856
680674.4432205,34,1.0,0.7197546450310994,0.1840570711386732,680674.44377-0 680674.442671-1,10.172733820504,6.715201524540518,25.461332119334397,20.228811502202365,14.201814625596935,-22.255020050853716,-0.2037430939971799,-0.1350359005425977,0.9696669826353304,-39.91093619708413,14.26239000161371,-21.338652256026855,0.7261037932723524,-0.1261167385647062,0.6759200024036146
680674.446412,34,1.0,0.720774815037047,0.18249248988173117,680674.44377-0 680674.449054-1,10.192547950517973,6.73762941741521,25.36879682766018,20.228811502202365,14.201814625596935,-22.255020050853716,-0.2037430939971799,-0.1350359005425977,0.9696669826353304,-39.91093619708413,14.26239000161371,-21.338652256026855,0.7269292661732557,-0.12571598870566653,0.6751069042489258
680674.4493344999,34,0.9613858461380005,0.7208435280371689,0.18425666579555056,680674.4496149999-0 680674.449054-1,10.186791284800544,6.687061950442969,25.356685655752262,20.228811502202365,14.201814625596935,-22.255020050853716,-0.20387656924575454,-0.13681944676705024,0.9693888711445677,-39.91093619708413,14.26239000161371,-21.338652256026855,0.7269292661732557,-0.12571598870566653,0.6751069042489258
680674.4543035,34,0.9613858461380005,0.719721156027731,0.18649548914869019,680674.4496149999-0 680674.458992-1,10.164209414523347,6.648594573281291,25.459570186354593,20.228811502202365,14.201814625596935,-22.255020050853716,-0.20387656924575454,-0.13681944676705024,0.9693888711445677,-39.91093619708413,14.26239000161371,-21.338652256026855,0.7259877526430006,-0.12661935672848715,0.6759506797940434
680674.4579225,34,0.9049768447875977,0.7221939713347142,0.18985739205724372,680674.456853-0 680674.458992-1,10.356926682650327,6.614932310529214,25.63909980937028,20.228811502202365,14.201814625596935,-22.255020050853716,-0.19940635340395396,-0.13712985512377027,0.9702744503777636,-39.91093619708413,14.26239000161371,-21.338652256026855,0.7259877526430006,-0.12661935672848715,0.6759506797940434
680674.462864,34,0.9259881377220154,0.7236631568605563,0.19234994525093263,680674.466736-0 680674.458992-1,10.469787832983087,6.57999606260057,25.742217933052814,20.228811502202365,14.201814625596935,-22.255020050853716,-0.1967981410393835,-0.1378349903301096,0.970706962540262,-39.91093619708413,14.26239000161371,-21.338652256026855,0.7259877526430006,-0.12661935672848715,0.6759506797940434
680674.4662794999,34,0.9136261343955994,0.7232960478348367,0.19346872335790155,680674.466736-0 680674.465823-1,10.461940929685264,6.556806015488261,25.777473983131344,20.228811502202365,14.201814625596935,-22.255020050853716,-0.1967981410393835,-0.1378349903301096,0.970706962540262,-39.91093619708413,14.26239000161371,-21.338652256026855,0.7256516523549276,-0.12726450965764746,0.67619037557197
680674.4721550001,35,0.9259881377220154,0.7255419239688556,0.18969525775631269,680674.466736-0 680674.477574-1,10.505155892591995,6.6165001309063545,25.57000092223569,20.228811502202365,14.201814625596935,-22.255020050853716,-0.1967981410393835,-0.1378349903301096,0.970706962540262,-39.91093619708413,14.26239000161371,-21.338652256026855,0.7274970067926771,-0.12606445673010563,0.6744300244332533
680674.4768135,35,0.9890276491641998,0.7258368367967206,0.19121671205870128,680674.476053-0 680674.477574-1,10.520925706796984,6.5790124048900775,25.57997921576283,20.228811502202365,14.201814625596935,-22.255020050853716,-0.19643296647733566,-0.13906270502860196,0.9706058179050041,-39.91093619708413,14.26239000161371,-21.338652256026855,0.7274970067926771,-0.12606445673010563,0.6744300244332533
680674.4811515,35,0.9805733859539032,0.7270849544450714,0.19440090052267633,680674.484729-0 680674.477574-1,10.610479657435548,6.517584904398653,25.65682013330315,20.228811502202365,14.201814625596935,-22.255020050853716,-0.19436321461818762,-0.14078658704848257,0.9707739580924719,-39.91093619708413,14.26239000161371,-21.338652256026855,0.7274970067926771,-0.12606445673010563,0.6744300244332533
680674.4843125,35,0.9805733859539032,0.727802854856437,0.1922994057845573,680674.484729-0 680674.483896-1,10.62544202551784,6.560588744107725,25.588337383114418,20.228811502202365,14.201814625596935,-22.255020050853716,-0.19436321461818762,-0.14078658704848257,0.9707739580924719,-39.91093619708413,14.26239000161371,-21.338652256026855,0.7281433750320903,-0.12488004460020782,0.673952668855556
680674.48936,35,0.9805733859539032,0.7288281916341259,0.1887466706285027,680674.484729-0 680674.493991-1,10.647584931751714,6.6364025887262095,25.489238597731845,20.228811502202365,14.201814625596935,-22.255020050853716,-0.19436321461818762,-0.14078658704848257,0.9707739580924719,-39.91093619708413,14.26239000161371,-21.338652256026855,0.7291007601448566,-0.12269900292244633,0.6733179310236952
680674.493058,35,0.9791085124015808,0.7288670463569928,0.18916575146213743,680674.492125-0 680674.493991-1,10.648083947982151,6.624889580068347,25.488128469175383,20.228811502202365,14.201814625596935,-22.255020050853716,-0.194351670351451,-0.14118353059351404,0.97071861984859,-39.91093619708413,14.26239000161371,-21.338652256026855,0.7291007601448566,-0.12269900292244633,0.6733179310236952
680674.497822,35,0.9547976553440094,0.7289599014600054,0.18795624100694686,680674.501653-0 680674.493991-1,10.665131561585568,6.663853412157463,25.509601647398274,20.228811502202365,14.201814625596935,-22.255020050853716,-0.19395701670097884,-0.13975742247672865,0.9710038818331868,-39.91093619708413,14.26239000161371,-21.338652256026855,0.7291007601448566,-0.12269900292244633,0.6733179310236952
680674.5018704999,36,0.9547976553440094,0.7282617021857086,0.18666027554512865,680674.501653-0 680674.502088-1,10.6556482242414,6.711090886214947,25.56735532243775,20.228811502202365,14.201814625596935,-22.255020050853716,-0.19395701670097884,-0.13975742247672865,0.9710038818331868,-39.91093619708413,14.26239000161371,-21.338652256026855,0.7286953306367592,-0.1208653620307976,0.674088035325764
680674.5060195,36,0.9730207920074463,0.7288624390036234,0.1874484008916928,680674.509951-0 680674.502088-1,10.704337545631654,6.704196151429401,25.612571293931506,20.228811502202365,14.201814625596935,-22.255020050853716,-0.19283172047358746,-0.1397826224393736,0.9712243541237872,-39.91093619708413,14.26239000161371,-21.338652256026855,0.7286953306367592,-0.1208653620307976,0.674088035325764
680674.511612,36,0.9730207920074463,0.7285140217753296,0.18649856316898383,680674.509951-0 680674.513273-1,10.700056993230021,6.735956009215857,25.64068541363497,20.228811502202365,14.201814625596935,-22.255020050853716,-0.19283172047358746,-0.1397826224393736,0.9712243541237872,-39.91093619708413,14.26239000161371,-21.338652256026855,0.7285119765059823,-0.1196765505607078,0.6744982011341745
680674.5149300001,36,0.9985702931880951,0.730205834209218,0.19025022348356435,680674.516587-0 680674.513273-1,10.827154027813704,6.6699714087076245,25.752178295657675,20.228811502202365,14.201814625596935,-22.255020050853716,-0.18990212069169354,-0.14150622454418676,0.9715519404396492,-39.91093619708413,14.26239000161371,-21.338652256026855,0.7285119765059823,-0.1196765505607078,0.6744982011341745
680674.5185485,36,0.9985702931880951,0.730592917427574,0.18851464149231922,680674.516587-0 680674.52051-1,10.836004441101917,6.709338699581128,25.713019664671325,20.228811502202365,14.201814625596935,-22.255020050853716,-0.18990212069169354,-0.14150622454418676,0.9715519404396492,-39.91093619708413,14.26239000161371,-21.338652256026855,0.728900863666789,-0.11849533348248452,0.6742865762334914
680674.5233505,36,0.9408671259880066,0.7316413631600694,0.1899346034764,680674.526191-0 680674.52051-1,10.922252493486596,6.695998626412155,25.792917418324777,20.228811502202365,14.201814625596935,-22.255020050853716,-0.1879177191077216,-0.1415893354009054,0.9719256097799261,-39.91093619708413,14.26239000161371,-21.338652256026855,0.728900863666789,-0.11849533348248452,0.6742865762334914
680674.528639,36,0.9408671259880066,0.730984144790377,0.19085502088834405,680674.526191-0 680674.531087-1,10.91029011878976,6.683344246781449,25.85411620707281,20.228811502202365,14.201814625596935,-22.255020050853716,-0.1879177191077216,-0.1415893354009054,0.9719256097799261,-39.91093619708413,14.26239000161371,-21.338652256026855,0.7283731115492993,-0.11868452088899428,0.6748233805028854
680674.5320755,37,0.9825382828712463,0.7307028876361509,0.18891580564277144,680674.533064-0 680674.531087-1,10.898621324088111,6.734541672492047,25.850102725362756,20.228811502202365,14.201814625596935,-22.255020050853716,-0.1881852546819389,-0.13987555242007668,0.9721219778173273,-39.91093619708413,14.26239000161371,-21.338652256026855,0.7283731115492993,-0.11868452088899428,0.6748233805028854
680674.5363274999,37,0.9825382828712463,0.7295513539020568,0.18846031308306832,680674.533064-0 680674.539591-1,10.880597767200715,6.768228568075294,25.951932499195177,20.228811502202365,14.201814625596935,-22.255020050853716,-0.1881852546819389,-0.13987555242007668,0.9721219778173273,-39.91093619708413,14.26239000161371,-21.338652256026855,0.7275811664906573,-0.1171509086332428,0.6759447542325482
680674.5422159999,37,0.98665851354599,0.7282957013725754,0.18057162230641788,680674.544841-0 680674.539591-1,10.82273616950955,6.97407255113953,25.924343833438193,20.228811502202365,14.201814625596935,-22.255020050853716,-0.18951192956744717,-0.1330335093540503,0.9728244003624543,-39.91093619708413,14.26239000161371,-21.338652256026855,0.7275811664906573,-0.1171509086332428,0.6759447542325482
680674.5496759999,37,0.98665851354599,0.7303374352363335,0.1774532153817584,680674.544841-0 680674.5545109999-1,10.860737854338137,7.018831855725708,25.732526729599897,20.228811502202365,14.201814625596935,-22.255020050853716,-0.18951192956744717,-0.1330335093540503,0.9728244003624543,-39.91093619708413,14.26239000161371,-21.338652256026855,0.7292479369370068,-0.11635319666073521,0.6742843466223635
680674.5546865,37,0.9622776210308075,0.7284443676860788,0.1726436835073596,680674.5548619999-0 680674.5545109999-1,10.722973171453893,7.110049973012879,25.61394258028766,20.228811502202365,14.201814625596935,-22.255020050853716,-0.19269149972415278,-0.13045230378731115,0.9725493213049095,-39.91093619708413,14.26239000161371,-21.338652256026855,0.7292479369370068,-0.11635319666073521,0.6742843466223635
680674.5583009999,37,0.9622776210308075,0.7288016371256976,0.17421040941330423,680674.5548619999-0 680674.56174-1,10.726426282079036,7.061095412398993,25.587166443623246,20.228811502202365,14.201814625596935,-22.255020050853716,-0.19269149972415278,-0.13045230378731115,0.9725493213049095,-39.91093619708413,14.26239000161371,-21.338652256026855,0.7293937383585319,-0.11812043459694554,0.6738192171302286
680674.563415,38,0.8785447180271149,0.7281202550233689,0.1730570835430577,680674.5650899999-0 680674.56174-1,10.673043270108058,7.0761275831544745,25.538630832328458,20.228811502202365,14.201814625596935,-22.255020050853716,-0.1939269216865543,-0.13015421701136856,0.9723436783562356,-39.91093619708413,14.26239000161371,-21.338652256026855,0.7293937383585319,-0.11812043459694554,0.6738192171302286
680674.569791,38,0.8785447180271149,0.7274072381302338,0.17593712052705734,680674.5650899999-0 680674.574492-1,10.656887344548624,7.012835270774035,25.609985721355397,20.228811502202365,14.201814625596935,-22.255020050853716,-0.1939269216865543,-0.13015421701136856,0.9723436783562356,-39.91093619708413,14.26239000161371,-21.338652256026855,0.7286927507545479,-0.12000781217820258,0.6742440211184462
680674.573484,38,0.9346190392971039,0.7286653593288086,0.1755159078179338,680674.572476-0 680674.574492-1,10.774112590115404,7.062786112034815,25.727075031098604,20.228811502202365,14.201814625596935,-22.255020050853716,-0.1912206167183419,-0.12793495121959572,0.9731738405846597,-39.91093619708413,14.26239000161371,-21.338652256026855,0.7286927507545479,-0.12000781217820258,0.6742440211184462
680674.5778075,38,0.9823085069656372,0.7263197575275478,0.1713453379877865,680674.581123-0 680674.574492-1,10.591748452914075,7.120834706592451,25.561641287888946,20.228811502202365,14.201814625596935,-22.255020050853716,-0.1954356945242231,-0.12668421684168035,0.9724998706987289,-39.91093619708413,14.26239000161371,-21.338652256026855,0.7286927507545479,-0.12000781217820258,0.6742440211184462
680674.5813555,38,0.9823085069656372,0.724850576305293,0.17091237000121062,680674.581123-0 680674.581588-1,10.567986388881046,7.161375859931769,25.690182547040788,20.228811502202365,14.201814625596935,-22.255020050853716,-0.1954356945242231,-0.12668421684168035,0.9724998706987289,-39.91093619708413,14.26239000161371,-21.338652256026855,0.7276793010970586,-0.11815119703059695,0.6756649535051623
680674.5853305,38,0.9516355097293854,0.724605504164999,0.17069335799541507,680674.589073-0 680674.581588-1,10.547586761898966,7.160820943817738,25.67076108322208,20.228811502202365,14.201814625596935,-22.255020050853716,-0.19590735896211933,-0.12678753251548996,0.9723914995016775,-39.91093619708413,14.26239000161371,-21.338652256026855,0.7276793010970586,-0.11815119703059695,0.6756649535051623
680674.5904755,38,0.9516355097293854,0.7254221613180872,0.1711849939813318,680674.589073-0 680674.591878-1,10.56044654613187,7.13152585229575,25.600028659704215,20.228811502202365,14.201814625596935,-22.255020050853716,-0.19590735896211933,-0.12678753251548996,0.9723914995016775,-39.91093619708413,14.26239000161371,-21.338652256026855,0.7282261830733042,-0.1194104915204442,0.6748538810745123
680674.5954189999,38,0.9567179977893829,0.7251949401550983,0.16927079858341798,680674.59896-0 680674.591878-1,10.553620503794498,7.1832569356549945,25.599780963772112,20.228811502202365,14.201814625596935,-22.255020050853716,-0.19606613771241668,-0.1250230347860543,0.9725879448232024,-39.91093619708413,14.26239000161371,-21.338652256026855,0.7282261830733042,-0.1194104915204442,0.6748538810745123
680674.5989295,39,0.9567179977893829,0.7234045044608786,0.1725959586005238,680674.59896-0 680674.598899-1,10.518488482902514,7.129305627101357,25.76830563994401,20.228811502202365,14.201814625596935,-22.255020050853716,-0.19606613771241668,-0.1250230347860543,0.9725879448232024,-39.91093619708413,14.26239000161371,-21.338652256026855,0.7267207023214092,-0.12062457146023409,0.6762593685691257
680674.604612,39,0.9567179977893829,0.7234187697991852,0.17168101286003024,680674.59896-0 680674.610264-1,10.520148326550352,7.153667185151525,25.764363994098645,20.228811502202365,14.201814625596935,-22.255020050853716,-0.19606613771241668,-0.1250230347860543,0.9725879448232024,-39.91093619708413,14.26239000161371,-21.338652256026855,0.7267940253779946,-0.11981129663144019,0.6763251421279145
680674.6089745,39,0.9845017492771149,0.7226526754787562,0.16933080997416028,680674.6076849999-0 680674.610264-1,10.468197383391793,7.20298209932913,25.72080622768885,20.228811502202365,14.201814625596935,-22.255020050853716,-0.19726733867046825,-0.12353128376031745,0.9725356646552344,-39.91093619708413,14.26239000161371,-21.338652256026855,0.7267940253779946,-0.11981129663144019,0.6763251421279145
680674.612936,39,0.9062951803207397,0.7230592885264135,0.16986734478073495,680674.615608-0 680674.610264-1,10.50065017503162,7.198571392558177,25.75113662962152,20.228811502202365,14.201814625596935,-22.255020050853716,-0.19651721675372244,-0.12355078712025866,0.9726850397334869,-39.91093619708413,14.26239000161371,-21.338652256026855,0.7267940253779946,-0.11981129663144019,0.6763251421279145
680674.616357,39,0.9062951803207397,0.7225732689392382,0.1714205012787564,680674.615608-0 680674.617106-1,10.490038412416922,7.1663928563909,25.79898740955768,20.228811502202365,14.201814625596935,-22.255020050853716,-0.19651721675372244,-0.12355078712025866,0.9726850397334869,-39.91093619708413,14.26239000161371,-21.338652256026855,0.7263384227506964,-0.12072949105439021,0.6766512289398273
680674.6209374999,39,0.9363453090190887,0.7215183254698306,0.16894612228421346,680674.624769-0 680674.617106-1,10.413410385006,7.211036396655542,25.7312634959445,20.228811502202365,14.201814625596935,-22.255020050853716,-0.19828851661253094,-0.12232209710819444,0.9724808320674785,-39.91093619708413,14.26239000161371,-21.338652256026855,0.7263384227506964,-0.12072949105439021,0.6766512289398273
680674.626779,39,0.9363453090190887,0.7199337707331889,0.17024561808318084,680674.624769-0 680674.628789-1,10.38438762389852,7.207785504228147,25.87635404683868,20.228811502202365,14.201814625596935,-22.255020050853716,-0.19828851661253094,-0.12232209710819444,0.9724808320674785,-39.91093619708413,14.26239000161371,-21.338652256026855,0.725109520093316,-0.12031076328105464,0.678042405833714
680674.6308645001,40,0.955589234828949,0.7187654850378984,0.16769243203910666,680674.63294-0 680674.628789-1,10.298839905304295,7.251692430518181,25.799723846964373,20.228811502202365,14.201814625596935,-22.255020050853716,-0.2002651735108646,-0.12115478253632607,0.9722218774267728,-39.91093619708413,14.26239000161371,-21.338652256026855,0.725109520093316,-0.12031076328105464,0.678042405833714
680674.6358025,40,0.955589234828949,0.7181602596185129,0.1671832078661224,680674.63294-0 680674.638665-1,10.289210839334812,7.2777169002144655,25.85229385690878,20.228811502202365,14.201814625596935,-22.255020050853716,-0.2002651735108646,-0.12115478253632607,0.9722218774267728,-39.91093619708413,14.26239000161371,-21.338652256026855,0.7247077016527772,-0.11923605435765534,0.6786615581468922
680674.6398925,40,0.915753036737442,0.7181645247163819,0.16450924175439308,680674.64112-0 680674.638665-1,10.3073588573269,7.3598165008776135,25.87892884069668,20.228811502202365,14.201814625596935,-22.255020050853716,-0.19984774840462755,-0.11824597224330123,0.9726658046347868,-39.91093619708413,14.26239000161371,-21.338652256026855,0.7247077016527772,-0.11923605435765534,0.6786615581468922
680674.6442225,40,0.915753036737442,0.7166609886802607,0.16662802748530114,680674.64112-0 680674.647325-1,10.2779767863883,7.333312313378449,26.020345484153925,20.228811502202365,14.201814625596935,-22.255020050853716,-0.19984774840462755,-0.11824597224330123,0.9726658046347868,-39.91093619708413,14.26239000161371,-21.338652256026855,0.7234683607763295,-0.1196317762126291,0.6799130599391529
680674.647829,40,0.9782000482082367,0.7176708203696879,0.17200908310876917,680674.648333-0 680674.647325-1,10.331132085036511,7.197578059379369,26.055862379278125,20.228811502202365,14.201814625596935,-22.255020050853716,-0.1986213214733267,-0.12270529984379966,0.9723646332762378,-39.91093619708413,14.26239000161371,-21.338652256026855,0.7234683607763295,-0.1196317762126291,0.6799130599391529
680674.6519005001,40,0.9782000482082367,0.7183426135329538,0.1700974766544887,680674.648333-0 680674.655468-1,10.345705369646591,7.235852960113086,25.98980647769345,20.228811502202365,14.201814625596935,-22.255020050853716,-0.1986213214733267,-0.12270529984379966,0.9723646332762378,-39.91093619708413,14.26239000161371,-21.338652256026855,0.7240881503075209,-0.1185741154487643,0.6794383928876673
680674.657148,40,0.9980070888996124,0.718096676258782,0.16831725939224462,680674.658828-0 680674.655468-1,10.335940623981756,7.283324515444159,25.985956283841023,20.228811502202365,14.201814625596935,-22.255020050853716,-0.19884704837611913,-0.12110867062071821,0.972518658562697,-39.91093619708413,14.26239000161371,-21.338652256026855,0.7240881503075209,-0.1185741154487643,0.6794383928876673
680674.6618804999,40,0.9980070888996124,0.7161844357561084,0.16901484296402802,680674.658828-0 680674.664933-1,10.301671010142856,7.303555337519608,26.161003052951425,20.228811502202365,14.201814625596935,-22.255020050853716,-0.19884704837611913,-0.12110867062071821,0.972518658562697,-39.91093619708413,14.26239000161371,-21.338652256026855,0.7226430034968737,-0.11726259695384861,0.6812022995062896
680674.664887,41,0.9007858335971832,0.7159365586350586,0.16980653538568036,680674.664841-0 680674.664933-1,10.27470926182232,7.271907803161914,26.13138917818957,20.228811502202365,14.201814625596935,-22.255020050853716,-0.1994662843566834,-0.12230613115122538,0.9722419512074955,-39.91093619708413,14.26239000161371,-21.338652256026855,0.7226430034968737,-0.11726259695384861,0.6812022995062896
680674.668789,41,0.9778774976730347,0.7158120557655894,0.16883401135577292,680674.672645-0 680674.664933-1,10.270200278329016,7.2982250118963705,26.13011237640362,20.228811502202365,14.201814625596935,-22.255020050853716,-0.19957031684111068,-0.12141899600642693,0.9723317931882768,-39.91093619708413,14.26239000161371,-21.338652256026855,0.7226430034968737,-0.11726259695384861,0.6812022995062896
680674.672791,41,0.9778774976730347,0.7158760113070753,0.1701007872836856,680674.672645-0 680674.6729369999-1,10.269348066131347,7.262414141863465,26.127935662019052,20.228811502202365,14.201814625596935,-22.255020050853716,-0.19957031684111068,-0.12141899600642693,0.9723317931882768,-39.91093619708413,14.26239000161371,-21.338652256026855,0.7226036186535799,-0.11848255297602395,0.6810329617199415
680674.6769409999,41,0.9581159353256226,0.7145366950339028,0.16759435500595354,680674.680945-0 680674.6729369999-1,10.168979995328275,7.300459559805712,26.03576070213894,20.228811502202365,14.201814625596935,-22.255020050853716,-0.20188149674358635,-0.12051565598870541,0.9719669942617296,-39.91093619708413,14.26239000161371,-21.338652256026855,0.7226036186535799,-0.11848255297602395,0.6810329617199415
680674.680683,41,0.9581159353256226,0.7148144929360789,0.16687842144200005,680674.680945-0 680674.680421-1,10.174981528765212,7.314176902674337,26.00867541995859,20.228811502202365,14.201814625596935,-22.255020050853716,-0.20188149674358635,-0.12051565598870541,0.9719669942617296,-39.91093619708413,14.26239000161371,-21.338652256026855,0.7228557451077539,-0.11811419169562003,0.6808293541591784
680674.685936,41,0.9581159353256226,0.7136381216086576,0.1673140682059252,680674.680945-0 680674.690927-1,10.15358331342445,7.326619586434336,26.116242865965877,20.228811502202365,14.201814625596935,-22.255020050853716,-0.20188149674358635,-0.12051565598870541,0.9719669942617296,-39.91093619708413,14.26239000161371,-21.338652256026855,0.7219631353716423,-0.11730896860089725,0.6819148312290484
680674.690359,41,0.966914176940918,0.7136096475072324,0.16662557250529286,680674.689791-0 680674.690927-1,10.155559548209482,7.346970874648141,26.12047567122385,20.228811502202365,14.201814625596935,-22.255020050853716,-0.20183633154819372,-0.11980721852701628,0.9720639514229438,-39.91093619708413,14.26239000161371,-21.338652256026855,0.7219631353716423,-0.11730896860089725,0.6819148312290484
680674.6946805001,41,0.9763056635856628,0.7133579990813039,0.1649806210701399,680674.698434-0 680674.690927-1,10.144358651254555,7.390250892608326,26.114578822947202,20.228811502202365,14.201814625596935,-22.255020050853716,-0.20209497228401324,-0.11836223049654462,0.9721872271169821,-39.91093619708413,14.26239000161371,-21.338652256026855,0.7219631353716423,-0.11730896860089725,0.6819148312290484
680674.6980095,42,0.9763056635856628,0.7122496473682733,0.1675034948883396,680674.698434-0 680674.697585-1,10.120745653140691,7.344546956411026,26.222529281431864,20.228811502202365,14.201814625596935,-22.255020050853716,-0.20209497228401324,-0.11836223049654462,0.9721872271169821,-39.91093619708413,14.26239000161371,-21.338652256026855,0.7209730172717301,-0.1184751675952913,0.6827602383189615
680674.703111,42,0.9763056635856628,0.7135708847451161,0.16476952371899012,680674.698434-0 680674.707788-1,10.148453899330413,7.391555316352776,26.094676341779216,20.228811502202365,14.201814625596935,-22.255020050853716,-0.20209497228401324,-0.11836223049654462,0.9721872271169821,-39.91093619708413,14.26239000161371,-21.338652256026855,0.7221341847072226,-0.11733491835397337,0.6817292249948664
680674.707377,42,0.9032047390937805,0.7129029447904921,0.16416905181995245,680674.706966-0 680674.707788-1,10.094606020974197,7.390459235106432,26.042699207174035,20.228811502202365,14.201814625596935,-22.255020050853716,-0.2033360836841364,-0.11861487943200061,0.9718976013188476,-39.91093619708413,14.26239000161371,-21.338652256026855,0.7221341847072226,-0.11733491835397337,0.6817292249948664
680674.7118355,42,0.9588293135166168,0.7119856231100407,0.1639633490040664,680674.7158829999-0 680674.707788-1,10.01715006227571,7.370030331509794,25.965789468191748,20.228811502202365,14.201814625596935,-22.255020050853716,-0.2051238630587812,-0.11962938486327669,0.9713974526840577,-39.91093619708413,14.26239000161371,-21.338652256026855,0.7221341847072226,-0.11733491835397337,0.6817292249948664
680674.7153525,42,0.9588293135166168,0.7111752962604203,0.16548938130552626,680674.7158829999-0 680674.714822-1,9.999843110295853,7.345154185795695,26.041878519294208,20.228811502202365,14.201814625596935,-22.255020050853716,-0.2051238630587812,-0.11962938486327669,0.9713974526840577,-39.876283637207884,14.290040418755805,-21.229252404238007,0.7219402066932973,-0.1184503431145944,0.6817417796905763
680674.721839,42,0.9588293135166168,0.7117241998896315,0.16498454717818845,680674.7158829999-0 680674.727795-1,10.010434353517006,7.347450810756357,25.990995163743165,20.228811502202365,14.201814625596935,-22.255020050853716,-0.2051238630587812,-0.11962938486327669,0.9713974526840577,-39.876283637207884,14.290040418755805,-21.229252404238007,0.7223783691862214,-0.1185535150740696,0.681259536296878
680674.7270885,42,0.929298460483551,0.7128629284921668,0.16774368317912325,680674.726382-0 680674.727795-1,10.091629596671599,7.296591543276122,26.065013931619017,20.203551646175022,14.235113642982796,-22.192916658305958,-0.202996239744442,-0.1218866747869635,0.9715637730787382,-39.876283637207884,14.290040418755805,-21.229252404238007,0.7223783691862214,-0.1185535150740696,0.681259536296878
680674.7319585,43,0.9693306088447571,0.7121888641072867,0.16689961712112877,680674.736122-0 680674.727795-1,10.039124659637647,7.303034842943944,26.015213163549976,20.203551646175022,14.235113642982796,-22.192916658305958,-0.20420844192576948,-0.12187803166093078,0.9713107935386628,-39.876283637207884,14.290040418755805,-21.229252404238007,0.7223783691862214,-0.1185535150740696,0.681259536296878
680674.7352665,43,0.9693306088447571,0.713600489967315,0.16660308621433173,680674.736122-0 680674.734411-1,10.064577907731106,7.282036991926943,25.887549753098735,20.203551646175022,14.235113642982796,-22.192916658305958,-0.20420844192576948,-0.12187803166093078,0.9713107935386628,-39.876283637207884,14.290040418755805,-21.229252404238007,0.7234323217454475,-0.11972864454786668,0.6799343553084534
680674.740497,43,0.9693306088447571,0.7144549283104364,0.16551206522775785,680674.736122-0 680674.744872-1,10.081335572709571,7.293981661350451,25.80816483782924,20.203551646175022,14.235113642982796,-22.192916658305958,-0.20420844192576948,-0.12187803166093078,0.9713107935386628,-39.876283637207884,14.290040418755805,-21.229252404238007,0.7241290421095985,-0.11961001273486445,0.6792132030717605
680674.7439639999,43,1.0,0.7147310810298226,0.16320682796060448,680674.743056-0 680674.744872-1,10.120000498029846,7.372432805532542,25.85414380242074,20.203551646175022,14.235113642982796,-22.192916658305958,-0.20331437718369133,-0.11900541747356265,0.9718543999192218,-39.876283637207884,14.290040418755805,-21.229252404238007,0.7241290421095985,-0.11961001273486445,0.6792132030717605
680674.748833,43,0.9880012571811676,0.7139599549740369,0.16544859495876396,680674.752794-0 680674.744872-1,10.039354955457227,7.281630816152575,25.76651838002377,20.203551646175022,14.235113642982796,-22.192916658305958,-0.20518168900036945,-0.12247738898493904,0.9710302588932992,-39.876283637207884,14.290040418755805,-21.229252404238007,0.7241290421095985,-0.11961001273486445,0.6792132030717605
680674.752792,43,0.9880012571811676,0.7136283767580041,0.1667051761520949,680674.752794-0 680674.7527899999-1,10.031528726210201,7.254568697679764,25.799486039666334,20.203551646175022,14.235113642982796,-22.192916658305958,-0.20518168900036945,-0.12247738898493904,0.9710302588932992,-39.876283637207884,14.290040418755805,-21.229252404238007,0.7238023985242376,-0.12041189178428426,0.6794196525031421
680674.7575904999,43,0.9880012571811676,0.7130819827141333,0.1671377641443712,680674.752794-0 680674.762387-1,10.021201019460555,7.25405126239067,25.84941383119479,20.203551646175022,14.235113642982796,-22.192916658305958,-0.20518168900036945,-0.12247738898493904,0.9710302588932992,-39.876283637207884,14.290040418755805,-21.229252404238007,0.7233751899610859,-0.12024745918207536,0.6799035836859652
680674.76338,43,0.9360838532447815,0.7128937241393534,0.16691871030411598,680674.764373-0 680674.762387-1,10.006535421602228,7.255333914229315,25.835485176356425,20.203551646175022,14.235113642982796,-22.192916658305958,-0.2055215420465535,-0.12249318341808808,0.9709563923116781,-39.876283637207884,14.290040418755805,-21.229252404238007,0.7233751899610859,-0.12024745918207536,0.6799035836859652
680674.7669295,44,0.9360838532447815,0.7134766635644174,0.16626130619905044,680674.764373-0 680674.769486-1,10.017872327144605,7.2611503115319795,25.78173284143853,20.203551646175022,14.235113642982796,-22.192916658305958,-0.2055215420465535,-0.12249318341808808,0.9709563923116781,-39.876283637207884,14.290040418755805,-21.229252404238007,0.7238441805974267,-0.1202453578558308,0.6794046335795505
680674.7721795,44,0.9283424913883209,0.714016783162622,0.16772782505560724,680674.774873-0 680674.769486-1,10.054619085633067,7.232016512028601,25.813551803148222,20.203551646175022,14.235113642982796,-22.192916658305958,-0.2046689839578421,-0.12335119963385537,0.9710278515853978,-39.876283637207884,14.290040418755805,-21.229252404238007,0.7238441805974267,-0.1202453578558308,0.6794046335795505
680674.7762485,44,0.9283424913883209,0.7130939512376877,0.1685822906244523,680674.774873-0 680674.777624-1,10.036999641177832,7.2277334725331315,25.898334340934483,20.203551646175022,14.235113642982796,-22.192916658305958,-0.2046689839578421,-0.12335119963385537,0.9710278515853978,-39.876283637207884,14.290040418755805,-21.229252404238007,0.7231137001999114,-0.12008118877671371,0.6802110589259511
680674.7796189999,44,0.9825907945632935,0.7131048044780578,0.16983387607599765,680674.781614-0 680674.777624-1,10.029936302368174,7.189946312228548,25.88707107282828,20.203551646175022,14.235113642982796,-22.192916658305958,-0.2048318516589536,-0.12468711858905025,0.9708228648955094,-39.876283637207884,14.290040418755805,-21.229252404238007,0.7231137001999114,-0.12008118877671371,0.6802110589259511
680674.784232,44,0.9825907945632935,0.7137772062726102,0.16958643457796607,680674.781614-0 680674.78685-1,10.042189392301895,7.183030987360576,25.82634294242923,20.203551646175022,14.235113642982796,-22.192916658305958,-0.2048318516589536,-0.12468711858905025,0.9708228648955094,-39.876283637207884,14.290040418755805,-21.229252404238007,0.7236204267866356,-0.12053971897001733,0.6795907990016908
680674.789403,44,0.9771344065666199,0.7138329972752168,0.17016396473618722,680674.791956-0 680674.78685-1,10.043258108683801,7.167073460256943,25.82546257889201,20.203551646175022,14.235113642982796,-22.192916658305958,-0.20480683230118576,-0.12523504193446933,0.9707576142963935,-39.876283637207884,14.290040418755805,-21.229252404238007,0.7236204267866356,-0.12053971897001733,0.6795907990016908
680674.7933809999,44,0.9771344065666199,0.7142784882609325,0.17134577644122184,680674.791956-0 680674.794806-1,10.049238927047455,7.126366373683341,25.788911267447954,20.203551646175022,14.235113642982796,-22.192916658305958,-0.20480683230118576,-0.12523504193446933,0.9707576142963935,-39.876283637207884,14.290040418755805,-21.229252404238007,0.7238638989968322,-0.12206029836585476,0.6790598937442428
680674.7965965,44,0.9463199973106384,0.7146873543370006,0.17262844206847627,680674.798387-0 680674.794806-1,10.076025977589559,7.0990318690547545,25.81132229262735,20.203551646175022,14.235113642982796,-22.192916658305958,-0.20418561771114171,-0.12606921375786387,0.970780503956684,-39.876283637207884,14.290040418755805,-21.229252404238007,0.7238638989968322,-0.12206029836585476,0.6790598937442428
680674.8011255,45,0.9463199973106384,0.7131904980658846,0.17518697995402277,680674.798387-0 680674.803864-1,10.045695682923046,7.059928892109644,25.95178323774303,20.203551646175022,14.235113642982796,-22.192916658305958,-0.20418561771114171,-0.12606921375786387,0.970780503956684,-39.876283637207884,14.290040418755805,-21.229252404238007,0.7226012056571876,-0.12286540741242438,0.6802584723795492
680674.8065605001,45,0.9883942306041718,0.7140055285309154,0.1777477824546546,680674.809257-0 680674.803864-1,10.099399025447958,7.004950653981911,25.99681542853808,20.203551646175022,14.235113642982796,-22.192916658305958,-0.20294443860576908,-0.12774003671796022,0.9708223513384328,-39.876283637207884,14.290040418755805,-21.229252404238007,0.7226012056571876,-0.12286540741242438,0.6802584723795492
680674.810405,45,0.9883942306041718,0.7137877882936546,0.17885899096405966,680674.809257-0 680674.811553-1,10.09384668904481,6.979245914303474,26.019217933382144,20.203551646175022,14.235113642982796,-22.192916658305958,-0.20294443860576908,-0.12774003671796022,0.9708223513384328,-39.876283637207884,14.290040418755805,-21.229252404238007,0.7223672622766721,-0.12365237094894381,0.6803643358889488
680674.813664,45,0.9822256565093994,0.7143090848362388,0.17998049936489846,680674.815775-0 680674.811553-1,10.131634522709078,6.959640718720909,26.053225487989057,20.203551646175022,14.235113642982796,-22.192916658305958,-0.20207278166192957,-0.1282550187650173,0.9709362703457911,-39.876283637207884,14.290040418755805,-21.229252404238007,0.7223672622766721,-0.12365237094894381,0.6803643358889488
680674.819135,45,0.9822256565093994,0.7133031254816202,0.18118206172857854,680674.815775-0 680674.822495-1,10.112074215561792,6.946874532296739,26.147179288746337,20.203551646175022,14.235113642982796,-22.192916658305958,-0.20207278166192957,-0.1282550187650173,0.9709362703457911,-39.876283637207884,14.290040418755805,-21.229252404238007,0.7215486849480859,-0.12373066410661568,0.6812181867870408
680674.8247915,45,0.9238888621330261,0.7149477911529679,0.18544204533788688,680674.827088-0 680674.822495-1,10.227626672831832,6.862509462897121,26.24833388543252,20.203551646175022,14.235113642982796,-22.192916658305958,-0.1994162905422386,-0.1306601509268775,0.9711647996226691,-39.876283637207884,14.290040418755805,-21.229252404238007,0.7215486849480859,-0.12373066410661568,0.6812181867870408
680674.8285749999,45,0.9238888621330261,0.712258714568805,0.188090408038326,680674.827088-0 680674.830062-1,10.176214132398846,6.842653922758727,26.50140365675781,20.203551646175022,14.235113642982796,-22.192916658305958,-0.1994162905422386,-0.1306601509268775,0.9711647996226691,-39.876283637207884,14.290040418755805,-21.229252404238007,0.7193794156405193,-0.12344199796593854,0.6835607723464548
680674.83173,46,0.9925302565097809,0.7124794511343714,0.19013214702453263,680674.833398-0 680674.830062-1,10.182655709632837,6.786332615416333,26.500527306966955,20.203551646175022,14.235113642982796,-22.192916658305958,-0.19926860728013596,-0.13255954436422884,0.9709376856166326,-39.876283637207884,14.290040418755805,-21.229252404238007,0.7193794156405193,-0.12344199796593854,0.6835607723464548
680674.836996,46,0.9925302565097809,0.7105621060210741,0.19257533075316458,680674.833398-0 680674.840594-1,10.144831567255846,6.756533235607222,26.68400461559879,20.203551646175022,14.235113642982796,-22.192916658305958,-0.19926860728013596,-0.13255954436422884,0.9709376856166326,-39.876283637207884,14.290040418755805,-21.229252404238007,0.7177823188628843,-0.12374507579099552,0.6851829674950344
680674.842108,46,0.9739335477352142,0.7107571686118999,0.19415343491201298,680674.843622-0 680674.840594-1,10.152071929308654,6.713530786547783,26.68554147667309,20.203551646175022,14.235113642982796,-22.192916658305958,-0.1991034199959609,-0.13399516277288,0.9707744972440208,-39.876283637207884,14.290040418755805,-21.229252404238007,0.7177823188628843,-0.12374507579099552,0.6851829674950344
680674.8460095,46,0.9739335477352142,0.7089568152155217,0.19704908142707955,680674.843622-0 680674.848397-1,10.115415446715616,6.668540854742103,26.860472175173012,20.203551646175022,14.235113642982796,-22.192916658305958,-0.1991034199959609,-0.13399516277288,0.9707744972440208,-39.876283637207884,14.290040418755805,-21.229252404238007,0.7162332903901505,-0.1245824441565769,0.6866506304845802
680674.84941,46,0.9348488450050354,0.7097425899866071,0.19803604536916897,680674.8504229999-0 680674.848397-1,10.177828464808677,6.658899859411181,26.920494340857122,20.203551646175022,14.235113642982796,-22.192916658305958,-0.19768704751652683,-0.13404805958889307,0.9710566147061926,-39.876283637207884,14.290040418755805,-21.229252404238007,0.7162332903901505,-0.1245824441565769,0.6866506304845802
680674.8546595,46,0.9348488450050354,0.7064729906422167,0.20037933958569232,680674.8504229999-0 680674.858896-1,10.115087977329853,6.6569842898918345,27.236430300382242,20.203551646175022,14.235113642982796,-22.192916658305958,-0.19768704751652683,-0.13404805958889307,0.9710566147061926,-39.876283637207884,14.290040418755805,-21.229252404238007,0.7135764280257606,-0.12344658069568844,0.6896155618027622
680674.8605455,46,0.9127010107040405,0.711958481533282,0.21361604617164698,680674.8621949999-0 680674.858896-1,10.521553118750361,6.389060568035089,27.60288259614127,20.203551646175022,14.235113642982796,-22.192916658305958,-0.18856419173030142,-0.1412687780420098,0.9718470445227559,-39.876283637207884,14.290040418755805,-21.229252404238007,0.7135764280257606,-0.12344658069568844,0.6896155618027622
680674.864301,46,0.9127010107040405,0.7074043822918523,0.2193207046965513,680674.8621949999-0 680674.866407-1,10.43165423247293,6.312590428039747,28.064557211153197,20.203551646175022,14.235113642982796,-22.192916658305958,-0.18856419173030142,-0.1412687780420098,0.9718470445227559,-39.876283637207884,14.290040418755805,-21.229252404238007,0.7096419742876353,-0.1241774125739604,0.6935331560463303
680674.8673960001,46,0.9940007627010345,0.7098695326419373,0.22560525088055872,680674.868385-0 680674.866407-1,10.617854870596425,6.177201991979988,28.232142666888958,20.203551646175022,14.235113642982796,-22.192916658305958,-0.1844486559780962,-0.14492636357000402,0.9720982678979779,-39.876283637207884,14.290040418755805,-21.229252404238007,0.7096419742876353,-0.1241774125739604,0.6935331560463303
680674.8722525,46,0.9940007627010345,0.7045662950173955,0.23273261118308253,680674.868385-0 680674.87612-1,10.51160672119936,6.0689614472201745,28.787430875273692,20.203551646175022,14.235113642982796,-22.192916658305958,-0.1844486559780962,-0.14492636357000402,0.9720982678979779,-39.876283637207884,14.290040418755805,-21.229252404238007,0.7049287164281253,-0.12553493025050838,0.6980805727435737
680674.8773594999,46,0.9199907779693604,0.7065113081050456,0.2359622255008137,680674.8785989999-0 680674.87612-1,10.671756437193155,6.013324476457414,28.942181535425608,20.203551646175022,14.235113642982796,-22.192916658305958,-0.18095575121262905,-0.14601217652895768,0.9725921346630094,-39.876283637207884,14.290040418755805,-21.229252404238007,0.7049287164281253,-0.12553493025050838,0.6980805727435737
680674.8808235,47,0.9199907779693604,0.700607824394011,0.242723423967927,680674.8785989999-0 680674.8830479999-1,10.55324597777097,5.921953126890798,29.58003937127852,20.203551646175022,14.235113642982796,-22.192916658305958,-0.18095575121262905,-0.14601217652895768,0.9725921346630094,-39.876283637207884,14.290040418755805,-21.229252404238007,0.6996154476601784,-0.1259975370064494,0.7033227182905132
680674.8830479999,47,1.0,0.6900453629291885,0.22493832226119437,680674.8830479999-1,71.17826766432691,45.74594714989885,210.82278247786735,,,,,,,9.913601393105475,100.94055792464975,-282.3305360835103,0.12252933254244279,-0.11038922154950176,0.9863066371227553
680674.884671,47,0.5103666530239901,0.6887321867649197,0.1930976278287192,680674.884671-0,82.9815081571129,61.3540593942449,245.9577359635722,25.6017450925386,294.8448009781556,-192.4366485639315,0.11475952612914858,-0.46698148316782134,0.8767887690550074,,,,,,
680674.893801,47,1.0,0.6732704436262449,0.23420418378508212,680674.893801-1,64.55825036934336,43.50130252480301,211.3441485797555,,,,,,,9.913601393105475,100.94055792464975,-282.3305360835103,0.10928929795247574,-0.11487851079969343,0.9873493693265317
680674.898911,47,0.3626583881513199,0.7312174480513829,-0.024682296332813936,680674.898911-0,124.9362672877634,140.52884872981227,272.6646732810332,25.6017450925386,294.8448009781556,-192.4366485639315,0.1986690443904496,-0.30863190449668665,0.9302026436899293,,,,,,
680674.899918,47,1.0,0.6445995706672001,0.25004260224913044,680674.899918-1,53.541851269369516,39.789747968136766,211.99441195613372,,,,,,,9.913601393105475,100.94055792464975,-282.3305360835103,0.08725649975252812,-0.1223016199130259,0.988649896079288
680674.910361,47,1.0,0.6243611714271686,0.26734581890831666,680674.910361-1,45.88636877422004,35.97313431569356,212.12390456452223,,,,,,,9.913601393105475,100.94055792464975,-282.3305360835103,0.0719455347622292,-0.1299348472179124,0.988908881296065
680674.9109039999,47,0.31175857328939854,0.7023518258960717,0.2197698806778119,680674.9109039999-0,87.31864843456441,54.0184283585819,241.37630893361631,25.6017450925386,294.8448009781556,-192.4366485639315,0.12343380668405159,-0.48165274523914736,0.8676259149950957,,,,,,
680674.91761,47,0.7982233762741089,0.6051151087082507,0.2802411973718397,680674.91761-1,38.80055399836162,33.1648404181837,212.2116725151748,,,,,,,9.913601393105475,100.94055792464975,-282.3305360835103,0.05777390521051226,-0.13555143501293204,0.9890844171973703
680674.92399,48,0.3103480975288505,0.7878848095278059,0.1607253605827451,680674.92399-0,134.45916410819177,74.16284186760436,242.8213614121969,25.6017450925386,294.8448009781556,-192.4366485639315,0.21771483803130634,-0.4413639182211025,0.8705160199522568,,,,,,
680674.927238,48,0.9541937112808228,0.603532407527048,0.27341092103055475,680674.927238-1,38.30361388861356,34.5671602903773,212.4305974718526,,,,,,,9.913601393105475,100.94055792464975,-282.3305360835103,0.05678002499101613,-0.13274679526854488,0.9895222671107258
680674.933749,48,0.21984780717845548,0.7318077438203713,0.046327695166981986,680674.933749-0,117.1770081301665,111.72356299801268,263.72185831740364,25.6017450925386,294.8448009781556,-192.4366485639315,0.18315052607525578,-0.3662424759602858,0.9123170137626703,,,,,,
680674.9400675,48,0.7949999999999999,0.45791997628347564,-0.15646793955523952,680674.946519-0 680674.933616-1,-1.6517327415760477,15.338138903816636,23.663443005114388,20.203551646175022,14.235113642982796,-22.192916658305958,-0.4256562169348134,0.1641719677930997,0.8898676024980818,-39.876283637207884,14.290040418755805,-21.229252404238007,0.6414812567087621,-0.12509429159897148,0.7568706729030387
680674.947309,48,0.27470855141832473,0.3828227328395208,0.047259059636236556,680674.947309-1,-41.99105731416332,84.81625394063744,214.706598570947,,,,,,,9.913601393105475,100.94055792464975,-282.3305360835103,-0.1038093174145376,-0.032248607968024694,0.9940742693089146
680674.953367,49,0.7949999999999999,0.4602502414507857,-0.14837024645090757,680674.946519-0 680674.960215-1,-1.5141285381074212,14.81438799159108,23.29453700416096,20.203551646175022,14.235113642982796,-22.192916658305958,-0.4256562169348134,0.1641719677930997,0.8898676024980818,-39.876283637207884,14.290040418755805,-21.229252404238007,0.6449374543719552,-0.14399882073162282,0.7505464806233683
680674.9590749999,49,0.669802225727314,0.8841450343342887,0.22840808384390587,680674.957935-0 680674.960215-1,168.70926298822178,53.549998294428065,207.07028138921237,20.203551646175022,14.235113642982796,-22.192916658305958,0.5177815288271417,0.40250147754512855,0.7549138023505836,-39.876283637207884,14.290040418755805,-21.229252404238007,0.6449374543719552,-0.14399882073162282,0.7505464806233683
680674.960215,49,0.6,0.5937042538156828,0.25874776280637035,680674.960215-1,34.928084253581,37.55329219954751,213.0040278135776,,,,,,,9.913601393105475,100.94055792464975,-282.3305360835103,0.050028965720951016,-0.12677453145020443,0.9906691277941758
680674.967713,49,0.35289315359154444,0.5289583654163931,-0.2639186422088815,680674.967713-0,21.752393091558762,253.7660855560801,305.8581654051129,25.6017450925386,294.8448009781556,-192.4366485639315,-0.007698704001959669,-0.082157430844151,0.9965896279380889,,,,,,
680674.97421,49,0.99,0.6123251206191288,0.2865294069132299,680674.97421-1,41.31846604643188,31.912967279949612,211.88492928143967,,,,,,,9.913601393105475,100.94055792464975,-282.3305360835103,0.06280972930665277,-0.13805518128940028,0.9884309307298998
680674.978751,49,0.28500879228418785,0.4683020036920131,-0.11644137195638593,680674.978751-0,-14.155379864883777,171.29218529996734,290.42370617043457,25.6017450925386,294.8448009781556,-192.4366485639315,-0.07951424991484475,-0.24710523135637644,0.965720709468732,,,,,,
680674.990673,50,0.2683464949443356,0.5639247608789744,-0.023749592794861885,680674.990673-0,34.64786328527097,132.6988226866855,280.45535757441,25.6017450925386,294.8448009781556,-192.4366485639315,0.018092236385464706,-0.32429195658294013,0.945784012276683,,,,,,
680674.991074,50,0.947424168586731,0.5691134953664795,0.31302983799133566,680675.000555-0 680674.981593-1,3.3759769101230663,3.4429299263625737,27.71351983846042,20.203551646175022,14.235113642982796,-22.192916658305958,-0.3130105638138821,-0.20216584478173666,0.9279834902327747,-39.876283637207884,14.290040418755805,-21.229252404238007,0.6532606827277683,-0.16240388424014207,0.7395102830831796
680674.9958495,50,0.9276556921005249,0.5729373260595627,0.3110474075336326,680675.000555-0 680674.991144-1,3.502137065499914,3.4472496525210197,27.321630791883983,20.203551646175022,14.235113642982796,-22.192916658305958,-0.3130105638138821,-0.20216584478173666,0.9279834902327747,-39.876283637207884,14.290040418755805,-21.229252404238007,0.6572154051606037,-0.16429197929177922,0.7355787223404257
680674.9991085001,50,0.995,0.5757710629065127,0.3142604519809751,680675.000555-0 680674.997662-1,3.5895973834544606,3.330126956754543,27.021169240813048,20.203551646175022,14.235113642982796,-22.192916658305958,-0.3130105638138821,-0.20216584478173666,0.9279834902327747,-39.876283637207884,14.290040418755805,-21.229252404238007,0.6599579053232555,-0.1697082223217644,0.7318843368167729
680675.0034725,50,0.995,0.5792291636344332,0.3135338705385974,680675.000555-0 680675.00639-1,3.697782937288167,3.3082756308175503,26.678117811464055,20.203551646175022,14.235113642982796,-22.192916658305958,-0.3130105638138821,-0.20216584478173666,0.9279834902327747,-39.876283637207884,14.290040418755805,-21.229252404238007,0.6633554638340576,-0.1722507732502836,0.7282095850208108
680675.0099035,50,0.995,0.5439713119324997,0.2978611947741926,680675.013417-0 680675.00639-1,1.9927214085218754,3.4102509657368474,24.73136991169006,20.203551646175022,14.235113642982796,-22.192916658305958,-0.35371225447859767,-0.21037695644970683,0.911388598363303,-39.876283637207884,14.290040418755805,-21.229252404238007,0.6633554638340576,-0.1722507732502836,0.7282095850208108
680675.014899,51,0.995,0.5474288020004627,0.29202583446940966,680675.013417-0 680675.0163809999-1,2.1091343504630284,3.504546004743794,24.437539093258316,20.203551646175022,14.235113642982796,-22.192916658305958,-0.35371225447859767,-0.21037695644970683,0.911388598363303,-39.876283637207884,14.290040418755805,-21.229252404238007,0.6668111640697529,-0.1706781893328958,0.725418380769322
680675.020298,51,0.8,0.5971150903560496,0.3031964863294464,680675.024215-0 680675.0163809999-1,4.612512288237555,3.6688143410632943,27.330459480022313,20.203551646175022,14.235113642982796,-22.192916658305958,-0.29418977156796394,-0.18793885817259026,0.9370866362794702,-39.876283637207884,14.290040418755805,-21.229252404238007,0.6668111640697529,-0.1706781893328958,0.725418380769322
680675.024714,51,0.8,0.5990968095026614,0.29624027148054577,680675.024215-0 680675.025213-1,4.677148209360403,3.824928676865186,27.152145946435294,20.203551646175022,14.235113642982796,-22.192916658305958,-0.29418977156796394,-0.18793885817259026,0.9370866362794702,-39.876283637207884,14.290040418755805,-21.229252404238007,0.6689202536822554,-0.16646883459237793,0.7244541540519472
680675.031249,51,0.8,0.5953198009433465,0.2735191142886011,680675.037285-0 680675.025213-1,4.50132433732389,4.390552865014693,27.057494388372813,20.203551646175022,14.235113642982796,-22.192916658305958,-0.2982789528977191,-0.16981743666130555,0.939250607912512,-39.876283637207884,14.290040418755805,-21.229252404238007,0.6689202536822554,-0.16646883459237793,0.7244541540519472
680675.035134,51,0.8,0.5967668628194195,0.27050779787099133,680675.037285-0 680675.032983-1,4.546672065253241,4.447422476214216,26.921929385773485,20.203551646175022,14.235113642982796,-22.192916658305958,-0.2982789528977191,-0.16981743666130555,0.939250607912512,-39.876283637207884,14.290040418755805,-21.229252404238007,0.6703881508375785,-0.1652413374579461,0.723377513896915
680675.039518,51,0.8,0.5974375248942361,0.268303858499105,680675.037285-0 680675.041751-1,4.5684453418949165,4.494692278885126,26.861473388992227,20.203551646175022,14.235113642982796,-22.192916658305958,-0.2982789528977191,-0.16981743666130555,0.939250607912512,-39.876283637207884,14.290040418755805,-21.229252404238007,0.6710950158371034,-0.16396660764173193,0.723012054738412
680675.047591,52,0.995,0.6301226483360847,0.32179056086240143,680675.053431-0 680675.041751-1,6.474807894344557,3.396247669829937,28.797651507855978,20.203551646175022,14.235113642982796,-22.192916658305958,-0.25464091613081247,-0.19482650613787483,0.9472067547996947,-39.876283637207884,14.290040418755805,-21.229252404238007,0.6710950158371034,-0.16396660764173193,0.723012054738412
680675.0520065,52,0.995,0.6322624763206521,0.3161984429516701,680675.053431-0 680675.0505819999-1,6.537097131454072,3.5251008357814504,28.585125562555774,20.203551646175022,14.235113642982796,-22.192916658305958,-0.25464091613081247,-0.19482650613787483,0.9472067547996947,-39.876283637207884,14.290040418755805,-21.229252404238007,0.6732972902721394,-0.1609111170715626,0.7216497566790806
680675.0565094999,52,0.995,0.6418562012013924,0.3093863184382928,680675.053431-0 680675.059588-1,6.786958004827269,3.5981930506968727,27.627642859671408,20.203551646175022,14.235113642982796,-22.192916658305958,-0.25464091613081247,-0.19482650613787483,0.9472067547996947,-39.876283637207884,14.290040418755805,-21.229252404238007,0.682147072993792,-0.16338788222071488,0.7127269959454546
680675.0607115,52,0.9375354945659637,0.6404647761574573,0.304688473479677,680675.061835-0 680675.059588-1,6.7072075542310206,3.711407874140898,27.56293677476738,20.203551646175022,14.235113642982796,-22.192916658305958,-0.2564555151075132,-0.19152749168046,0.9473899876510893,-39.876283637207884,14.290040418755805,-21.229252404238007,0.682147072993792,-0.16338788222071488,0.7127269959454546
680675.0636855,52,0.9375354945659637,0.643068916327116,0.29491519457140125,680675.061835-0 680675.065536-1,6.782587159128315,3.9386131608931523,27.324723494820613,20.203551646175022,14.235113642982796,-22.192916658305958,-0.2564555151075132,-0.19152749168046,0.9473899876510893,-39.876283637207884,14.290040418755805,-21.229252404238007,0.6848188511258588,-0.1571754539994582,0.7115609726528872
680675.0669285,52,0.8,0.6188720931109839,0.25986007534487043,680675.068321-0 680675.065536-1,5.364148428746788,4.572808888822353,25.909461286591828,20.203551646175022,14.235113642982796,-22.192916658305958,-0.28944564280111545,-0.17841889943659794,0.9404190109665383,-39.876283637207884,14.290040418755805,-21.229252404238007,0.6848188511258588,-0.1571754539994582,0.7115609726528872
680675.0720434999,52,0.8,0.6246118768067961,0.25051948625885645,680675.068321-0 680675.075766-1,5.52182466490047,4.722776254166394,25.40908616536417,20.203551646175022,14.235113642982796,-22.192916658305958,-0.28944564280111545,-0.17841889943659794,0.9404190109665383,-39.876283637207884,14.290040418755805,-21.229252404238007,0.6900312217571241,-0.15456452861380993,0.707083247924006
680675.0801154999,53,0.8902152180671692,0.6470011105441099,0.28375207303558925,680675.084465-0 680675.075766-1,6.818807275524613,4.1386434507977246,26.68237754010541,20.203551646175022,14.235113642982796,-22.192916658305958,-0.2590161056823993,-0.1908480861039894,0.9468303253632977,-39.876283637207884,14.290040418755805,-21.229252404238007,0.6900312217571241,-0.15456452861380993,0.707083247924006
680675.0837155,53,0.8902152180671692,0.6489973731408465,0.2817452876233659,680675.084465-0 680675.082966-1,6.8681440331414025,4.164953891621525,26.49971729592238,20.203551646175022,14.235113642982796,-22.192916658305958,-0.2590161056823993,-0.1908480861039894,0.9468303253632977,-39.876283637207884,14.290040418755805,-21.229252404238007,0.6917711331900991,-0.1546073994229089,0.7053717114603982
680675.0887485,53,0.8902152180671692,0.6493417789726132,0.27935550458073677,680675.084465-0 680675.093032-1,6.879149714279722,4.222144796779051,26.47071064460024,20.203551646175022,14.235113642982796,-22.192916658305958,-0.2590161056823993,-0.1908480861039894,0.9468303253632977,-39.876283637207884,14.290040418755805,-21.229252404238007,0.6921604806107449,-0.15285552789187698,0.7053715734799626
680675.092646,53,0.9214401841163635,0.6380716972816546,0.25711212909400705,680675.09226-0 680675.093032-1,6.224461495751319,4.663483331509384,25.860041811714723,20.203551646175022,14.235113642982796,-22.192916658305958,-0.2743132244150875,-0.17953423889245437,0.9447326140111313,-39.876283637207884,14.290040418755805,-21.229252404238007,0.6921604806107449,-0.15285552789187698,0.7053715734799626
680675.0968465,53,0.8,0.6188520196600459,0.2247899588873027,680675.100661-0 680675.093032-1,5.174129160067228,5.2334830092897375,24.849121989217476,20.203551646175022,14.235113642982796,-22.192916658305958,-0.29931722217076256,-0.16560572201193582,0.939672254218929,-39.876283637207884,14.290040418755805,-21.229252404238007,0.6921604806107449,-0.15285552789187698,0.7053715734799626
680675.1005065,53,0.8,0.6170871647776839,0.2269172270215598,680675.100661-0 680675.100352-1,5.1265694849349135,5.209947136165588,24.999080661207763,20.203551646175022,14.235113642982796,-22.192916658305958,-0.29931722217076256,-0.16560572201193582,0.939672254218929,-39.876283637207884,14.290040418755805,-21.229252404238007,0.6906172286418538,-0.15295462494877682,0.7068611788815569
680675.10598,53,0.8,0.6171725276646925,0.22766132146799634,680675.100661-0 680675.111299-1,5.127835967170705,5.190086184155106,24.99053838936639,20.203551646175022,14.235113642982796,-22.192916658305958,-0.29931722217076256,-0.16560572201193582,0.939672254218929,-39.876283637207884,14.290040418755805,-21.229252404238007,0.69065644855155,-0.15367428826184568,0.7066667412588307
680675.1128829999,54,0.9670431017875671,0.6239003096780575,0.2407998263149176,680675.114467-0 680675.111299-1,5.480448706392024,4.945044620791137,25.322675151954147,20.203551646175022,14.235113642982796,-22.192916658305958,-0.2908792489763302,-0.172203321999181,0.9411351010388532,-39.876283637207884,14.290040418755805,-21.229252404238007,0.69065644855155,-0.15367428826184568,0.7066667412588307
680675.116558,54,0.9670431017875671,0.6232870041623798,0.2442183561801866,680675.114467-0 680675.118649-1,5.460789661200836,4.869132254694087,25.371810185740625,20.203551646175022,14.235113642982796,-22.192916658305958,-0.2908792489763302,-0.172203321999181,0.9411351010388532,-39.876283637207884,14.290040418755805,-21.229252404238007,0.6900033290308174,-0.15601457096549837,0.7067919492841164
680675.1217964999,54,0.8690422177314758,0.629772671714038,0.2446310992083689,680675.124944-0 680675.118649-1,5.843662052483063,4.9505728311863235,25.793142591043118,20.203551646175022,14.235113642982796,-22.192916658305958,-0.2817940227947713,-0.16718489722699978,0.9447969828785109,-39.876283637207884,14.290040418755805,-21.229252404238007,0.6900033290308174,-0.15601457096549837,0.7067919492841164
680675.1268465,54,0.8690422177314758,0.6358832118291236,0.23802116426083952,680675.124944-0 680675.128749-1,6.0012944421435295,5.022339186621634,25.259537846438654,20.203551646175022,14.235113642982796,-22.192916658305958,-0.2817940227947713,-0.16718489722699978,0.9447969828785109,-39.876283637207884,14.290040418755805,-21.229252404238007,0.6952943797442402,-0.15612020825436415,0.7015641140128861
680675.1305365,54,0.9875050187110901,0.6491141389633046,0.23750844058095133,680675.132324-0 680675.128749-1,6.834334850314729,5.2426604635302825,26.1661558276343,20.203551646175022,14.235113642982796,-22.192916658305958,-0.26213646974580795,-0.15494326368591224,0.9525109218626121,-39.876283637207884,14.290040418755805,-21.229252404238007,0.6952943797442402,-0.15612020825436415,0.7015641140128861
680675.1338869999,54,0.9875050187110901,0.6680825384967235,0.21122006486310219,680675.132324-0 680675.13545-1,7.289983441818131,5.602735989367609,24.530072496671483,20.203551646175022,14.235113642982796,-22.192916658305958,-0.26213646974580795,-0.15494326368591224,0.9525109218626121,-39.876283637207884,14.290040418755805,-21.229252404238007,0.7113086222015877,-0.15136772372475465,0.6863875408222859
680675.1389299999,54,0.9315730929374695,0.678361992007628,0.21675253146055107,680675.14241-0 680675.13545-1,7.967729514517148,5.646120807329139,25.212669677660653,20.203551646175022,14.235113642982796,-22.192916658305958,-0.24600546455806538,-0.14990556749735165,0.9576061989361113,-39.876283637207884,14.290040418755805,-21.229252404238007,0.7113086222015877,-0.15136772372475465,0.6863875408222859
680675.143647,54,0.9315730929374695,0.6952961060436182,0.1903676289236782,680675.14241-0 680675.144884-1,8.338225038505183,6.027292415736913,23.80404221447231,20.203551646175022,14.235113642982796,-22.192916658305958,-0.24600546455806538,-0.14990556749735165,0.9576061989361113,-39.876283637207884,14.290040418755805,-21.229252404238007,0.72490849006075,-0.1445658342903425,0.6735045661268978
680675.147348,54,0.9118151068687439,0.6982870700848842,0.19163014553188584,680675.149812-0 680675.144884-1,8.547619728116455,6.058117777774319,24.009261056213457,20.203551646175022,14.235113642982796,-22.192916658305958,-0.24095563344133847,-0.14777432740944033,0.9592200638391437,-39.876283637207884,14.290040418755805,-21.229252404238007,0.72490849006075,-0.1445658342903425,0.6735045661268978
680675.1510935,55,0.9118151068687439,0.7028856160723715,0.1860053994841384,680675.149812-0 680675.152375-1,8.640735471574242,6.12028659230251,23.639477148823882,20.203551646175022,14.235113642982796,-22.192916658305958,-0.24095563344133847,-0.14777432740944033,0.9592200638391437,-39.876283637207884,14.290040418755805,-21.229252404238007,0.7283717906247893,-0.14404949272430742,0.669868851543276
680675.1558515,55,0.9424030184745789,0.7282870392849422,0.2032343924888601,680675.159328-0 680675.152375-1,10.586862060988148,6.244341196652255,25.499536088506268,20.203551646175022,14.235113642982796,-22.192916658305958,-0.19486918978639575,-0.13410205249366933,0.9716185663052034,-39.876283637207884,14.290040418755805,-21.229252404238007,0.7283717906247893,-0.14404949272430742,0.669868851543276
680675.1595065,55,0.9424030184745789,0.7280968441322541,0.20290886580522993,680675.159328-0 680675.159685-1,10.584264544027253,6.256200623246931,25.515486617511,20.203551646175022,14.235113642982796,-22.192916658305958,-0.19486918978639575,-0.13410205249366933,0.9716185663052034,-39.876283637207884,14.290040418755805,-21.229252404238007,0.7282625781128564,-0.1435816015664123,0.6700880099002215
680675.1630124999,55,0.9280584454536438,0.7313193544734486,0.2207737012894435,680675.16634-0 680675.159685-1,10.755421440667423,5.813885812429393,25.618942858766793,20.203551646175022,14.235113642982796,-22.192916658305958,-0.190903492631169,-0.14857589080526276,0.9702994698404425,-39.876283637207884,14.290040418755805,-21.229252404238007,0.7282625781128564,-0.1435816015664123,0.6700880099002215
680675.167321,55,0.9280584454536438,0.7320009087041515,0.21641243033202961,680675.16634-0 680675.168302-1,10.77278337993331,5.917965853418683,25.550550734578074,20.203551646175022,14.235113642982796,-22.192916658305958,-0.190903492631169,-0.14857589080526276,0.9702994698404425,-39.876283637207884,14.290040418755805,-21.229252404238007,0.72903097761815,-0.1403680433565624,0.669933314649581
680675.172698,55,0.9340787529945374,0.7223171645966195,0.19695654832987297,680675.177094-0 680675.168302-1,10.053471153184923,6.241202622156463,24.914348995450982,20.203551646175022,14.235113642982796,-22.192916658305958,-0.2076546250219673,-0.14077594851016118,0.9680194672774151,-39.876283637207884,14.290040418755805,-21.229252404238007,0.72903097761815,-0.1403680433565624,0.669933314649581
680675.176628,55,0.9340787529945374,0.720631018811263,0.20028931566672392,680675.177094-0 680675.1761619999-1,10.019851412580694,6.183558147669911,25.063672716695596,20.203551646175022,14.235113642982796,-22.192916658305958,-0.2076546250219673,-0.14077594851016118,0.9680194672774151,-39.876283637207884,14.290040418755805,-21.229252404238007,0.7276435454217812,-0.14170239633484505,0.6711596692881528
680675.1814224999,56,0.9340787529945374,0.7189209281514841,0.20143819088099946,680675.177094-0 680675.185751-1,9.988997555873835,6.182706119808768,25.211918676527368,20.203551646175022,14.235113642982796,-22.192916658305958,-0.2076546250219673,-0.14077594851016118,0.9680194672774151,-39.876283637207884,14.290040418755805,-21.229252404238007,0.7263784329377756,-0.14110165520717893,0.672654959887055
680675.1847234999,56,0.9781195521354675,0.7183395277025483,0.20108714777878856,680675.183696-0 680675.185751-1,9.942341756155347,6.178599139115287,25.166902633246885,20.203551646175022,14.235113642982796,-22.192916658305958,-0.20874509372272237,-0.14114065499817216,0.9677317817212467,-39.876283637207884,14.290040418755805,-21.229252404238007,0.7263784329377756,-0.14110165520717893,0.672654959887055
680675.190175,56,0.940839409828186,0.717364432865992,0.20029925500505708,680675.194599-0 680675.185751-1,9.865767409570182,6.177489605980266,25.093765509216624,20.203551646175022,14.235113642982796,-22.192916658305958,-0.2105376621779035,-0.14154347581519905,0.9672845172227327,-39.876283637207884,14.290040418755805,-21.229252404238007,0.7263784329377756,-0.14110165520717893,0.672654959887055
680675.1942435,56,0.940839409828186,0.7173782501870162,0.19889991511984118,680675.194599-0 680675.193888-1,9.868175795280063,6.213508771198952,25.090053546880487,20.203551646175022,14.235113642982796,-22.192916658305958,-0.2105376621779035,-0.14154347581519905,0.9672845172227327,-39.876283637207884,14.290040418755805,-21.229252404238007,0.7264813941512829,-0.1398882056425262,0.6727972011491448
680675.198399,56,0.940839409828186,0.7162067439618607,0.19543027177819383,680675.194599-0 680675.2021989999-1,9.853329961189504,6.323801034222464,25.183578502931375,20.203551646175022,14.235113642982796,-22.192916658305958,-0.2105376621779035,-0.14154347581519905,0.9672845172227327,-39.876283637207884,14.290040418755805,-21.229252404238007,0.7258927401192339,-0.13572975561914305,0.674282702789978
680675.2017214999,56,0.9573225378990173,0.7159923401389733,0.19609735588940747,680675.201244-0 680675.2021989999-1,9.831411609337444,6.299167353662609,25.159279992691662,20.203551646175022,14.235113642982796,-22.192916658305958,-0.2110503853180218,-0.14250562407567152,0.9670314793035012,-39.876283637207884,14.290040418755805,-21.229252404238007,0.7258927401192339,-0.13572975561914305,0.674282702789978
680675.2080844999,56,0.948374330997467,0.716391638091013,0.1984658622306592,680675.21397-0 680675.2021989999-1,9.850093362959761,6.240560761911142,25.16902539567618,20.203551646175022,14.235113642982796,-22.192916658305958,-0.21061182527764494,-0.14446285894112104,0.9668366674055016,-39.876283637207884,14.290040418755805,-21.229252404238007,0.7258927401192339,-0.13572975561914305,0.674282702789978
680675.2114530001,56,0.948374330997467,0.7190084298121671,0.19356428335259313,680675.21397-0 680675.208936-1,9.902646629159818,6.322470479060575,24.937170300683558,20.203551646175022,14.235113642982796,-22.192916658305958,-0.21061182527764494,-0.14446285894112104,0.9668366674055016,-39.876283637207884,14.290040418755805,-21.229252404238007,0.7280376349658635,-0.13390606400164448,0.6723320370894871
680675.214641,57,0.948374330997467,0.7216338491930997,0.19033992050248494,680675.21397-0 680675.215312-1,9.952240216589633,6.3602332063604745,24.710194565322958,20.203551646175022,14.235113642982796,-22.192916658305958,-0.21061182527764494,-0.14446285894112104,0.9668366674055016,-39.876283637207884,14.290040418755805,-21.229252404238007,0.730058297913332,-0.13356671316656693,0.6702050542794861
680675.21899,57,0.91143599152565,0.7220797719009353,0.1912591140949158,680675.222668-0 680675.215312-1,9.983691638474738,6.345116866831425,24.737776688503345,20.203551646175022,14.235113642982796,-22.192916658305958,-0.20986972642813437,-0.1448472198355123,0.9669405260071081,-39.876283637207884,14.290040418755805,-21.229252404238007,0.730058297913332,-0.13356671316656693,0.6702050542794861
680675.22486,57,0.91143599152565,0.7205039968365277,0.19305834637197195,680675.222668-0 680675.227052-1,9.954259627240173,6.32590373296247,24.87365434788884,20.203551646175022,14.235113642982796,-22.192916658305958,-0.20986972642813437,-0.1448472198355123,0.9669405260071081,-39.876283637207884,14.290040418755805,-21.229252404238007,0.7288564279941631,-0.1336527135344328,0.671494794869232
680675.229761,57,0.958471029996872,0.7204303312358478,0.19328216590593228,680675.2324699999-0 680675.227052-1,9.94664602690142,6.317577370349827,24.865270572466283,20.203551646175022,14.235113642982796,-22.192916658305958,-0.21004873294950116,-0.1451747667009505,0.966852531102667,-39.876283637207884,14.290040418755805,-21.229252404238007,0.7288564279941631,-0.1336527135344328,0.671494794869232
680675.2332204999,57,0.958471029996872,0.7179304685088632,0.19679398192415398,680675.2324699999-0 680675.233971-1,9.898537843891965,6.269762680114349,25.08378692642027,20.203551646175022,14.235113642982796,-22.192916658305958,-0.21004873294950116,-0.1451747667009505,0.966852531102667,-39.876283637207884,14.290040418755805,-21.229252404238007,0.7268919536249928,-0.13436765561535582,0.6734785971949474
680675.2371904999,57,0.9777952134609222,0.7183063280334286,0.19811224010102269,680675.24041-0 680675.233971-1,9.921726512029505,6.240979222632815,25.101829096662836,20.203551646175022,14.235113642982796,-22.192916658305958,-0.20950490048436685,-0.14607094148658994,0.9668355479223221,-39.876283637207884,14.290040418755805,-21.229252404238007,0.7268919536249928,-0.13436765561535582,0.6734785971949474
680675.242081,57,0.9777952134609222,0.7180890126975521,0.19998169602215643,680675.24041-0 680675.243752-1,9.915135630242329,6.196206984103787,25.123915734503946,20.203551646175022,14.235113642982796,-22.192916658305958,-0.20950490048436685,-0.14607094148658994,0.9668355479223221,-39.876283637207884,14.290040418755805,-21.229252404238007,0.7266183729450507,-0.13580301780055784,0.6734859170427755
680675.247129,58,0.9766900539398193,0.7188078417849747,0.20007331947636875,680675.250506-0 680675.243752-1,9.97490460327421,6.211280527493081,25.183046874299567,20.203551646175022,14.235113642982796,-22.192916658305958,-0.2081065172261007,-0.14526172492520437,0.9672593802904043,-39.876283637207884,14.290040418755805,-21.229252404238007,0.7266183729450507,-0.13580301780055784,0.6734859170427755
680675.250678,58,0.9766900539398193,0.7192098077637997,0.20042512177986738,680675.250506-0 680675.25085-1,9.981235592029137,6.19530046754099,25.149346036139544,20.203551646175022,14.235113642982796,-22.192916658305958,-0.2081065172261007,-0.14526172492520437,0.9672593802904043,-39.876283637207884,14.290040418755805,-21.229252404238007,0.7268759874789708,-0.13649097324002918,0.673068728326061
680675.2550015,58,0.935764342546463,0.7193153332296969,0.20091459005659718,680675.259153-0 680675.25085-1,9.987055847977334,6.18375634470821,25.153273360404306,20.203551646175022,14.235113642982796,-22.192916658305958,-0.2079701621531456,-0.14563681791110214,0.9672323034942137,-39.876283637207884,14.290040418755805,-21.229252404238007,0.7268759874789708,-0.13649097324002918,0.673068728326061
680675.2601455,58,0.935764342546463,0.7181964658450196,0.2004518306037394,680675.259153-0 680675.261138-1,9.968615393064898,6.214834997275522,25.248241182434885,20.203551646175022,14.235113642982796,-22.192916658305958,-0.2079701621531456,-0.14563681791110214,0.9672323034942137,-39.876283637207884,14.290040418755805,-21.229252404238007,0.7261234302155848,-0.13502894467862758,0.6741750130277216
680675.264338,58,0.9443771243095398,0.7177788841596164,0.2007231601266748,680675.267538-0 680675.261138-1,9.931819222662012,6.196681372695653,25.21052055817854,20.203551646175022,14.235113642982796,-22.192916658305958,-0.20882980256731157,-0.14644375486215055,0.9669251988760931,-39.876283637207884,14.290040418755805,-21.229252404238007,0.7261234302155848,-0.13502894467862758,0.6741750130277216
680675.2678944999,58,0.9443771243095398,0.7173970243075052,0.2008778838242684,680675.267538-0 680675.268251-1,9.925010570412482,6.199165250109512,25.24356155817655,20.203551646175022,14.235113642982796,-22.192916658305958,-0.20882980256731157,-0.14644375486215055,0.9669251988760931,-39.876283637207884,14.290040418755805,-21.229252404238007,0.7258453576315981,-0.1348043214813197,0.6745193190077052
680675.272163,58,0.9850959777832031,0.717790027574844,0.20274496554676746,680675.276075-0 680675.268251-1,9.946384320173188,6.154736944540625,25.257655411573413,20.203551646175022,14.235113642982796,-22.192916658305958,-0.20832999133521057,-0.1478900002973599,0.9668128890960845,-39.876283637207884,14.290040418755805,-21.229252404238007,0.7258453576315981,-0.1348043214813197,0.6745193190077052
680675.2772349999,58,0.9850959777832031,0.7186625225170614,0.2025395452876354,680675.276075-0 680675.278395-1,9.961668336918084,6.145335627622025,25.18249148474358,20.203551646175022,14.235113642982796,-22.192916658305958,-0.20832999133521057,-0.1478900002973599,0.9668128890960845,-39.876283637207884,14.290040418755805,-21.229252404238007,0.7264703210274234,-0.13544495555767222,0.6737176980607623
680675.2816925,59,0.9646730422973633,0.7187133639757775,0.20204796911921952,680675.28499-0 680675.278395-1,9.969027196440223,6.160789927262783,25.191729477726522,20.203551646175022,14.235113642982796,-22.192916658305958,-0.20815812340007842,-0.147316053981632,0.9669375243012542,-39.876283637207884,14.290040418755805,-21.229252404238007,0.7264703210274234,-0.13544495555767222,0.6737176980607623
680675.285081,59,0.9646730422973633,0.7198763836947635,0.2035036081976388,680675.28499-0 680675.285172-1,9.986654650632673,6.1034985736367116,25.095160426190727,20.203551646175022,14.235113642982796,-22.192916658305958,-0.20815812340007842,-0.147316053981632,0.9669375243012542,-39.876283637207884,14.290040418755805,-21.229252404238007,0.7271863542330322,-0.13781197143110965,0.6724640263594341
680675.289447,59,1.0,0.7191383691192323,0.2016252455778884,680675.293722-0 680675.285172-1,9.936416513372583,6.13954607970707,25.05242425902369,20.203551646175022,14.235113642982796,-22.192916658305958,-0.2093355687949988,-0.14629785569683387,0.9668379166415552,-39.876283637207884,14.290040418755805,-21.229252404238007,0.7271863542330322,-0.13781197143110965,0.6724640263594341
680675.2942774999,59,1.0,0.7157430025913302,0.20383144256170294,680675.293722-0 680675.2948329999-1,9.874602980479862,6.139561764948092,25.347119666956765,20.203551646175022,14.235113642982796,-22.192916658305958,-0.2093355687949988,-0.14629785569683387,0.9668379166415552,-39.876283637207884,14.290040418755805,-21.229252404238007,0.724664454932215,-0.13655425189340847,0.6754364248747821
680675.2981759999,59,0.9276432693004608,0.7151965474177898,0.20345296852367278,680675.301519-0 680675.2948329999-1,9.831350578258501,6.137305046704372,25.30530318081548,20.203551646175022,14.235113642982796,-22.192916658305958,-0.21034502429419388,-0.14658292046480617,0.9665756143120326,-39.876283637207884,14.290040418755805,-21.229252404238007,0.724664454932215,-0.13655425189340847,0.6754364248747821
680675.3013865,59,0.9276432693004608,0.7166982579298394,0.20543144346382447,680675.301519-0 680675.3012539999-1,9.85436082982196,6.060663054352012,25.179932719111548,20.203551646175022,14.235113642982796,-22.192916658305958,-0.21034502429419388,-0.14658292046480617,0.9665756143120326,-39.876283637207884,14.290040418755805,-21.229252404238007,0.7255911302832454,-0.13970033374064394,0.6737962068808602
680675.3067195,59,0.9276432693004608,0.7184626778085033,0.20540001875320368,680675.301519-0 680675.31192-1,9.884725458426335,6.032209580384639,25.029671782724783,20.203551646175022,14.235113642982796,-22.192916658305958,-0.21034502429419388,-0.14658292046480617,0.9665756143120326,-39.876283637207884,14.290040418755805,-21.229252404238007,0.7268218620061646,-0.1413196949166281,0.6721299909530618
680675.3111255,59,1.0,0.7171785119689551,0.20489325843237338,680675.310331-0 680675.31192-1,9.781446083220818,6.016154489369656,24.928970585368756,20.203551646175022,14.235113642982796,-22.192916658305958,-0.21276918055570385,-0.14764556216342,0.9658830487067789,-39.876283637207884,14.290040418755805,-21.229252404238007,0.7268218620061646,-0.1413196949166281,0.6721299909530618
680675.3160105001,59,0.9768891334533691,0.7172860361515819,0.20391167410517774,680675.320101-0 680675.31192-1,9.796233618080677,6.046649389620433,24.947373326257182,20.203551646175022,14.235113642982796,-22.192916658305958,-0.2124224153009626,-0.14650673119510896,0.966132752364927,-39.876283637207884,14.290040418755805,-21.229252404238007,0.7268218620061646,-0.1413196949166281,0.6721299909530618
680675.3197725001,60,0.9768891334533691,0.7165334568469539,0.20636247492313387,680675.320101-0 680675.319444-1,9.779499679790806,5.995992044311271,25.015039648607925,20.203551646175022,14.235113642982796,-22.192916658305958,-0.2124224153009626,-0.14650673119510896,0.966132752364927,-39.876283637207884,14.290040418755805,-21.229252404238007,0.7261394484764541,-0.14275519662662706,0.6725640900333619
680675.3247155,60,0.9768891334533691,0.7168689687798142,0.20806701867351285,680675.320101-0 680675.32933-1,9.78265819865251,5.9466428978165204,24.989380617472623,20.203551646175022,14.235113642982796,-22.192916658305958,-0.2124224153009626,-0.14650673119510896,0.966132752364927,-39.876283637207884,14.290040418755805,-21.229252404238007,0.7262599383378582,-0.14455085451952368,0.6720502603400774
680675.3288735,60,0.9663064777851105,0.7161561014089163,0.205090140353688,680675.328417-0 680675.32933-1,9.741659097741733,6.014456053858821,24.95966456166668,20.203551646175022,14.235113642982796,-22.192916658305958,-0.21338739841258259,-0.144336000699759,0.9662468303185832,-39.876283637207884,14.290040418755805,-21.229252404238007,0.7262599383378582,-0.14455085451952368,0.6720502603400774
680675.3333945,60,0.9896247386932373,0.7167992635699262,0.19896117735868601,680675.337459-0 680675.32933-1,9.830795638951844,6.204573636982394,25.069892629653832,20.203551646175022,14.235113642982796,-22.192916658305958,-0.211302836337992,-0.13726426240184778,0.9677342784167544,-39.876283637207884,14.290040418755805,-21.229252404238007,0.7262599383378582,-0.14455085451952368,0.6720502603400774
680675.336576,60,0.9896247386932373,0.7169226577574448,0.20212951564407988,680675.337459-0 680675.335693-1,9.827943090291782,6.120485416268665,25.064832529835275,20.203551646175022,14.235113642982796,-22.192916658305958,-0.211302836337992,-0.13726426240184778,0.9677342784167544,-39.876283637207884,14.290040418755805,-21.229252404238007,0.726129352982065,-0.14743982682050044,0.6715635935672724
680675.3417225,60,0.9896247386932373,0.7183254837419935,0.2024588371206164,680675.337459-0 680675.345986-1,9.851462675951499,6.088504882471212,24.946437995107,20.203551646175022,14.235113642982796,-22.192916658305958,-0.211302836337992,-0.13726426240184778,0.9677342784167544,-39.876283637207884,14.290040418755805,-21.229252404238007,0.7270748692775982,-0.14903921034303294,0.6701861295530431
680675.345739,60,0.9869332015514374,0.7175580989645851,0.20815024806252613,680675.345492-0 680675.345986-1,9.75505737353392,5.909489002053711,24.831271658153106,20.203551646175022,14.235113642982796,-22.192916658305958,-0.2135604979893528,-0.1439976858647933,0.9662590647254616,-39.876283637207884,14.290040418755805,-21.229252404238007,0.7270748692775982,-0.14903921034303294,0.6701861295530431
680675.3505385,60,0.971454381942749,0.7133749856771869,0.20317313371196344,680675.355091-0 680675.345986-1,9.446323004944828,5.952842592062121,24.543556742413703,20.203551646175022,14.235113642982796,-22.192916658305958,-0.2208548152442044,-0.14399553745819266,0.9646182850099695,-39.876283637207884,14.290040418755805,-21.229252404238007,0.7270748692775982,-0.14903921034303294,0.6701861295530431
680675.3540935,61,0.971454381942749,0.7083544638193947,0.20613012589069024,680675.355091-0 680675.353096-1,9.353079037184397,5.959661395500702,24.96624650362015,20.203551646175022,14.235113642982796,-22.192916658305958,-0.2208548152442044,-0.14399553745819266,0.9646182850099695,-39.876283637207884,14.290040418755805,-21.229252404238007,0.7234143758165354,-0.1469448415513797,0.6745953264019935
680675.3590995,61,0.971454381942749,0.6850594795858,0.22577227649678155,680675.355091-0 680675.363108-1,8.880939332133405,5.835236792829662,27.069269043962347,20.203551646175022,14.235113642982796,-22.192916658305958,-0.2208548152442044,-0.14399553745819266,0.9646182850099695,-39.876283637207884,14.290040418755805,-21.229252404238007,0.7048935009445565,-0.1421490595570717,0.6949235909027456
680675.3626999999,61,0.9810958504676819,0.6672259551450445,0.2062644483073034,680675.362292-0 680675.363108-1,7.6475484374907765,6.0302805447549,25.844849392313023,20.203551646175022,14.235113642982796,-22.192916658305958,-0.24937715739844338,-0.1433804901788929,0.9577332971156074,-39.876283637207884,14.290040418755805,-21.229252404238007,0.7048935009445565,-0.1421490595570717,0.6949235909027456
680675.3658489999,61,0.995,0.6355623526856853,0.1765177177798547,680675.36859-0 680675.363108-1,5.745795541631227,6.230537931005504,23.942465316478877,20.203551646175022,14.235113642982796,-22.192916658305958,-0.29490841731720885,-0.14570061045514024,0.94435181871401,-39.876283637207884,14.290040418755805,-21.229252404238007,0.7048935009445565,-0.1421490595570717,0.6949235909027456
680675.3689814999,61,0.99,0.5853660450990275,0.23518944033260658,680675.36859-0 680675.369373-1,4.302733478623962,5.679287323386714,28.597388966475187,20.203551646175022,14.235113642982796,-22.192916658305958,-0.29490841731720885,-0.14570061045514024,0.94435181871401,-39.876283637207884,14.290040418755805,-21.229252404238007,0.6578471407099901,-0.14123508779273855,0.7397903685746848
680675.374333,61,0.99,0.5410131317404141,0.2040034899144464,680675.379293-0 680675.369373-1,1.994437541303352,5.898801135477724,25.95880819663248,20.203551646175022,14.235113642982796,-22.192916658305958,-0.3491152637746418,-0.15045430047199276,0.9249227189711827,-39.876283637207884,14.290040418755805,-21.229252404238007,0.6578471407099901,-0.14123508779273855,0.7397903685746848
680675.3804774999,61,0.99,0.4978512851536304,0.2699169760458864,680675.379293-0 680675.381662-1,0.16620420037728145,5.038199785708929,30.78870883447859,20.203551646175022,14.235113642982796,-22.192916658305958,-0.3491152637746418,-0.15045430047199276,0.9249227189711827,-39.876283637207884,14.290040418755805,-21.229252404238007,0.6039493465114061,-0.14935364755009897,0.7829040010192349
680675.384418,62,0.99,0.4500184227384715,0.2430369937343977,680675.387174-0 680675.381662-1,-2.038022738190005,5.284986219503933,27.882506136902677,20.203551646175022,14.235113642982796,-22.192916658305958,-0.4005852659681489,-0.15559041392837422,0.9029524172307334,-39.876283637207884,14.290040418755805,-21.229252404238007,0.6039493465114061,-0.14935364755009897,0.7829040010192349
680675.3887805,62,0.99,0.4233323208643024,0.2874705877645435,680675.387174-0 680675.3903869999-1,-3.6849549384653653,4.680148142537989,31.60174561569075,20.203551646175022,14.235113642982796,-22.192916658305958,-0.4005852659681489,-0.15559041392837422,0.9029524172307334,-39.876283637207884,14.290040418755805,-21.229252404238007,0.5588680226373084,-0.15304443621236066,0.8150116157564292
680675.394135,62,0.99,0.37890298881327567,0.26185273599921666,680675.397883-0 680675.3903869999-1,-5.542732005456385,5.026136359817093,28.864651423178874,20.203551646175022,14.235113642982796,-22.192916658305958,-0.4445163556224789,-0.15675057107713244,0.8819492434664835,-39.876283637207884,14.290040418755805,-21.229252404238007,0.5588680226373084,-0.15304443621236066,0.8150116157564292
680675.3994090001,62,0.99,0.3487513443304576,0.3159057872780118,680675.397883-0 680675.400935-1,-8.397583737877387,4.286956395431561,34.579002955830354,20.203551646175022,14.235113642982796,-22.192916658305958,-0.4445163556224789,-0.15675057107713244,0.8819492434664835,-39.876283637207884,14.290040418755805,-21.229252404238007,0.48541422709579957,-0.15210905712298084,0.8609505577407712
680675.404597,62,0.99,0.3167336471635345,0.300022389642045,680675.4082589999-0 680675.400935-1,-9.698778656643968,4.547270838222912,32.24523656594984,20.203551646175022,14.235113642982796,-22.192916658305958,-0.47570134234512895,-0.15871408808376167,0.8651693886949434,-39.876283637207884,14.290040418755805,-21.229252404238007,0.48541422709579957,-0.15210905712298084,0.8609505577407712
680675.409639,62,0.995,0.31169138162774546,0.30911120322083907,680675.4082589999-0 680675.411019-1,-10.373815216527117,4.43929219340963,33.49402223154573,20.203551646175022,14.235113642982796,-22.192916658305958,-0.47570134234512895,-0.15871408808376167,0.8651693886949434,-39.876283637207884,14.290040418755805,-21.229252404238007,0.4687166987043069,-0.15016937547367026,0.8704905599864848
680675.4151069999,62,0.995,0.2832960656605679,0.29995352707941125,680675.419195-0 680675.411019-1,-11.442651538721082,4.517568038498868,31.460417268614524,20.203551646175022,14.235113642982796,-22.192916658305958,-0.5019783081613899,-0.16504004511343542,0.8489873742549907,-39.876283637207884,14.290040418755805,-21.229252404238007,0.4687166987043069,-0.15016937547367026,0.8704905599864848
680675.42005,63,0.995,0.2812623958022397,0.30844485508880026,680675.419195-0 680675.420905-1,-11.71879762126228,4.319781566114797,31.908413191076093,20.203551646175022,14.235113642982796,-22.192916658305958,-0.5019783081613899,-0.16504004511343542,0.8489873742549907,-39.876283637207884,14.290040418755805,-21.229252404238007,0.4619327828515376,-0.15442009930919556,0.873368500151209
680675.4242334999,63,0.9778306782245636,0.2876386466630415,0.33027239789749374,680675.427562-0 680675.420905-1,-11.44379437671582,3.6687419525186282,32.31736334532904,20.203551646175022,14.235113642982796,-22.192916658305958,-0.49517016563122723,-0.18341513322682185,0.8492145759300943,-39.876283637207884,14.290040418755805,-21.229252404238007,0.4619327828515376,-0.15442009930919556,0.873368500151209
680675.427623,63,0.9778306782245636,0.2890722853660662,0.3282464415862465,680675.427562-0 680675.427684-1,-11.215579973367557,3.68293927290227,31.913005526105525,20.203551646175022,14.235113642982796,-22.192916658305958,-0.49517016563122723,-0.18341513322682185,0.8492145759300943,-39.876283637207884,14.290040418755805,-21.229252404238007,0.46752463452595727,-0.15586653164219738,0.8701300709808862
680675.4319305,63,1.0,0.29760163321635097,0.33540980267117737,680675.4361769999-0 680675.427684-1,-10.890530034531626,3.508114314559137,32.50423888712394,20.203551646175022,14.235113642982796,-22.192916658305958,-0.4871652936843505,-0.18605206846768146,0.853261158408337,-39.876283637207884,14.290040418755805,-21.229252404238007,0.46752463452595727,-0.15586653164219738,0.8701300709808862
680675.435431,63,1.0,0.2991527343714192,0.33111994749183016,680675.4361769999-0 680675.434685-1,-10.676045289597198,3.5983049099014828,32.129905667496544,20.203551646175022,14.235113642982796,-22.192916658305958,-0.4871652936843505,-0.18605206846768146,0.853261158408337,-39.876283637207884,14.290040418755805,-21.229252404238007,0.4728026447753099,-0.15482191635783726,0.8674605658522806
680675.4407835,63,1.0,0.3004983317659266,0.32957237704816045,680675.4361769999-0 680675.44539-1,-10.477830091574214,3.6030438993481404,31.76952235508686,20.203551646175022,14.235113642982796,-22.192916658305958,-0.4871652936843505,-0.18605206846768146,0.853261158408337,-39.876283637207884,14.290040418755805,-21.229252404238007,0.477698596441029,-0.15636987525183427,0.8644955251891108
680675.4442145,63,1.0,0.30449953064790786,0.3345359147709698,680675.443039-0 680675.44539-1,-10.321413557445874,3.472231347829288,32.03574326880556,20.203551646175022,14.235113642982796,-22.192916658305958,-0.4833365066621061,-0.1888456886046507,0.8548234479839136,-39.876283637207884,14.290040418755805,-21.229252404238007,0.477698596441029,-0.15636987525183427,0.8644955251891108
680675.447942,63,1.0,0.30166814978626133,0.3254522707037659,680675.450494-0 680675.44539-1,-10.443276899644744,3.7385524502080694,31.862751251147756,20.203551646175022,14.235113642982796,-22.192916658305958,-0.4863139413104056,-0.1814016257972923,0.8547468634895585,-39.876283637207884,14.290040418755805,-21.229252404238007,0.477698596441029,-0.15636987525183427,0.8644955251891108
680675.452086,63,1.0,0.30361478271552433,0.3247702631448649,680675.450494-0 680675.453678-1,-10.153984651929617,3.6924841747357355,31.325173666393987,20.203551646175022,14.235113642982796,-22.192916658305958,-0.4863139413104056,-0.1814016257972923,0.8547468634895585,-39.876283637207884,14.290040418755805,-21.229252404238007,0.4848780887473022,-0.16033468048434288,0.8597592856647417
680675.4573765,64,0.980981856584549,0.2982335358458701,0.30769616906656494,680675.461075-0 680675.453678-1,-10.381818310708056,4.1801973478015455,31.003047647560777,20.203551646175022,14.235113642982796,-22.192916658305958,-0.49189739756655626,-0.16756260746290272,0.8543768037859422,-39.876283637207884,14.290040418755805,-21.229252404238007,0.4848780887473022,-0.16033468048434288,0.8597592856647417
680675.4618055,64,0.980981856584549,0.30023944192151775,0.3020059720485593,680675.461075-0 680675.462536-1,-10.125918242012316,4.286219742196704,30.562145340843177,20.203551646175022,14.235113642982796,-22.192916658305958,-0.49189739756655626,-0.16756260746290272,0.8543768037859422,-39.876283637207884,14.290040418755805,-21.229252404238007,0.49126952941145435,-0.15897042808065343,0.8563776342640564
680675.46539,64,1.0,0.30118374644131995,0.2887860785983952,680675.468244-0 680675.462536-1,-10.118302952841264,4.693401920791646,30.650417018966138,20.203551646175022,14.235113642982796,-22.192916658305958,-0.49169718006458,-0.1541879607688206,0.8570063919659482,-39.876283637207884,14.290040418755805,-21.229252404238007,0.49126952941145435,-0.15897042808065343,0.8563776342640564
680675.4689120001,64,1.0,0.30415462625579337,0.27946841391140476,680675.468244-0 680675.46958-1,-9.763359063043943,4.868464964678368,30.043821103579408,20.203551646175022,14.235113642982796,-22.192916658305958,-0.49169718006458,-0.1541879607688206,0.8570063919659482,-39.876283637207884,14.290040418755805,-21.229252404238007,0.5001860169080419,-0.15599445054479888,0.8517509494499517
680675.47239,64,0.9765351712703705,0.30706979124230216,0.2759819832372429,680675.4752-0 680675.46958-1,-9.66606777131242,4.996124542699437,30.236722056174635,20.203551646175022,14.235113642982796,-22.192916658305958,-0.48930054253083416,-0.1492342768997874,0.859252064109961,-39.876283637207884,14.290040418755805,-21.229252404238007,0.5001860169080419,-0.15599445054479888,0.8517509494499517
680675.4754555,64,0.9765351712703705,0.3094091417039791,0.26966326154352327,680675.4752-0 680675.475711-1,-9.392796779420921,5.096727798607457,29.760068971791146,20.203551646175022,14.235113642982796,-22.192916658305958,-0.48930054253083416,-0.1492342768997874,0.859252064109961,-39.876283637207884,14.290040418755805,-21.229252404238007,0.5070883275690335,-0.15477940873468077,0.8478825170240174
680675.480462,64,1.0,0.316031817429591,0.27574597742783946,680675.485213-0 680675.475711-1,-9.143128819759195,4.969950357321768,30.16891406470345,20.203551646175022,14.235113642982796,-22.192916658305958,-0.48318217765667987,-0.15154924019488855,0.8623037811533127,-39.876283637207884,14.290040418755805,-21.229252404238007,0.5070883275690335,-0.15477940873468077,0.8478825170240174
680675.4857405,64,1.0,0.31778445797433236,0.2712813571141295,680675.485213-0 680675.486268-1,-8.947429321055909,5.0390460893300295,29.82110522986426,20.203551646175022,14.235113642982796,-22.192916658305958,-0.48318217765667987,-0.15154924019488855,0.8623037811533127,-39.876283637207884,14.290040418755805,-21.229252404238007,0.5120527945087138,-0.15403696582241605,0.8450293183056082
680675.49012,65,1.0,0.3263747840875729,0.27865687863869926,680675.493972-0 680675.486268-1,-8.620594491965663,4.890166614489699,30.351755362426445,20.203551646175022,14.235113642982796,-22.192916658305958,-0.47520980460360046,-0.1540241478984755,0.8662864442392921,-39.876283637207884,14.290040418755805,-21.229252404238007,0.5120527945087138,-0.15403696582241605,0.8450293183056082
680675.493673,65,1.0,0.3278476865184924,0.2776267275463141,680675.493972-0 680675.493374-1,-8.447682057597095,4.863822072870905,30.020985330988964,20.203551646175022,14.235113642982796,-22.192916658305958,-0.47520980460360046,-0.1540241478984755,0.8662864442392921,-39.876283637207884,14.290040418755805,-21.229252404238007,0.5164539928423331,-0.1563090038198156,0.8419280067809054
680675.4968285,65,1.0,0.33005106269607387,0.27028665573111366,680675.493972-0 680675.4996849999-1,-8.231331800291533,5.009546471803273,29.640875550815036,20.203551646175022,14.235113642982796,-22.192916658305958,-0.47520980460360046,-0.1540241478984755,0.8662864442392921,-39.876283637207884,14.290040418755805,-21.229252404238007,0.5219843910266371,-0.15323786820575547,0.839077142622957
680675.5015604999,65,0.9968580603599548,0.3325281261900196,0.27143864416484653,680675.503436-0 680675.4996849999-1,-8.13867063645644,4.9963156656520535,29.79224749078819,20.203551646175022,14.235113642982796,-22.192916658305958,-0.4729542401332374,-0.15378600940504375,0.8675621880022573,-39.876283637207884,14.290040418755805,-21.229252404238007,0.5219843910266371,-0.15323786820575547,0.839077142622957
680675.5069899999,65,0.9968580603599548,0.3346214219559759,0.2671538981834307,680675.503436-0 680675.510544-1,-7.924915628343138,5.0483282869666875,29.396860895276134,20.203551646175022,14.235113642982796,-22.192916658305958,-0.4729542401332374,-0.15378600940504375,0.8675621880022573,-39.876283637207884,14.290040418755805,-21.229252404238007,0.5274671988411849,-0.15324915108590587,0.835639307260066
680675.5104429999,65,1.0,0.3316440789176478,0.26421217589507495,680675.5103419999-0 680675.510544-1,-8.038268255598103,5.108656314849168,29.222009615873137,20.203551646175022,14.235113642982796,-22.192916658305958,-0.4757147697403178,-0.15259257562880288,0.8662626413010575,-39.876283637207884,14.290040418755805,-21.229252404238007,0.5274671988411849,-0.15324915108590587,0.835639307260066
680675.5138699999,65,0.9474511444568634,0.3317827295822208,0.2637167774153095,680675.517196-0 680675.510544-1,-8.034143843149186,5.1241530722769015,29.231410371798646,20.203551646175022,14.235113642982796,-22.192916658305958,-0.4756136390435441,-0.15204555198963438,0.866414344569574,-39.876283637207884,14.290040418755805,-21.229252404238007,0.5274671988411849,-0.15324915108590587,0.835639307260066
680675.5178055,65,0.9474511444568634,0.33322285899290255,0.2579582564560845,680675.517196-0 680675.5184149999-1,-7.905664199744814,5.246110012084367,29.012442344581757,20.203551646175022,14.235113642982796,-22.192916658305958,-0.4756136390435441,-0.15204555198963438,0.866414344569574,-39.876283637207884,14.290040418755805,-21.229252404238007,0.53077298795046,-0.15019674569293678,0.8340988987196853
680675.5229859999,66,0.9947281777858734,0.33148017176606315,0.2566205470544869,680675.5275569999-0 680675.5184149999-1,-7.970802783521002,5.269611884448858,28.91094702254003,20.203551646175022,14.235113642982796,-22.192916658305958,-0.4772034362076374,-0.15171882817432186,0.8655970642562472,-39.876283637207884,14.290040418755805,-21.229252404238007,0.53077298795046,-0.15019674569293678,0.8340988987196853
680675.527736,66,0.9947281777858734,0.33218596008820295,0.25517970340003204,680675.5275569999-0 680675.527915-1,-7.900249244853638,5.285149202980956,28.78169581348255,20.203551646175022,14.235113642982796,-22.192916658305958,-0.4772034362076374,-0.15171882817432186,0.8655970642562472,-39.876283637207884,14.290040418755805,-21.229252404238007,0.5325891026577213,-0.15023684194464318,0.8329332140410438
680675.5314645,66,0.98317551612854,0.33104800829496567,0.2545378981700088,680675.535014-0 680675.527915-1,-7.942115945625037,5.2937234096422605,28.71566467336881,20.203551646175022,14.235113642982796,-22.192916658305958,-0.47822666810078956,-0.151725975651458,0.8650309140313022,-39.876283637207884,14.290040418755805,-21.229252404238007,0.5325891026577213,-0.15023684194464318,0.8329332140410438
680675.5349089999,66,0.98317551612854,0.33090108258743517,0.2554461714548141,680675.535014-0 680675.5348039999-1,-7.953149690440668,5.271465039910923,28.732145349673726,20.203551646175022,14.235113642982796,-22.192916658305958,-0.47822666810078956,-0.151725975651458,0.8650309140313022,-39.876283637207884,14.290040418755805,-21.229252404238007,0.5323044114356927,-0.15089885615833007,0.8329955274647088
680675.539848,66,0.98317551612854,0.3338221385110073,0.2535807733749863,680675.535014-0 680675.544682-1,-7.643048752901029,5.207955659524659,28.140584902575828,20.203551646175022,14.235113642982796,-22.192916658305958,-0.47822666810078956,-0.151725975651458,0.8650309140313022,-39.876283637207884,14.290040418755805,-21.229252404238007,0.540302084140854,-0.15554691174326557,0.8269696585245325
680675.54492,66,1.0,0.33735386443709314,0.2590380011702782,680675.545158-0 680675.544682-1,-7.5082333317440035,5.084303620267173,28.33224043650735,20.203551646175022,14.235113642982796,-22.192916658305958,-0.4749328566433579,-0.15495316300929682,0.8662726470078539,-39.876283637207884,14.290040418755805,-21.229252404238007,0.540302084140854,-0.15554691174326557,0.8269696585245325
680675.5492179999,66,1.0,0.3378332216155527,0.2593369497114201,680675.545158-0 680675.553278-1,-7.456061225435132,5.05641333196754,28.22837464483408,20.203551646175022,14.235113642982796,-22.192916658305958,-0.4749328566433579,-0.15495316300929682,0.8662726470078539,-39.876283637207884,14.290040418755805,-21.229252404238007,0.5416514272129124,-0.156925331013135,0.8258257515266966
680675.5531685,67,1.0,0.3377145644397642,0.2638302670584707,680675.5530589999-0 680675.553278-1,-7.452436697610715,4.92991790322453,28.211648165426364,20.203551646175022,14.235113642982796,-22.192916658305958,-0.4748487644644986,-0.15920875805026874,0.8655467764636582,-39.876283637207884,14.290040418755805,-21.229252404238007,0.5416514272129124,-0.156925331013135,0.8258257515266966
680675.558202,67,1.0,0.3369763647527476,0.26820468622389215,680675.563126-0 680675.553278-1,-7.470914585109979,4.80221071208985,28.15917963951198,20.203551646175022,14.235113642982796,-22.192916658305958,-0.47530529801127086,-0.16366717889839763,0.8644639542710018,-39.876283637207884,14.290040418755805,-21.229252404238007,0.5416514272129124,-0.156925331013135,0.8258257515266966
680675.5632635,67,1.0,0.3363478921123951,0.27219503006982915,680675.563126-0 680675.563401-1,-7.515590478915932,4.705000559701488,28.224342543336437,20.203551646175022,14.235113642982796,-22.192916658305958,-0.47530529801127086,-0.16366717889839763,0.8644639542710018,-39.876283637207884,14.290040418755805,-21.229252404238007,0.5404922185220986,-0.1598372997753088,0.8260267546015673
680675.5677505,67,1.0,0.33824198074823586,0.2723165074338194,680675.5721-0 680675.563401-1,-7.448225681593335,4.716083621481508,28.333018428920248,20.203551646175022,14.235113642982796,-22.192916658305958,-0.4736589298057101,-0.16279204624018864,0.8655321876719788,-39.876283637207884,14.290040418755805,-21.229252404238007,0.5404922185220986,-0.1598372997753088,0.8260267546015673
680675.5722515,67,1.0,0.3388702423575908,0.27165112482096343,680675.5721-0 680675.572403-1,-7.38616012292993,4.713436745536056,28.214833728723512,20.203551646175022,14.235113642982796,-22.192916658305958,-0.4736589298057101,-0.16279204624018864,0.8655321876719788,-39.876283637207884,14.290040418755805,-21.229252404238007,0.5420991105175813,-0.160463441647803,0.8248515249853087
680675.5769674999,67,1.0,0.34028132209492795,0.27263660203738105,680675.581532-0 680675.572403-1,-7.334334808995759,4.69680514397006,28.29345298476921,20.203551646175022,14.235113642982796,-22.192916658305958,-0.4723940429492424,-0.1629701680097766,0.8661896977711834,-39.876283637207884,14.290040418755805,-21.229252404238007,0.5420991105175813,-0.160463441647803,0.8248515249853087
680675.58142,67,1.0,0.34054647748207556,0.27283781880447533,680675.581532-0 680675.581308-1,-7.305957177449718,4.681315020964976,28.23636255118162,20.203551646175022,14.235113642982796,-22.192916658305958,-0.4723940429492424,-0.1629701680097766,0.8661896977711834,-39.876283637207884,14.290040418755805,-21.229252404238007,0.5428340331121219,-0.16123474003192922,0.8242175508335551
680675.5852999999,68,1.0,0.34079797786479166,0.27501596523912863,680675.581532-0 680675.589068-1,-7.268911146578844,4.607218840053728,28.15084690356053,20.203551646175022,14.235113642982796,-22.192916658305958,-0.4723940429492424,-0.1629701680097766,0.8661896977711834,-39.876283637207884,14.290040418755805,-21.229252404238007,0.5437920768429387,-0.1640700751096005,0.8230256299875318
680675.589144,68,0.9602366089820862,0.3431054981547962,0.2779658400622764,680675.58922-0 680675.589068-1,-7.181884166517438,4.542668380797972,28.275487196411913,20.203551646175022,14.235113642982796,-22.192916658305958,-0.4702728360045214,-0.16450119279226114,0.8670541028599009,-39.876283637207884,14.290040418755805,-21.229252404238007,0.5437920768429387,-0.1640700751096005,0.8230256299875318
680675.593882,68,0.9602366089820862,0.3425965952718609,0.27949008991556323,680675.58922-0 680675.598544-1,-7.2259946013519745,4.514447305076089,28.354197550245456,20.203551646175022,14.235113642982796,-22.192916658305958,-0.4702728360045214,-0.16450119279226114,0.8670541028599009,-39.876283637207884,14.290040418755805,-21.229252404238007,0.5426469849318879,-0.16463305490225152,0.8236687483314417
680675.5985264999,68,0.9977289438247681,0.3479443614207656,0.2845060956378106,680675.598509-0 680675.598544-1,-7.025304548779191,4.413864552276512,28.65142416901123,20.203551646175022,14.235113642982796,-22.192916658305958,-0.4653919733774978,-0.16637345271643933,0.8693274327588016,-39.876283637207884,14.290040418755805,-21.229252404238007,0.5426469849318879,-0.16463305490225152,0.8236687483314417
680675.602887,68,1.0,0.35016282118501285,0.2852477218319114,680675.60723-0 680675.598544-1,-6.943419542599576,4.409378165144024,28.7795170916678,20.203551646175022,14.235113642982796,-22.192916658305958,-0.46340377587992504,-0.16590625611447504,0.8704780609999921,-39.876283637207884,14.290040418755805,-21.229252404238007,0.5426469849318879,-0.16463305490225152,0.8236687483314417
680675.607186,68,1.0,0.35122438955739044,0.28422063195019076,680675.60723-0 680675.607142-1,-6.843911099380316,4.405997362381384,28.584563024696187,20.203551646175022,14.235113642982796,-22.192916658305958,-0.46340377587992504,-0.16590625611447504,0.8704780609999921,-39.876283637207884,14.290040418755805,-21.229252404238007,0.5452335534746855,-0.1656489379682979,0.821754708848901
680675.611836,68,1.0,0.3522578928827112,0.28458894727217465,680675.60723-0 680675.616442-1,-6.742319544507456,4.362301193478631,28.37703368373633,20.203551646175022,14.235113642982796,-22.192916658305958,-0.46340377587992504,-0.16590625611447504,0.8704780609999921,-39.876283637207884,14.290040418755805,-21.229252404238007,0.5478767425284035,-0.168049952048939,0.8195061248171452
680675.617052,68,0.9929837882518768,0.3579656138963084,0.29205326784172736,680675.617662-0 680675.616442-1,-6.522750381891457,4.195925486567036,28.686816343014858,20.203551646175022,14.235113642982796,-22.192916658305958,-0.45808410960353035,-0.16983565262299785,0.8725335521496358,-39.876283637207884,14.290040418755805,-21.229252404238007,0.5478767425284035,-0.168049952048939,0.8195061248171452
680675.621052,69,0.9929837882518768,0.3588257038414258,0.29319629809833536,680675.617662-0 680675.624442-1,-6.4380093006433405,4.13713502617117,28.506248358226014,20.203551646175022,14.235113642982796,-22.192916658305958,-0.45808410960353035,-0.16983565262299785,0.8725335521496358,-39.876283637207884,14.290040418755805,-21.229252404238007,0.5500872053563944,-0.17082686177010975,0.8174486221169912
680675.625402,69,1.0,0.3613560490387474,0.29223631384019544,680675.626362-0 680675.624442-1,-6.346419875714707,4.181525334523058,28.656111604790482,20.203551646175022,14.235113642982796,-22.192916658305958,-0.45586540426419336,-0.16764728603185125,0.8741173380509037,-39.876283637207884,14.290040418755805,-21.229252404238007,0.5500872053563944,-0.17082686177010975,0.8174486221169912
680675.6299894999,69,1.0,0.36257406810017856,0.2902808784653007,680675.626362-0 680675.633617-1,-6.243131994191499,4.203525285007632,28.454619741473927,20.203551646175022,14.235113642982796,-22.192916658305958,-0.45586540426419336,-0.16764728603185125,0.8741173380509037,-39.876283637207884,14.290040418755805,-21.229252404238007,0.552790219552654,-0.17106416095477925,0.815573433851156
680675.6346785,69,0.9940922260284424,0.3633682790090488,0.2924203977743509,680675.6357399999-0 680675.633617-1,-6.210822714436439,4.150058926839321,28.49410495323786,20.203551646175022,14.235113642982796,-22.192916658305958,-0.45508528293524486,-0.1692005998592828,0.8742245376692458,-39.876283637207884,14.290040418755805,-21.229252404238007,0.552790219552654,-0.17106416095477925,0.815573433851156
680675.6389929999,69,0.9940922260284424,0.3646214044708884,0.2899358694794191,680675.6357399999-0 680675.642246-1,-6.108245238448037,4.186655731576123,28.296714854018227,20.203551646175022,14.235113642982796,-22.192916658305958,-0.45508528293524486,-0.1692005998592828,0.8742245376692458,-39.876283637207884,14.290040418755805,-21.229252404238007,0.555479873386941,-0.17080852820794026,0.8137976142466044
680675.6430265,69,0.999279111623764,0.3660970382445459,0.2913943064752209,680675.643807-0 680675.642246-1,-6.0519108901311345,4.1570153319354555,28.376915460381696,20.203551646175022,14.235113642982796,-22.192916658305958,-0.4537227350380723,-0.16977367574244343,0.8748214553464443,-39.876283637207884,14.290040418755805,-21.229252404238007,0.555479873386941,-0.17080852820794026,0.8137976142466044
680675.647462,69,0.999279111623764,0.3682219338580527,0.2879440166249234,680675.643807-0 680675.651117-1,-5.879473166244422,4.19692762021111,28.039118054887215,20.203551646175022,14.235113642982796,-22.192916658305958,-0.4537227350380723,-0.16977367574244343,0.8748214553464443,-39.876283637207884,14.290040418755805,-21.229252404238007,0.560011472658111,-0.17111609575823739,0.8106210164212074
680675.653024,70,0.9513405561447144,0.37352064066248253,0.2936538427975963,680675.654931-0 680675.651117-1,-5.676208521188823,4.078475457907434,28.32259714885335,20.203551646175022,14.235113642982796,-22.192916658305958,-0.4488099126892117,-0.17224276619462506,0.8768706243029958,-39.876283637207884,14.290040418755805,-21.229252404238007,0.560011472658111,-0.17111609575823739,0.8106210164212074
680675.657086,70,0.9513405561447144,0.37379433710829435,0.29338398799599885,680675.654931-0 680675.659241-1,-5.654099382567125,4.078913587044531,28.277656221697846,20.203551646175022,14.235113642982796,-22.192916658305958,-0.4488099126892117,-0.17224276619462506,0.8768706243029958,-39.876283637207884,14.290040418755805,-21.229252404238007,0.5605941921767387,-0.17131819266056778,0.8101754307316573
680675.660622,70,0.9994227588176727,0.3784165012767358,0.29828819504491355,680675.662003-0 680675.659241-1,-5.474840940615119,3.976641059893569,28.527558547425148,20.203551646175022,14.235113642982796,-22.192916658305958,-0.44449014583313373,-0.17432800960735298,0.8786570749294506,-39.876283637207884,14.290040418755805,-21.229252404238007,0.5605941921767387,-0.17131819266056778,0.8101754307316573
680675.6638539999,70,0.9994227588176727,0.3799410131033262,0.2944639075277007,680675.662003-0 680675.6657049999-1,-5.361828975662199,4.047108343839239,28.309816532855194,20.203551646175022,14.235113642982796,-22.192916658305958,-0.44449014583313373,-0.17432800960735298,0.8786570749294506,-39.876283637207884,14.290040418755805,-21.229252404238007,0.5635832275539249,-0.1700688408299068,0.8083628733425804
680675.6669589999,70,0.9760834574699402,0.3798351129356584,0.2920702858119206,680675.6682129999-0 680675.6657049999-1,-5.368901882492645,4.111782774097084,28.311732370465982,20.203551646175022,14.235113642982796,-22.192916658305958,-0.4446583417110946,-0.1722023021349556,0.8789910843041359,-39.876283637207884,14.290040418755805,-21.229252404238007,0.5635832275539249,-0.1700688408299068,0.8083628733425804
680675.6722029999,70,0.9760834574699402,0.3819379459327734,0.2867615916074543,680675.6682129999-0 680675.6761929999-1,-5.21606985308312,4.207795431105287,28.01753292078812,20.203551646175022,14.235113642982796,-22.192916658305958,-0.4446583417110946,-0.1722023021349556,0.8789910843041359,-39.876283637207884,14.290040418755805,-21.229252404238007,0.5676328143182346,-0.168329554084897,0.8058896632484749
680675.6778519999,70,0.9697403311729431,0.38239914202042324,0.28482336322868573,680675.6795109999-0 680675.6761929999-1,-5.201341397579238,4.263785454496635,28.04993972365354,20.203551646175022,14.235113642982796,-22.192916658305958,-0.4443007116877581,-0.1701996224175508,0.8795618034695885,-39.876283637207884,14.290040418755805,-21.229252404238007,0.5676328143182346,-0.168329554084897,0.8058896632484749
680675.6817595,70,0.9697403311729431,0.38344972041418324,0.2816618051152463,680675.6795109999-0 680675.684008-1,-5.127798193470326,4.325415309990825,27.911490719071647,20.203551646175022,14.235113642982796,-22.192916658305958,-0.4443007116877581,-0.1701996224175508,0.8795618034695885,-39.876283637207884,14.290040418755805,-21.229252404238007,0.5695853814733582,-0.16695897777007096,0.8047963673835896
680675.685169,71,0.9849708378314972,0.383561086534245,0.27960684152097215,680675.6863299999-0 680675.684008-1,-5.12627146859311,4.3819081173653345,27.924361347955223,20.203551646175022,14.235113642982796,-22.192916658305958,-0.444261854092439,-0.16827339124547186,0.8799519707331172,-39.876283637207884,14.290040418755805,-21.229252404238007,0.5695853814733582,-0.16695897777007096,0.8047963673835896
680675.6901125,71,0.9849708378314972,0.3836938481530959,0.27845003970499926,680675.6863299999-0 680675.693895-1,-5.119227765123281,4.411206849669313,27.916059502327013,20.203551646175022,14.235113642982796,-22.192916658305958,-0.444261854092439,-0.16827339124547186,0.8799519707331172,-39.876283637207884,14.290040418755805,-21.229252404238007,0.5697733549717352,-0.16603206292411102,0.8048550664842814
680675.6946465,71,0.9594785869121552,0.3861047074551113,0.28054597314933105,680675.695398-0 680675.693895-1,-5.026274512875073,4.372713691488921,28.045231170008837,20.203551646175022,14.235113642982796,-22.192916658305958,-0.4420188892731567,-0.1689063185602287,0.8809596795972875,-39.876283637207884,14.290040418755805,-21.229252404238007,0.5697733549717352,-0.16603206292411102,0.8048550664842814
680675.6976254999,71,0.9594785869121552,0.38712811871319064,0.2773288193760043,680675.695398-0 680675.699853-1,-4.956194973714272,4.436406389632373,27.91334125864875,20.203551646175022,14.235113642982796,-22.192916658305958,-0.4420188892731567,-0.1689063185602287,0.8809596795972875,-39.876283637207884,14.290040418755805,-21.229252404238007,0.5716379982075407,-0.16455403224758045,0.8038357851429221
680675.700513,71,0.9735687375068665,0.38683608023163374,0.2761674388197648,680675.701173-0 680675.699853-1,-4.968602948958059,4.465616639158489,27.90068922695938,20.203551646175022,14.235113642982796,-22.192916658305958,-0.44231747237497443,-0.1680045152367393,0.8809822566271592,-39.876283637207884,14.290040418755805,-21.229252404238007,0.5716379982075407,-0.16455403224758045,0.8038357851429221
680675.7047395001,71,0.9735687375068665,0.38877546369278315,0.27459167948438457,680675.701173-0 680675.708306-1,-4.825478553849818,4.456988629671894,27.602297214456385,20.203551646175022,14.235113642982796,-22.192916658305958,-0.44231747237497443,-0.1680045152367393,0.8809822566271592,-39.876283637207884,14.290040418755805,-21.229252404238007,0.5754459731704181,-0.1662434130852787,0.8007652961809144
680675.708755,71,0.981281965970993,0.39170484432165215,0.2802957235447511,680675.709204-0 680675.708306-1,-4.708978398033992,4.326235873942409,27.746115330483832,20.203551646175022,14.235113642982796,-22.192916658305958,-0.4395067522865016,-0.17161665622662248,0.8816924282311631,-39.876283637207884,14.290040418755805,-21.229252404238007,0.5754459731704181,-0.1662434130852787,0.8007652961809144
680675.7137964999,71,0.981281965970993,0.39307852805009275,0.2761427022909597,680675.709204-0 680675.7183889999-1,-4.618108334681468,4.406620566049839,27.57334220396287,20.203551646175022,14.235113642982796,-22.192916658305958,-0.4395067522865016,-0.17161665622662248,0.8816924282311631,-39.876283637207884,14.290040418755805,-21.229252404238007,0.5778736118726756,-0.16440612641358313,0.799395217835902
680675.7184335,72,1.0,0.39349476683722984,0.2772801354179222,680675.718478-0 680675.7183889999-1,-4.601156257769146,4.379371714502799,27.592508175388836,20.203551646175022,14.235113642982796,-22.192916658305958,-0.4390981148336298,-0.1724235851318262,0.8817385966599398,-39.876283637207884,14.290040418755805,-21.229252404238007,0.5778736118726756,-0.16440612641358313,0.799395217835902
680675.7225705,72,1.0,0.39137203169613066,0.27330599374820996,680675.718478-0 680675.726663-1,-4.769081759039185,4.549229635490958,27.98044835783294,20.203551646175022,14.235113642982796,-22.192916658305958,-0.4390981148336298,-0.1724235851318262,0.8817385966599398,-39.950977634876324,14.553696254982615,-20.480822566392376,0.5794785511921262,-0.1626522247553097,0.7985917996638974
680675.7265979999,72,1.0,0.38832104393205996,0.2746382921656644,680675.726533-0 680675.726663-1,-4.882815239895878,4.489445143198393,27.80757412469199,20.23868693670972,14.199028824933892,-22.691367613007124,-0.438986055517509,-0.17329089275963547,0.8816243585267745,-39.950977634876324,14.553696254982615,-20.480822566392376,0.5794785511921262,-0.1626522247553097,0.7985917996638974
680675.7307235,72,0.997574120759964,0.3887598467305757,0.27404713519062274,680675.734784-0 680675.726663-1,-4.8670386018243175,4.5088171925336935,27.833692988377557,20.23868693670972,14.199028824933892,-22.691367613007124,-0.43860733991081735,-0.17252144499675334,0.8819636910851766,-39.950977634876324,14.553696254982615,-20.480822566392376,0.5794785511921262,-0.1626522247553097,0.7985917996638974
680675.7338395,72,0.997574120759964,0.3892348217489704,0.27077688946457934,680675.734784-0 680675.732895-1,-4.83996969509834,4.588586820490097,27.794482708269886,20.23868693670972,14.199028824933892,-22.691367613007124,-0.43860733991081735,-0.17252144499675334,0.8819636910851766,-39.950977634876324,14.553696254982615,-20.480822566392376,0.5802142888627878,-0.1601938890844852,0.7985545046516467
680675.7396565,72,0.997574120759964,0.39047597349284413,0.2693640032390101,680675.734784-0 680675.744529-1,-4.750049181486116,4.5933588626127895,27.60695297026686,20.23868693670972,14.199028824933892,-22.691367613007124,-0.43860733991081735,-0.17252144499675334,0.8819636910851766,-39.950977634876324,14.553696254982615,-20.480822566392376,0.5826373378091293,-0.16090575973693919,0.7966448826636426
680675.743206,72,0.9943093657493591,0.3929885061806361,0.26786963646856765,680675.741883-0 680675.744529-1,-4.657249982822663,4.653636941214854,27.74946675989435,20.23868693670972,14.199028824933892,-22.691367613007124,-0.4363861741773641,-0.16982047319100757,0.8835882037872764,-39.950977634876324,14.553696254982615,-20.480822566392376,0.5826373378091293,-0.16090575973693919,0.7966448826636426
680675.7468900001,72,0.966634064912796,0.39927296054175754,0.272860185697934,680675.749251-0 680675.744529-1,-4.411461567605359,4.568733141281139,28.082465751178567,20.23868693670972,14.199028824933892,-22.691367613007124,-0.4305529084572903,-0.17097198783900658,0.8862238838991795,-39.950977634876324,14.553696254982615,-20.480822566392376,0.5826373378091293,-0.16090575973693919,0.7966448826636426
680675.7500755,72,0.966634064912796,0.39952301105916027,0.2713342581903657,680675.749251-0 680675.7509-1,-4.39694192099587,4.605434761143938,28.059380115680053,20.23868693670972,14.199028824933892,-22.691367613007124,-0.4305529084572903,-0.17097198783900658,0.8862238838991795,-39.950977634876324,14.553696254982615,-20.480822566392376,0.58303347844922,-0.15980138463697502,0.7965773537300117
680675.7554445,72,0.9809668958187103,0.4051708474635124,0.27528432831398686,680675.759989-0 680675.7509-1,-4.172927447137438,4.543190496313541,28.36529517783688,20.23868693670972,14.199028824933892,-22.691367613007124,-0.42525389933699115,-0.17150509615935605,0.8886760507012967,-39.950977634876324,14.553696254982615,-20.480822566392376,0.58303347844922,-0.15980138463697502,0.7965773537300117
680675.7611645,73,0.9809668958187103,0.4060472887965969,0.274712214809838,680675.759989-0 680675.76234-1,-4.11194162539255,4.53610052314412,28.230868225961377,20.23868693670972,14.199028824933892,-22.691367613007124,-0.42525389933699115,-0.17150509615935605,0.8886760507012967,-39.950977634876324,14.553696254982615,-20.480822566392376,0.5846894041606937,-0.16065183377438585,0.7951913536798171
680675.76469,73,0.9493884146213531,0.408005710570199,0.27856118281986286,680675.76704-0 680675.76234-1,-4.031032098666534,4.44654520861681,28.328641438666867,20.23868693670972,14.199028824933892,-22.691367613007124,-0.42335254427716074,-0.17395234981851238,0.8891080942420175,-39.950977634876324,14.553696254982615,-20.480822566392376,0.5846894041606937,-0.16065183377438585,0.7951913536798171
680675.7679475,73,0.9493884146213531,0.40886685605915324,0.2792531163907659,680675.76704-0 680675.768855-1,-3.9695007338211568,4.404635859930239,28.18444589739629,20.23868693670972,14.199028824933892,-22.691367613007124,-0.42335254427716074,-0.17395234981851238,0.8891080942420175,-39.950977634876324,14.553696254982615,-20.480822566392376,0.5863604347522381,-0.16269845719156378,0.7935431006471236
680675.772865,73,0.9703426957130432,0.4075724673478132,0.2783101840198855,680675.776875-0 680675.768855-1,-4.0211404501195815,4.420070124954041,28.11476210509724,20.23868693670972,14.199028824933892,-22.691367613007124,-0.4245725525271106,-0.1737961967928044,0.8885567115389825,-39.950977634876324,14.553696254982615,-20.480822566392376,0.5863604347522381,-0.16269845719156378,0.7935431006471236
680675.7772494999,73,0.9703426957130432,0.4098896667896145,0.2734363510455574,680675.776875-0 680675.777624-1,-3.87158025826732,4.49766794597025,27.805419531082755,20.23868693670972,14.199028824933892,-22.691367613007124,-0.4245725525271106,-0.1737961967928044,0.8885567115389825,-39.950977634876324,14.553696254982615,-20.480822566392376,0.5904392842580786,-0.1615812310720946,0.7907420295962737
680675.78038,73,0.9448575377464294,0.41271970505435995,0.27584757490008815,680675.783136-0 680675.777624-1,-3.758743056205148,4.455259276829484,27.95441760705307,20.23868693670972,14.199028824933892,-22.691367613007124,-0.4219039261181966,-0.174443241132136,0.8897003050181373,-39.950977634876324,14.553696254982615,-20.480822566392376,0.5904392842580786,-0.1615812310720946,0.7907420295962737
680675.78464,73,0.9448575377464294,0.4131364434168142,0.2781016181328888,680675.783136-0 680675.786144-1,-3.726388997920841,4.3814311419293,27.866515525635418,20.23868693670972,14.199028824933892,-22.691367613007124,-0.4219039261181966,-0.174443241132136,0.8897003050181373,-39.950977634876324,14.553696254982615,-20.480822566392376,0.5913164928242353,-0.16442850173465812,0.7894986213612671
680675.7895,73,0.9825364351272583,0.41443182447355403,0.27699266807943634,680675.792856-0 680675.786144-1,-3.6767088035075286,4.421579877446696,27.942721203676868,20.23868693670972,14.199028824933892,-22.691367613007124,-0.4207218806528005,-0.17273693190943915,0.8905925283172346,-39.950977634876324,14.553696254982615,-20.480822566392376,0.5913164928242353,-0.16442850173465812,0.7894986213612671
680675.7934335,73,0.9825364351272583,0.41511390623747435,0.2735876177848534,680675.792856-0 680675.794011-1,-3.6376527807328767,4.499978038629381,27.874151424011878,20.23868693670972,14.199028824933892,-22.691367613007124,-0.4207218806528005,-0.17273693190943915,0.8905925283172346,-39.950977634876324,14.553696254982615,-20.480822566392376,0.5923906508305513,-0.16216168205985745,0.7891621542370576
680675.7966509999,73,1.0,0.42018661384497535,0.2782226996207806,680675.799291-0 680675.794011-1,-3.432576076209754,4.415523834840344,28.14217814842995,20.23868693670972,14.199028824933892,-22.691367613007124,-0.41588464548677706,-0.17416403300564948,0.8925843664637784,-39.950977634876324,14.553696254982615,-20.480822566392376,0.5923906508305513,-0.16216168205985745,0.7891621542370576
680675.802192,74,1.0,0.4204240434383252,0.2789078640996552,680675.799291-0 680675.805093-1,-3.415927456424848,4.390406029967734,28.099195670623157,20.23868693670972,14.199028824933892,-22.691367613007124,-0.41588464548677706,-0.17416403300564948,0.8925843664637784,-39.950977634876324,14.553696254982615,-20.480822566392376,0.5928452428666677,-0.16318813487937767,0.7886089973142277
680675.806123,74,0.8775303959846497,0.42283889544957437,0.279092290906391,680675.807153-0 680675.805093-1,-3.3191225315691497,4.404857661152248,28.235460096261182,20.23868693670972,14.199028824933892,-22.691367613007124,-0.4135990420678606,-0.173003739352075,0.8938710972901783,-39.950977634876324,14.553696254982615,-20.480822566392376,0.5928452428666677,-0.16318813487937767,0.7886089973142277
680675.8096425,74,0.8775303959846497,0.4240360401839515,0.28022745714523845,680675.807153-0 680675.812132-1,-3.240382995240825,4.344009236221099,28.04381793459156,20.23868693670972,14.199028824933892,-22.691367613007124,-0.4135990420678606,-0.173003739352075,0.8938710972901783,-39.950977634876324,14.553696254982615,-20.480822566392376,0.5950041025432645,-0.1660826591134477,0.7863756534242973
680675.8139965,74,0.9408307671546936,0.4258342755727285,0.2784169069540735,680675.815861-0 680675.812132-1,-3.169714138501078,4.407516024450435,28.152183571573897,20.23868693670972,14.199028824933892,-22.691367613007124,-0.41192392480458995,-0.17037199972165812,0.8951491841500083,-39.950977634876324,14.553696254982615,-20.480822566392376,0.5950041025432645,-0.1660826591134477,0.7863756534242973
680675.818228,74,0.9408307671546936,0.42702506658554684,0.27600921743427065,680675.815861-0 680675.8205949999-1,-3.0981925814437297,4.446251784885594,27.99887315313217,20.23868693670972,14.199028824933892,-22.691367613007124,-0.41192392480458995,-0.17037199972165812,0.8951491841500083,-39.950977634876324,14.553696254982615,-20.480822566392376,0.5969769276930827,-0.16552263918290147,0.7849973272056757
680675.8233365,74,0.9676404297351837,0.43083635857534813,0.27775201263938054,680675.826078-0 680675.8205949999-1,-2.9426452383543342,4.4303610911130376,28.20825423704379,20.23868693670972,14.199028824933892,-22.691367613007124,-0.4082606560603093,-0.16983792352057858,0.8969271522523019,-39.950977634876324,14.553696254982615,-20.480822566392376,0.5969769276930827,-0.16552263918290147,0.7849973272056757
680675.8274685,74,0.9676404297351837,0.43223178600811485,0.2764670579455717,680675.826078-0 680675.828859-1,-2.8584114520219384,4.433109022697438,28.015713696015602,20.23868693670972,14.199028824933892,-22.691367613007124,-0.4082606560603093,-0.16983792352057858,0.8969271522523019,-39.950977634876324,14.553696254982615,-20.480822566392376,0.5993047422226033,-0.1663269702990801,0.7830511891955901
680675.8318795001,74,0.8762852549552917,0.4332342422518388,0.27744813090716236,680675.8349-0 680675.828859-1,-2.81694069358209,4.414850916538091,28.0687025982865,20.23868693670972,14.199028824933892,-22.691367613007124,-0.4072861298415316,-0.17016926588559667,0.8973073215942597,-39.950977634876324,14.553696254982615,-20.480822566392376,0.5993047422226033,-0.1663269702990801,0.7830511891955901
680675.8373024999,75,0.8762852549552917,0.4338607354524461,0.2769620509875116,680675.8349-0 680675.8397049999-1,-2.7794856819391143,4.413660757636457,27.98226090458767,20.23868693670972,14.199028824933892,-22.691367613007124,-0.4072861298415316,-0.17016926588559667,0.8973073215942597,-39.950977634876324,14.553696254982615,-20.480822566392376,0.6003410810892098,-0.16676913305461022,0.7821627980266335
680675.8415709999,75,1.0,0.43936413845408523,0.2845867463411559,680675.843437-0 680675.8397049999-1,-2.548456197374014,4.25217503285719,28.265795901897913,20.23868693670972,14.199028824933892,-22.691367613007124,-0.4018744061925658,-0.1740149681756062,0.8990082049115098,-39.950977634876324,14.553696254982615,-20.480822566392376,0.6003410810892098,-0.16676913305461022,0.7821627980266335
680675.8447489999,75,1.0,0.44012216293917783,0.2831242563806984,680675.843437-0 680675.846061-1,-2.505149805305207,4.276046032037289,28.170114878466823,20.23868693670972,14.199028824933892,-22.691367613007124,-0.4018744061925658,-0.1740149681756062,0.8990082049115098,-39.950977634876324,14.553696254982615,-20.480822566392376,0.6015467351277786,-0.16643748510154663,0.7813066549122583
680675.8477469999,75,0.9096486866474152,0.4433454580318103,0.288118335280928,680675.849433-0 680675.846061-1,-2.3680735089615457,4.166511697437262,28.335056836499582,20.23868693670972,14.199028824933892,-22.691367613007124,-0.39867344999320853,-0.17674495616251862,0.8999003837879068,-39.950977634876324,14.553696254982615,-20.480822566392376,0.6015467351277786,-0.16643748510154663,0.7813066549122583
680675.8526669999,75,0.9096486866474152,0.4436145182486868,0.2880700137885269,680675.849433-0 680675.855901-1,-2.3523988313664663,4.162057189940867,28.2970013910035,20.23868693670972,14.199028824933892,-22.691367613007124,-0.39867344999320853,-0.17674495616251862,0.8999003837879068,-39.950977634876324,14.553696254982615,-20.480822566392376,0.6019832938891864,-0.1667634183357416,0.7809008107200964
680675.8576179999,75,0.9187297523021698,0.44773128027651127,0.292255748844348,680675.8593349999-0 680675.855901-1,-2.17696723276417,4.0808215670546835,28.518537732130948,20.23868693670972,14.199028824933892,-22.691367613007124,-0.3945791653393818,-0.17824478398951657,0.9014078318167683,-39.950977634876324,14.553696254982615,-20.480822566392376,0.6019832938891864,-0.1667634183357416,0.7809008107200964
680675.8617475,75,0.9187297523021698,0.44878939687119707,0.2891294556382339,680675.8593349999-0 680675.86416-1,-2.1191350860475193,4.1458104468255454,28.39552806023867,20.23868693670972,14.199028824933892,-22.691367613007124,-0.3945791653393818,-0.17824478398951657,0.9014078318167683,-39.950977634876324,14.553696254982615,-20.480822566392376,0.6036059999719673,-0.16522769564751746,0.7799741055886744
680675.8650275,75,0.8941422402858734,0.45163695149621086,0.291534021772341,680675.8658949999-0 680675.86416-1,-1.9969603535084026,4.103080291891009,28.551674802207874,20.23868693670972,14.199028824933892,-22.691367613007124,-0.39173067050624066,-0.17882812321586242,0.9025339794887632,-39.950977634876324,14.553696254982615,-20.480822566392376,0.6036059999719673,-0.16522769564751746,0.7799741055886744
680675.870426,76,0.8941422402858734,0.45308249505702775,0.29235224626471423,680675.8658949999-0 680675.874957-1,-1.9150072867160066,4.05061028131432,28.34166550902613,20.23868693670972,14.199028824933892,-22.691367613007124,-0.39173067050624066,-0.17882812321586242,0.9025339794887632,-39.950977634876324,14.553696254982615,-20.480822566392376,0.6059022165043384,-0.1679376842468874,0.777611367101152
680675.876003,76,0.9645341634750366,0.4563483001842822,0.2975931978512446,680675.877049-0 680675.874957-1,-1.7729322077417589,3.933794052408599,28.509482610686426,20.23868693670972,14.199028824933892,-22.691367613007124,-0.38843009200100276,-0.18174517292972403,0.9033774160033209,-39.950977634876324,14.553696254982615,-20.480822566392376,0.6059022165043384,-0.1679376842468874,0.777611367101152
680675.87953,76,0.9645341634750366,0.457802194375057,0.2958475442564743,680675.877049-0 680675.882011-1,-1.6943938085682184,3.9536402573364295,28.322789923061215,20.23868693670972,14.199028824933892,-22.691367613007124,-0.38843009200100276,-0.18174517292972403,0.9033774160033209,-39.950977634876324,14.553696254982615,-20.480822566392376,0.6081161755184412,-0.16819097272918232,0.7758263425311336
680675.8831865,76,0.9817720353603363,0.4630054733771815,0.3010100824665609,680675.884362-0 680675.882011-1,-1.4674084082588532,3.853716256366,28.605323851606947,20.23868693670972,14.199028824933892,-22.691367613007124,-0.38315486155199757,-0.18349566170155088,0.9052743750961799,-39.950977634876324,14.553696254982615,-20.480822566392376,0.6081161755184412,-0.16819097272918232,0.7758263425311336
680675.8877935,76,0.9817720353603363,0.4649193043430415,0.2979299496158493,680675.884362-0 680675.891225-1,-1.36725167789937,3.9027181696445687,28.3689331038249,20.23868693670972,14.199028824933892,-22.691367613007124,-0.38315486155199757,-0.18349566170155088,0.9052743750961799,-39.950977634876324,14.553696254982615,-20.480822566392376,0.6109572952262914,-0.16774137637786346,0.773688576922675
680675.8922765,76,0.987768828868866,0.4700032346040956,0.3028552698484639,680675.893328-0 680675.891225-1,-1.1426658249357367,3.808313149392279,28.647074511817202,20.23868693670972,14.199028824933892,-22.691367613007124,-0.37794610957181374,-0.18507883453792792,0.9071397705236016,-39.950977634876324,14.553696254982615,-20.480822566392376,0.6109572952262914,-0.16774137637786346,0.773688576922675
680675.8962665,76,0.987768828868866,0.4713796960279654,0.3012241825592482,680675.893328-0 680675.899205-1,-1.0721762816945706,3.8282580615702946,28.474379544434154,20.23868693670972,14.199028824933892,-22.691367613007124,-0.37794610957181374,-0.18507883453792792,0.9071397705236016,-39.950977634876324,14.553696254982615,-20.480822566392376,0.6129675240452331,-0.16793224497057604,0.7720554225993098
680675.8998755,76,0.9614550173282623,0.47432347605472663,0.30457198659311235,680675.900546-0 680675.899205-1,-0.9406422390462694,3.759958778586455,28.63383693086274,20.23868693670972,14.199028824933892,-22.691367613007124,-0.3749029611296601,-0.18643762083305843,0.9081237709003774,-39.950977634876324,14.553696254982615,-20.480822566392376,0.6129675240452331,-0.16793224497057604,0.7720554225993098
680675.9048645,76,0.9614550173282623,0.47624792954051776,0.3052338119206346,680675.900546-0 680675.909183-1,-0.8432240442792569,3.707973975466598,28.373390829531683,20.23868693670972,14.199028824933892,-22.691367613007124,-0.3749029611296601,-0.18643762083305843,0.9081237709003774,-39.950977634876324,14.553696254982615,-20.480822566392376,0.6157515637544397,-0.17089370787286035,0.7691848622687705
680675.9097384999,77,0.9553409516811371,0.4800240055092305,0.30685097324715593,680675.910294-0 680675.909183-1,-0.6740681578230081,3.6928863995542596,28.590830712381283,20.23868693670972,14.199028824933892,-22.691367613007124,-0.37098174164388625,-0.1857535681337254,0.9098726060787071,-39.950977634876324,14.553696254982615,-20.480822566392376,0.6157515637544397,-0.17089370787286035,0.7691848622687705
680675.913314,77,0.9553409516811371,0.48133484475885646,0.3055106257102824,680675.910294-0 680675.916334-1,-0.6097878229578821,3.707172232568608,28.428759883211075,20.23868693670972,14.199028824933892,-22.691367613007124,-0.37098174164388625,-0.1857535681337254,0.9098726060787071,-39.950977634876324,14.553696254982615,-20.480822566392376,0.6176005617591674,-0.17122554489574798,0.7676270962452503
680675.916687,77,0.9606662392616272,0.48488597657161236,0.31092171020863424,680675.91704-0 680675.916334-1,-0.4484212883917298,3.5873928877700685,28.614811725740196,20.23868693670972,14.199028824933892,-22.691367613007124,-0.3672620932794338,-0.18861443740500672,0.9107925937568887,-39.950977634876324,14.553696254982615,-20.480822566392376,0.6176005617591674,-0.17122554489574798,0.7676270962452503
680675.9219595001,77,0.9606662392616272,0.4862175667393796,0.30806556722208567,680675.91704-0 680675.926879-1,-0.3846230631801877,3.6435737559176493,28.462383980958638,20.23868693670972,14.199028824933892,-22.691367613007124,-0.3672620932794338,-0.18861443740500672,0.9107925937568887,-39.950977634876324,14.553696254982615,-20.480822566392376,0.6194466935537233,-0.1701589995284764,0.7663756968516339
680675.9268185,77,0.9737349152565002,0.4888199202577289,0.31192706405123294,680675.9267579999-0 680675.926879-1,-0.2655152842378232,3.558554685902866,28.599490200632903,20.23868693670972,14.199028824933892,-22.691367613007124,-0.36451963434934703,-0.19061146875504822,0.9114783070116707,-39.950977634876324,14.553696254982615,-20.480822566392376,0.6194466935537233,-0.1701589995284764,0.7663756968516339
680675.930437,77,0.9428439140319824,0.4920847442138518,0.3141699084197075,680675.933995-0 680675.926879-1,-0.11470177500395984,3.5219594489758155,28.78702822403808,20.23868693670972,14.199028824933892,-22.691367613007124,-0.36104601484458937,-0.19076641917651807,0.9128274472644923,-39.950977634876324,14.553696254982615,-20.480822566392376,0.6194466935537233,-0.1701589995284764,0.7663756968516339
680675.9347295,77,0.9428439140319824,0.49331957700033013,0.3125947838810771,680675.933995-0 680675.935464-1,-0.05674622428970544,3.5455817674599013,28.638765973625574,20.23868693670972,14.199028824933892,-22.691367613007124,-0.36104601484458937,-0.19076641917651807,0.9128274472644923,-39.950977634876324,14.553696254982615,-20.480822566392376,0.6211342486845987,-0.17013061682540534,0.7650149137955587
680675.9403515,77,0.9573153257369995,0.49387138657012447,0.3135722861063578,680675.945239-0 680675.935464-1,-0.031129953482322392,3.5231480661691448,28.66727540150603,20.23868693670972,14.199028824933892,-22.691367613007124,-0.360458537475399,-0.19133250264429122,0.9129411351193286,-39.950977634876324,14.553696254982615,-20.480822566392376,0.6211342486845987,-0.17013061682540534,0.7650149137955587
680675.94578,78,0.9573153257369995,0.49595828760590327,0.31270708943897263,680675.945239-0 680675.946321-1,0.06534563571897323,3.5140408633258167,28.407890221735965,20.23868693670972,14.199028824933892,-22.691367613007124,-0.360458537475399,-0.19133250264429122,0.9129411351193286,-39.950977634876324,14.553696254982615,-20.480822566392376,0.6239454957358541,-0.17171626521448832,0.7623683772374918
680675.949095,78,0.9576853811740875,0.49758839915283015,0.31450424625016515,680675.951869-0 680675.946321-1,0.1409049449232569,3.477674778245114,28.497132513923667,20.23868693670972,14.199028824933892,-22.691367613007124,-0.3587189130489753,-0.19201333388198233,0.9134832352224577,-39.950977634876324,14.553696254982615,-20.480822566392376,0.6239454957358541,-0.17171626521448832,0.7623683772374918
680675.9526335,78,0.9576853811740875,0.49917816640248314,0.315095760070081,680675.951869-0 680675.953398-1,0.2128658751874717,3.4374349241458155,28.293972847805616,20.23868693670972,14.199028824933892,-22.691367613007124,-0.3587189130489753,-0.19201333388198233,0.9134832352224577,-39.950977634876324,14.553696254982615,-20.480822566392376,0.6260466234664115,-0.17403845717234293,0.760115938966797
680675.9578305,78,0.9397020041942596,0.5004587134286814,0.3180606848160915,680675.962263-0 680675.953398-1,0.2721578638921027,3.367136202936134,28.355251507540924,20.23868693670972,14.199028824933892,-22.691367613007124,-0.35735904163396676,-0.19394034275451083,0.9136091389728518,-39.950977634876324,14.553696254982615,-20.480822566392376,0.6260466234664115,-0.17403845717234293,0.760115938966797
680675.96265,78,0.9397020041942596,0.501080707684166,0.3182136637541707,680675.962263-0 680675.963037-1,0.299929935339998,3.3538741983628064,28.277008058246466,20.23868693670972,14.199028824933892,-22.691367613007124,-0.35735904163396676,-0.19394034275451083,0.9136091389728518,-39.950977634876324,14.553696254982615,-20.480822566392376,0.6268593808722789,-0.17486431899058982,0.7592560744283712
680675.966034,78,0.9845044314861298,0.5011851798851359,0.3170846831015701,680675.969031-0 680675.963037-1,0.3048892428701375,3.3849044339039986,28.289478174611304,20.23868693670972,14.199028824933892,-22.691367613007124,-0.35724001956167717,-0.19286885669852502,0.9138824719510579,-39.950977634876324,14.553696254982615,-20.480822566392376,0.6268593808722789,-0.17486431899058982,0.7592560744283712
680675.970987,78,0.9845044314861298,0.5040334019617448,0.3146458613829195,680675.969031-0 680675.972943-1,0.43058146264340813,3.4083561890250156,27.956511512047772,20.23868693670972,14.199028824933892,-22.691367613007124,-0.35724001956167717,-0.19286885669852502,0.9138824719510579,-39.950977634876324,14.553696254982615,-20.480822566392376,0.6305467275217431,-0.17579278483955993,0.7559812968651888
680675.9748645,78,0.9645869135856628,0.503149210325272,0.3102926004586407,680675.976786-0 680675.972943-1,0.39023377516121194,3.5173913085022956,27.927385908192047,20.23868693670972,14.199028824933892,-22.691367613007124,-0.3581604280663853,-0.18949273207885808,0.914228424550776,-39.950977634876324,14.553696254982615,-20.480822566392376,0.6305467275217431,-0.17579278483955993,0.7559812968651888
680675.979309,78,0.9645869135856628,0.5044870555144503,0.3087923924267406,680675.976786-0 680675.981832-1,0.4485147349488585,3.53704050097451,27.775730025685444,20.23868693670972,14.199028824933892,-22.691367613007124,-0.3581604280663853,-0.18949273207885808,0.914228424550776,-39.950977634876324,14.553696254982615,-20.480822566392376,0.6322572217485493,-0.17591812540595003,0.754522112797539
680675.9839295,79,0.9880692660808563,0.5069400845425573,0.3055599277950143,680675.986027-0 680675.981832-1,0.5626302707392838,3.6417848572030556,27.938158496188475,20.23868693670972,14.199028824933892,-22.691367613007124,-0.35549839445232667,-0.18517943638373835,0.916149260700689,-39.950977634876324,14.553696254982615,-20.480822566392376,0.6322572217485493,-0.17591812540595003,0.754522112797539
680675.987848,79,0.9880692660808563,0.5086969725698934,0.30429615046659564,680675.986027-0 680675.989669-1,0.6378228826809327,3.6481811042074765,27.73588029811597,20.23868693670972,14.199028824933892,-22.691367613007124,-0.35549839445232667,-0.18517943638373835,0.916149260700689,-39.950977634876324,14.553696254982615,-20.480822566392376,0.6344708770638491,-0.17672060853246982,0.752473609289883
680675.991535,79,0.8862521648406982,0.5103613728330417,0.3044546468327237,680675.993401-0 680675.989669-1,0.7153565839698626,3.65715566107938,27.833616714358577,20.23868693670972,14.199028824933892,-22.691367613007124,-0.35369790308246774,-0.184343850184229,0.9170142519363151,-39.950977634876324,14.553696254982615,-20.480822566392376,0.6344708770638491,-0.17672060853246982,0.752473609289883
680675.9960595,79,0.8862521648406982,0.5118778155876564,0.30379492120387686,680675.993401-0 680675.998718-1,0.7790870744490768,3.651279484403859,27.658172662902803,20.23868693670972,14.199028824933892,-22.691367613007124,-0.35369790308246774,-0.184343850184229,0.9170142519363151,-39.950977634876324,14.553696254982615,-20.480822566392376,0.6363515001027107,-0.17779038279896478,0.7506312997079375
680675.999087,79,0.9236510992050171,0.5131422335318773,0.30406328116477266,680675.9994559999-0 680675.998718-1,0.8381444032194061,3.6542419748164923,27.73149998244468,20.23868693670972,14.199028824933892,-22.691367613007124,-0.352326437979627,-0.18383844656885212,0.9176434529073582,-39.950977634876324,14.553696254982615,-20.480822566392376,0.6363515001027107,-0.17779038279896478,0.7506312997079375
680676.0040739999,79,0.9236510992050171,0.5134614360415349,0.3039533537292638,680675.9994559999-0 680676.008692-1,0.8514150663533897,3.652261258449128,27.694597919841932,20.23868693670972,14.199028824933892,-22.691367613007124,-0.352326437979627,-0.18383844656885212,0.9176434529073582,-39.950977634876324,14.553696254982615,-20.480822566392376,0.6367438247273218,-0.17803984028801373,0.7502393730949077
680676.010502,79,0.9880720674991608,0.5133128337551764,0.3050638275695021,680676.012312-0 680676.008692-1,0.8441730605778677,3.621739650716677,27.679939969588535,20.23868693670972,14.199028824933892,-22.691367613007124,-0.35249839995420335,-0.18491644592266887,0.9173607720286794,-39.950977634876324,14.553696254982615,-20.480822566392376,0.6367438247273218,-0.17803984028801373,0.7502393730949077
680676.0145815001,79,0.9880720674991608,0.5143468783814805,0.30463788217640464,680676.012312-0 680676.016851-1,0.8869475829545603,3.6173296262319674,27.561545254931115,20.23868693670972,14.199028824933892,-22.691367613007124,-0.35249839995420335,-0.18491644592266887,0.9173607720286794,-39.950977634876324,14.553696254982615,-20.480822566392376,0.638008703914557,-0.17877986827923376,0.748987751854012
680676.0179205,80,0.9766459763050079,0.5158957213008868,0.30474953326987797,680676.01899-0 680676.016851-1,0.9595188771302254,3.626653081246091,27.65233129429865,20.23868693670972,14.199028824933892,-22.691367613007124,-0.3508116958184971,-0.18410306388333245,0.9181705810717962,-39.950977634876324,14.553696254982615,-20.480822566392376,0.638008703914557,-0.17877986827923376,0.748987751854012
680676.021896,80,0.9766459763050079,0.5185532551365633,0.29997044990349286,680676.01899-0 680676.024802-1,1.0687811819509765,3.712334202280732,27.373799773997288,20.23868693670972,14.199028824933892,-22.691367613007124,-0.3508116958184971,-0.18410306388333245,0.9181705810717962,-39.950977634876324,14.553696254982615,-20.480822566392376,0.6412572730814431,-0.1773744799024412,0.7465436381079742
680676.0263735,80,0.9539817571640015,0.5189099222967937,0.29920412453175405,680676.027945-0 680676.024802-1,1.0857620980438636,3.7353460953115034,27.398759913228197,20.23868693670972,14.199028824933892,-22.691367613007124,-0.3504135726432942,-0.18320897296033387,0.9185013883136934,-39.950977634876324,14.553696254982615,-20.480822566392376,0.6412572730814431,-0.1773744799024412,0.7465436381079742
680676.029688,80,0.9539817571640015,0.5193537930567242,0.29863187448017203,680676.027945-0 680676.031431-1,1.1037269059224109,3.743558551419369,27.351356090841236,20.23868693670972,14.199028824933892,-22.691367613007124,-0.3504135726432942,-0.18320897296033387,0.9185013883136934,-39.950977634876324,14.553696254982615,-20.480822566392376,0.6417915474517291,-0.1773425616489134,0.7460919684913626
680676.0330099999,80,0.9679371416568756,0.5212602218847449,0.297456371531873,680676.0345889999-0 680676.031431-1,1.1939668769215839,3.7902671722075896,27.46955303711659,20.23868693670972,14.199028824933892,-22.691367613007124,-0.3483086036745191,-0.18101871735188496,0.9197354731522456,-39.950977634876324,14.553696254982615,-20.480822566392376,0.6417915474517291,-0.1773425616489134,0.7460919684913626
680676.038795,80,0.9679371416568756,0.5214618287996141,0.29678508610252863,680676.0345889999-0 680676.043001-1,1.2022453125177286,3.8048471910685784,27.450388969939556,20.23868693670972,14.199028824933892,-22.691367613007124,-0.3483086036745191,-0.18101871735188496,0.9197354731522456,-39.950977634876324,14.553696254982615,-20.480822566392376,0.642039374201489,-0.17695992450820458,0.7459695885845553
680676.0428895,80,0.9922251999378204,0.522435449124705,0.2967604753273755,680676.042778-0 680676.043001-1,1.2484246803732493,3.8137110419121134,27.508014968425517,20.23868693670972,14.199028824933892,-22.691367613007124,-0.3472344463258359,-0.18040860194817393,0.9202613626725266,-39.950977634876324,14.553696254982615,-20.480822566392376,0.642039374201489,-0.17695992450820458,0.7459695885845553
680676.0475949999,80,0.9248467087745667,0.5233204215938994,0.2950155527671843,680676.052189-0 680676.043001-1,1.2912603306986057,3.8673569765759144,27.56969554036244,20.23868693670972,14.199028824933892,-22.691367613007124,-0.3462335637129529,-0.17831027969573315,0.921047101680179,-39.950977634876324,14.553696254982615,-20.480822566392376,0.642039374201489,-0.17695992450820458,0.7459695885845553
680676.0510859999,81,0.9248467087745667,0.5237453067888385,0.2951487022189889,680676.052189-0 680676.049983-1,1.3079911814593022,3.8571141189357467,27.520226358529317,20.23868693670972,14.199028824933892,-22.691367613007124,-0.3462335637129529,-0.17831027969573315,0.921047101680179,-39.950977634876324,14.553696254982615,-20.480822566392376,0.6425379499131197,-0.17753952853168142,0.7454023737084512
680676.05609,81,0.9248467087745667,0.5252020678280073,0.2926254143694015,680676.052189-0 680676.059991-1,1.3662335505664416,3.9007603094347436,27.368854550745006,20.23868693670972,14.199028824933892,-22.691367613007124,-0.3462335637129529,-0.17831027969573315,0.921047101680179,-39.950977634876324,14.553696254982615,-20.480822566392376,0.6442816957153841,-0.17685576484319662,0.744058556168691
680676.0601065,81,0.9372987151145935,0.5263040216469121,0.294524795207452,680676.060222-0 680676.059991-1,1.4179797776377914,3.86029911224703,27.423869864555023,20.23868693670972,14.199028824933892,-22.691367613007124,-0.34503545224354454,-0.17933444149504454,0.921297831750815,-39.950977634876324,14.553696254982615,-20.480822566392376,0.6442816957153841,-0.17685576484319662,0.744058556168691
680676.063229,81,0.9372987151145935,0.5287873676393325,0.2921306270647578,680676.060222-0 680676.066236-1,1.5147768523627985,3.884416260206839,27.15846314403858,20.23868693670972,14.199028824933892,-22.691367613007124,-0.34503545224354454,-0.17933444149504454,0.921297831750815,-39.950977634876324,14.553696254982615,-20.480822566392376,0.6471820732651969,-0.17738019360071838,0.7414119171974057
680676.067627,81,0.9552574753761292,0.5330606532634282,0.2975845255375712,680676.069018-0 680676.066236-1,1.7173159076179942,3.7783302797353047,27.38129469841351,20.23868693670972,14.199028824933892,-22.691367613007124,-0.34033788087349487,-0.18157741502139055,0.9226048824912473,-39.950977634876324,14.553696254982615,-20.480822566392376,0.6471820732651969,-0.17738019360071838,0.7414119171974057
680676.072281,81,0.9552574753761292,0.5351184217775746,0.29307139001549765,680676.069018-0 680676.075544-1,1.7968880825910425,3.865453351650893,27.177353973818917,20.23868693670972,14.199028824933892,-22.691367613007124,-0.34033788087349487,-0.18157741502139055,0.9226048824912473,-39.950977634876324,14.553696254982615,-20.480822566392376,0.6495891300596651,-0.1755354926238034,0.7397440455574117
680676.0761885,81,0.9544834792613983,0.5377422805106555,0.29643934149079443,680676.0768329999-0 680676.075544-1,1.9224906015662437,3.8000717917592786,27.314601831704724,20.23868693670972,14.199028824933892,-22.691367613007124,-0.3374270834670389,-0.18295827021449956,0.9234009068129866,-39.950977634876324,14.553696254982615,-20.480822566392376,0.6495891300596651,-0.1755354926238034,0.7397440455574117
680676.0800584999,81,0.9544834792613983,0.5386342762456718,0.2953071288832493,680676.0768329999-0 680676.0832839999-1,1.9560046324081863,3.8163843079041238,27.222387824566113,20.23868693670972,14.199028824933892,-22.691367613007124,-0.3374270834670389,-0.18295827021449956,0.9234009068129866,-39.950977634876324,14.553696254982615,-20.480822566392376,0.6506056716852314,-0.17546032148661006,0.7388680095624821
680676.083746,82,0.944477766752243,0.539969276074084,0.2957210391088797,680676.084208-0 680676.0832839999-1,2.0211508710251866,3.8172349927951554,27.299790339322403,20.23868693670972,14.199028824933892,-22.691367613007124,-0.33591430156513724,-0.18249689374317207,0.9240435410618372,-39.950977634876324,14.553696254982615,-20.480822566392376,0.6506056716852314,-0.17546032148661006,0.7388680095624821
680676.088442,82,0.944477766752243,0.5436482305332159,0.2905999150976195,680676.084208-0 680676.092676-1,2.157200614071529,3.895635075099112,26.926682128041634,20.23868693670972,14.199028824933892,-22.691367613007124,-0.33591430156513724,-0.18249689374317207,0.9240435410618372,-39.950977634876324,14.553696254982615,-20.480822566392376,0.6547455591064034,-0.1747424628515796,0.7353729152661305
680676.0933129999,82,0.93501216173172,0.5445954539645232,0.2873972837974653,680676.09395-0 680676.092676-1,2.205973732883292,3.9878039760259263,27.00068783638443,20.23868693670972,14.199028824933892,-22.691367613007124,-0.3347672332966089,-0.17904158812524318,0.9251351302553181,-39.950977634876324,14.553696254982615,-20.480822566392376,0.6547455591064034,-0.1747424628515796,0.7353729152661305
680676.097127,82,0.93501216173172,0.5453346397546175,0.28263475371524394,680676.09395-0 680676.100304-1,2.2354386179653094,4.100285294833338,26.944512947800686,20.23868693670972,14.199028824933892,-22.691367613007124,-0.3347672332966089,-0.17904158812524318,0.9251351302553181,-39.950977634876324,14.553696254982615,-20.480822566392376,0.6556528411494603,-0.17130409663991802,0.7353735502226214
680676.1002765,82,0.9630065560340881,0.5478689659950227,0.2828276288960816,680676.100249-0 680676.100304-1,2.36073513522072,4.119516080164011,27.09441928619767,20.23868693670972,14.199028824933892,-22.691367613007124,-0.3318488668370773,-0.17758152506086808,0.9264670158920952,-39.950977634876324,14.553696254982615,-20.480822566392376,0.6556528411494603,-0.17130409663991802,0.7353735502226214
680676.105957,82,0.9146263897418976,0.5491204257288497,0.2808616006749448,680676.11161-0 680676.100304-1,2.4248400680094075,4.183542035677556,27.18066079526748,20.23868693670972,14.199028824933892,-22.691367613007124,-0.3303522603673439,-0.1749978592026427,0.9274929289998273,-39.950977634876324,14.553696254982615,-20.480822566392376,0.6556528411494603,-0.17130409663991802,0.7353735502226214
680676.111637,82,0.9146263897418976,0.5492510311885839,0.2812374644753979,680676.11161-0 680676.111664-1,2.429153345598081,4.1715814511412255,27.164855230426586,20.23868693670972,14.199028824933892,-22.691367613007124,-0.3303522603673439,-0.1749978592026427,0.9274929289998273,-39.950977634876324,14.553696254982615,-20.480822566392376,0.655783953262574,-0.1717749463106935,0.7351467706949874
680676.115181,82,0.9307093918323517,0.551397600523954,0.28175467163241263,680676.118698-0 680676.111664-1,2.5368372297235187,4.179035177643532,27.291841569958216,20.23868693670972,14.199028824933892,-22.691367613007124,-0.32785384274657986,-0.1740595784864945,0.9285553946498856,-39.950977634876324,14.553696254982615,-20.480822566392376,0.655783953262574,-0.1717749463106935,0.7351467706949874
680676.1190825,83,0.9307093918323517,0.5520539482846459,0.28081308653416703,680676.118698-0 680676.119467-1,2.560429929978552,4.193368871692634,27.22547928314757,20.23868693670972,14.199028824933892,-22.691367613007124,-0.32785384274657986,-0.1740595784864945,0.9285553946498856,-39.950977634876324,14.553696254982615,-20.480822566392376,0.6565109057074805,-0.17162368065046102,0.7345330101003849
680676.1237435,83,0.9287688136100769,0.5529606045551146,0.28255127364930943,680676.12802-0 680676.119467-1,2.604869674561245,4.156298296454032,27.27075913072494,20.23868693670972,14.199028824933892,-22.691367613007124,-0.3268280338075209,-0.17503346154527563,0.9287339358809866,-39.950977634876324,14.553696254982615,-20.480822566392376,0.6565109057074805,-0.17162368065046102,0.7345330101003849
680676.128405,83,0.9287688136100769,0.5533804158906733,0.2799113555882321,680676.12802-0 680676.12879-1,2.621452299488938,4.219142476236433,27.23759278773363,20.23868693670972,14.199028824933892,-22.691367613007124,-0.3268280338075209,-0.17503346154527563,0.9287339358809866,-39.950977634876324,14.553696254982615,-20.480822566392376,0.6570272669552677,-0.1697148592856748,0.7345148310381044
680676.1318115001,83,0.9788741767406464,0.555653039535389,0.28259382833265456,680676.134833-0 680676.12879-1,2.735023395644527,4.1706311539950605,27.3612038935653,20.23868693670972,14.199028824933892,-22.691367613007124,-0.32420406486034753,-0.17595709173034507,0.9294787927638942,-39.950977634876324,14.553696254982615,-20.480822566392376,0.6570272669552677,-0.1697148592856748,0.7345148310381044
680676.1352484999,83,0.9788741767406464,0.5564549537531109,0.27877268987851533,680676.134833-0 680676.135664-1,2.7655993304591746,4.25874512180056,27.291858999894313,20.23868693670972,14.199028824933892,-22.691367613007124,-0.32420406486034753,-0.17595709173034507,0.9294787927638942,-39.950977634876324,14.553696254982615,-20.480822566392376,0.6579802848605814,-0.16714941321567456,0.7342499699669341
680676.1388415,83,0.9088979959487915,0.5566248388927258,0.27370982646983444,680676.142019-0 680676.135664-1,2.7791598005900955,4.395534866015752,27.33140183879701,20.23868693670972,14.199028824933892,-22.691367613007124,-0.3238742737567768,-0.17123928190946583,0.9304743753213468,-39.950977634876324,14.553696254982615,-20.480822566392376,0.6579802848605814,-0.16714941321567456,0.7342499699669341
680676.1423815,83,0.9088979959487915,0.5576827316119193,0.2717966106094183,680676.142019-0 680676.142744-1,2.8168544796621493,4.4285708071704555,27.226415730293514,20.23868693670972,14.199028824933892,-22.691367613007124,-0.3238742737567768,-0.17123928190946583,0.9304743753213468,-39.950977634876324,14.553696254982615,-20.480822566392376,0.6591504058938296,-0.1665569738057277,0.7333345190884429
680676.146418,83,0.9723979830741882,0.557086935740111,0.26866330035377217,680676.150092-0 680676.142744-1,2.7893120675991963,4.505727027125961,27.2076957192067,20.23868693670972,14.199028824933892,-22.691367613007124,-0.3245040700364269,-0.16879092280823985,0.9307022794144948,-39.950977634876324,14.553696254982615,-20.480822566392376,0.6591504058938296,-0.1665569738057277,0.7333345190884429
680676.1504144999,84,0.9723979830741882,0.558480648387044,0.2668705638447435,680676.150092-0 680676.1507369999-1,2.838090059105957,4.529397611263516,27.067340566424942,20.23868693670972,14.199028824933892,-22.691367613007124,-0.3245040700364269,-0.16879092280823985,0.9307022794144948,-39.950977634876324,14.553696254982615,-20.480822566392376,0.660662281207911,-0.1664343703519743,0.7320006492857098
680676.1556255,84,0.8539667427539825,0.5543753767500114,0.2621429754734528,680676.160514-0 680676.1507369999-1,2.6343260158109842,4.609866512701883,26.846408879371335,20.23868693670972,14.199028824933892,-22.691367613007124,-0.3292365924927587,-0.167293552581939,0.9293094928108026,-39.950977634876324,14.553696254982615,-20.480822566392376,0.660662281207911,-0.1664343703519743,0.7320006492857098
680676.159627,84,0.8539667427539825,0.5492096634371176,0.2668908163393684,680676.160514-0 680676.15874-1,2.451114356724794,4.574693129376615,27.37817177475501,20.23868693670972,14.199028824933892,-22.691367613007124,-0.3292365924927587,-0.167293552581939,0.9293094928108026,-39.950977634876324,14.553696254982615,-20.480822566392376,0.6550310948812922,-0.16511453659388278,0.7373407994570778
680676.1629445,84,0.8539667427539825,0.5361713097907093,0.2784681775278547,680676.160514-0 680676.165375-1,1.9581161036501022,4.492535352718274,28.81113620144854,20.23868693670972,14.199028824933892,-22.691367613007124,-0.3292365924927587,-0.167293552581939,0.9293094928108026,-39.950977634876324,14.553696254982615,-20.480822566392376,0.6399364674468381,-0.16122831740351976,0.7513233307297809
680676.1678599999,84,0.9724793434143066,0.520410979064773,0.26642690543692926,680676.170345-0 680676.165375-1,1.17832399129672,4.659310148628879,27.89053995858285,20.23868693670972,14.199028824933892,-22.691367613007124,-0.34714727339428303,-0.16653704907633968,0.9229052940902764,-39.950977634876324,14.553696254982615,-20.480822566392376,0.6399364674468381,-0.16122831740351976,0.7513233307297809
680676.1727435,84,0.9724793434143066,0.5052431694067494,0.28405935166965013,680676.170345-0 680676.175142-1,0.5171174505784091,4.463034510286395,29.676966478424927,20.23868693670972,14.199028824933892,-22.691367613007124,-0.34714727339428303,-0.16653704907633968,0.9229052940902764,-39.950977634876324,14.553696254982615,-20.480822566392376,0.6202956723760173,-0.1595564991281158,0.7679680998697563
680676.17601,84,0.9685198664665222,0.48171372283283675,0.2710861104674567,680676.176878-0 680676.175142-1,-0.5916904782982844,4.597202713835353,28.278337530979908,20.23868693670972,14.199028824933892,-22.691367613007124,-0.37264850854987247,-0.16915408333297702,0.9124253312832431,-39.950977634876324,14.553696254982615,-20.480822566392376,0.6202956723760173,-0.1595564991281158,0.7679680998697563
680676.1801410001,84,0.9635198664665222,0.46206103955387956,0.3011115089601597,680676.176878-0 680676.183404-1,-1.6286048198159566,4.149820480732136,30.822577698067395,20.23868693670972,14.199028824933892,-22.691367613007124,-0.37264850854987247,-0.16915408333297702,0.9124253312832431,-39.950977634876324,14.553696254982615,-20.480822566392376,0.5906738871491323,-0.1624761482931022,0.7903833628537306
680676.1851025,85,0.995,0.4393849634257256,0.2906446618444991,680676.186801-0 680676.183404-1,-2.650017357239708,4.25943686142072,29.425711679943596,20.23868693670972,14.199028824933892,-22.691367613007124,-0.39612161839976245,-0.1725508963293975,0.9018391495229482,-39.950977634876324,14.553696254982615,-20.480822566392376,0.5906738871491323,-0.1624761482931022,0.7903833628537306
680676.1902225,85,0.995,0.42215940042544453,0.3202639308449081,680676.186801-0 680676.193644-1,-3.778919829351354,3.757778943057839,31.993602801612244,20.23868693670972,14.199028824933892,-22.691367613007124,-0.39612161839976245,-0.1725508963293975,0.9018391495229482,-39.950977634876324,14.553696254982615,-20.480822566392376,0.5595832295278804,-0.1666662660914841,0.8118429435415879
680676.1936645,85,0.9794121634960175,0.3993647127588328,0.31052558931348795,680676.193685-0 680676.193644-1,-4.768471189736143,3.880774765427148,30.526946651567606,20.23868693670972,14.199028824933892,-22.691367613007124,-0.41892354639656937,-0.17591193794979262,0.8908187539344182,-39.950977634876324,14.553696254982615,-20.480822566392376,0.5595832295278804,-0.1666662660914841,0.8118429435415879
680676.19698,85,0.9844121634960175,0.3902588549163809,0.3259428252778005,680676.193685-0 680676.200275-1,-5.4945613471887516,3.6238398727533045,32.08174024762829,20.23868693670972,14.199028824933892,-22.691367613007124,-0.41892354639656937,-0.17591193794979262,0.8908187539344182,-39.950977634876324,14.553696254982615,-20.480822566392376,0.5401755003613548,-0.16755826381355204,0.8247027689035293
680676.2003535,85,0.9624129831790924,0.3608615354963763,0.31471484423935536,680676.200432-0 680676.200275-1,-6.697094366830047,3.7622196837769932,30.20177075705769,20.23868693670972,14.199028824933892,-22.691367613007124,-0.4470279247114875,-0.18087478365063317,0.8760424345700824,-39.950977634876324,14.553696254982615,-20.480822566392376,0.5401755003613548,-0.16755826381355204,0.8247027689035293
680676.2039505,85,0.9624129831790924,0.3523291150391369,0.33602514578733556,680676.200432-0 680676.207469-1,-7.493198886109564,3.3246594858264595,31.736106427036752,20.23868693670972,14.199028824933892,-22.691367613007124,-0.4470279247114875,-0.18087478365063317,0.8760424345700824,-39.950977634876324,14.553696254982615,-20.480822566392376,0.5193945138621061,-0.17404906145177945,0.836621935630247
680676.2101,85,1.0,0.33450524627090933,0.334890735873811,680676.212731-0 680676.207469-1,-8.18016977248614,3.257801522924046,30.571182390077286,20.23868693670972,14.199028824933892,-22.691367613007124,-0.46331707612889594,-0.18888742527512958,0.8658284053669658,-39.950977634876324,14.553696254982615,-20.480822566392376,0.5193945138621061,-0.17404906145177945,0.836621935630247
680676.215448,85,1.0,0.33151392735531754,0.3459599341207157,680676.212731-0 680676.218165-1,-8.478072683337656,2.9903725005951625,31.09453620306439,20.23868693670972,14.199028824933892,-22.691367613007124,-0.46331707612889594,-0.18888742527512958,0.8658284053669658,-39.950977634876324,14.553696254982615,-20.480822566392376,0.5117120819703046,-0.17987459823937885,0.8401165836202963
680676.2185875,86,1.0,0.32880840974747133,0.34989221083179434,680676.21901-0 680676.218165-1,-8.573285853484862,2.860049337391218,30.90471013862397,20.23868693670972,14.199028824933892,-22.691367613007124,-0.4656041681317577,-0.19395107837780287,0.8634788577692107,-39.950977634876324,14.553696254982615,-20.480822566392376,0.5117120819703046,-0.17987459823937885,0.8401165836202963
680676.2227505001,86,1.0,0.32831035045287155,0.3542546111208599,680676.21901-0 680676.226491-1,-8.609600909457226,2.736343624820658,30.946618584644337,20.23868693670972,14.199028824933892,-22.691367613007124,-0.4656041681317577,-0.19395107837780287,0.8634788577692107,-39.950977634876324,14.553696254982615,-20.480822566392376,0.5107702364990545,-0.1835434695886304,0.8398961604139333
680676.2278115,86,0.9887501895427704,0.3351388944977581,0.3577407222257206,680676.229132-0 680676.226491-1,-8.346359251190588,2.6635750158275515,31.38404953680141,20.23868693670972,14.199028824933892,-22.691367613007124,-0.4593436788268707,-0.19388970744811257,0.8668391812023045,-39.950977634876324,14.553696254982615,-20.480822566392376,0.5107702364990545,-0.1835434695886304,0.8398961604139333
680676.232207,86,0.9887501895427704,0.3349059759136226,0.35933278347527897,680676.229132-0 680676.235282-1,-8.365901614040604,2.618938746468162,31.41227101588369,20.23868693670972,14.199028824933892,-22.691367613007124,-0.4593436788268707,-0.19388970744811257,0.8668391812023045,-39.950977634876324,14.553696254982615,-20.480822566392376,0.5102654542451835,-0.184789576651522,0.8399297462079239
680676.2351945001,86,1.0,0.3421456643710908,0.3645983677526684,680676.235107-0 680676.235282-1,-8.078922643545406,2.4921120665495513,31.87996357851214,20.23868693670972,14.199028824933892,-22.691367613007124,-0.4525612458942914,-0.19531760713592808,0.8700800831287324,-39.950977634876324,14.553696254982615,-20.480822566392376,0.5102654542451835,-0.184789576651522,0.8399297462079239
680676.2404645,86,1.0,0.34496289747075987,0.3680315878652829,680676.245647-0 680676.235282-1,-7.963674674547622,2.399925369366673,32.0591928825261,20.23868693670972,14.199028824933892,-22.691367613007124,-0.4498534077438681,-0.19719379123371011,0.8710605720844589,-39.950977634876324,14.553696254982615,-20.480822566392376,0.5102654542451835,-0.184789576651522,0.8399297462079239
680676.2444714999,86,1.0,0.34476507753419783,0.3717234822178058,680676.245647-0 680676.243296-1,-7.9688119736429375,2.287704922802946,32.04253664723883,20.23868693670972,14.199028824933892,-22.691367613007124,-0.4498534077438681,-0.19719379123371011,0.8710605720844589,-39.950977634876324,14.553696254982615,-20.480822566392376,0.5101240305523189,-0.1883309391718753,0.8392287714346404
680676.248804,87,1.0,0.3451443510846922,0.37347928508452244,680676.245647-0 680676.251961-1,-7.9161865201385755,2.225985172395701,31.919769066674515,20.23868693670972,14.199028824933892,-22.691367613007124,-0.4498534077438681,-0.19719379123371011,0.8710605720844589,-39.950977634876324,14.553696254982615,-20.480822566392376,0.5114694223526177,-0.19086605174562365,0.8378360103799052
680676.2518735,87,1.0,0.34853803647348675,0.376043740282476,680676.251786-0 680676.251961-1,-7.7790214448382216,2.16134299010516,32.14165443028651,20.23868693670972,14.199028824933892,-22.691367613007124,-0.44663247399057715,-0.19797028664343935,0.8725406573812883,-39.950977634876324,14.553696254982615,-20.480822566392376,0.5114694223526177,-0.19086605174562365,0.8378360103799052
680676.257212,87,1.0,0.34620451806067865,0.37238669583237216,680676.262463-0 680676.251961-1,-7.876173342795672,2.2632304951956295,31.996172888047152,20.23868693670972,14.199028824933892,-22.691367613007124,-0.44890610145019033,-0.19563842139442936,0.8718996044012676,-39.950977634876324,14.553696254982615,-20.480822566392376,0.5114694223526177,-0.19086605174562365,0.8378360103799052
680676.261503,87,1.0,0.3468130173963603,0.3747391226511547,680676.262463-0 680676.260543-1,-7.794989908656907,2.1792421705863187,31.808595549209237,20.23868693670972,14.199028824933892,-22.691367613007124,-0.44890610145019033,-0.19563842139442936,0.8718996044012676,-39.950977634876324,14.553696254982615,-20.480822566392376,0.5135490299684131,-0.19442561717049814,0.8357428271940914
680676.266883,87,1.0,0.3486784084037713,0.372207965266911,680676.262463-0 680676.2713029999-1,-7.596783001474071,2.22522212983501,31.413364883605723,20.23868693670972,14.199028824933892,-22.691367613007124,-0.44890610145019033,-0.19563842139442936,0.8718996044012676,-39.950977634876324,14.553696254982615,-20.480822566392376,0.5186624760930656,-0.19506994832676477,0.8324283459570578
680676.270591,87,1.0,0.34871820913364415,0.3694516625047708,680676.269879-0 680676.2713029999-1,-7.599062825218933,2.3073700991715453,31.426457680797306,20.23868693670972,14.199028824933892,-22.691367613007124,-0.4489497580212154,-0.1930286747710144,0.8724586210754284,-39.950977634876324,14.553696254982615,-20.480822566392376,0.5186624760930656,-0.19506994832676477,0.8324283459570578
680676.2755125,87,1.0,0.3404142247040136,0.36263854276541996,680676.279722-0 680676.2713029999-1,-7.9279385989344,2.474816837147186,30.907543857195325,20.23868693670972,14.199028824933892,-22.691367613007124,-0.4567110815515444,-0.19066339938156082,0.8689432985668777,-39.950977634876324,14.553696254982615,-20.480822566392376,0.5186624760930656,-0.19506994832676477,0.8324283459570578
680676.2795434999,87,1.0,0.34143610978564665,0.36078905963628316,680676.279722-0 680676.279365-1,-7.820659362604758,2.5108182384378326,30.701200441925064,20.23868693670972,14.199028824933892,-22.691367613007124,-0.4567110815515444,-0.19066339938156082,0.8689432985668777,-39.950977634876324,14.553696254982615,-20.480822566392376,0.5214352368013092,-0.19501730858758784,0.8307066529005387
680676.284732,88,1.0,0.3413384611717481,0.3617834887045537,680676.279722-0 680676.2897419999-1,-7.82660839630012,2.482522793684857,30.70593917691377,20.23868693670972,14.199028824933892,-22.691367613007124,-0.4567110815515444,-0.19066339938156082,0.8689432985668777,-39.950977634876324,14.553696254982615,-20.480822566392376,0.5212788432797534,-0.19587890133498428,0.8306020849725347
680676.2883655,88,1.0,0.3422610135833825,0.3622923246352826,680676.286989-0 680676.2897419999-1,-7.790918515435168,2.4715199255628555,30.763296283541376,20.23868693670972,14.199028824933892,-22.691367613007124,-0.45586515997708804,-0.19069292533314855,0.8693809085475421,-39.950977634876324,14.553696254982615,-20.480822566392376,0.5212788432797534,-0.19587890133498428,0.8306020849725347
680676.2926415,88,1.0,0.34495286432331096,0.36132703476183925,680676.295541-0 680676.2897419999-1,-7.689727269892051,2.5112666442032303,30.940213188060696,20.23868693670972,14.199028824933892,-22.691367613007124,-0.4534610959816644,-0.18848666369223374,0.8711175649941162,-39.950977634876324,14.553696254982615,-20.480822566392376,0.5212788432797534,-0.19587890133498428,0.8306020849725347
680676.2959004999,88,1.0,0.34489931871546997,0.3621629515946333,680676.295541-0 680676.29626-1,-7.691544893074809,2.4867698154685876,30.937621265445376,20.23868693670972,14.199028824933892,-22.691367613007124,-0.4534610959816644,-0.18848666369223374,0.8711175649941162,-39.950977634876324,14.553696254982615,-20.480822566392376,0.5212295647759982,-0.19665705442808026,0.8304491217089065
680676.299213,88,0.9832085967063904,0.34610847039478687,0.36263182120454795,680676.302166-0 680676.29626-1,-7.644541374998344,2.4781158074607976,31.01432597087784,20.23868693670972,14.199028824933892,-22.691367613007124,-0.4523493422084105,-0.1883381948632371,0.8717274786074347,-39.950977634876324,14.553696254982615,-20.480822566392376,0.5212295647759982,-0.19665705442808026,0.8304491217089065
680676.3035645001,88,0.9832085967063904,0.34825820527632495,0.3578670858951216,680676.302166-0 680676.304963-1,-7.431419001027926,2.580726425949484,30.607173729364153,20.23868693670972,14.199028824933892,-22.691367613007124,-0.4523493422084105,-0.1883381948632371,0.8717274786074347,-39.950977634876324,14.553696254982615,-20.480822566392376,0.5267614145136916,-0.19555680331553565,0.8272121546837568
680676.3074065,88,1.0,0.3468905074294962,0.359496102520348,680676.30985-0 680676.304963-1,-7.481170709666587,2.5274601932258713,30.514589685410805,20.23868693670972,14.199028824933892,-22.691367613007124,-0.45353521925193824,-0.19051429853183816,0.8706377587452877,-39.950977634876324,14.553696254982615,-20.480822566392376,0.5267614145136916,-0.19555680331553565,0.8272121546837568
680676.3118795,88,1.0,0.3491160179519068,0.3553759578345065,680676.30985-0 680676.313909-1,-7.262338098763244,2.6069329735638824,30.09130968686609,20.23868693670972,14.199028824933892,-22.691367613007124,-0.45353521925193824,-0.19051429853183816,0.8706377587452877,-39.950977634876324,14.553696254982615,-20.480822566392376,0.5324597453073526,-0.1952638454148047,0.8236253094102027
680676.316693,88,1.0,0.34784133153025676,0.35804873191511133,680676.319477-0 680676.313909-1,-7.306500071926557,2.5250397355394316,30.002886419786307,20.23868693670972,14.199028824933892,-22.691367613007124,-0.4545947405569911,-0.19358629049725729,0.869406676986917,-39.950977634876324,14.553696254982615,-20.480822566392376,0.5324597453073526,-0.1952638454148047,0.8236253094102027
680676.320559,88,1.0,0.3496184871465181,0.35159767572777056,680676.319477-0 680676.321641-1,-7.150325431774505,2.6805844412241813,29.726883272195224,20.23868693670972,14.199028824933892,-22.691367613007124,-0.4545947405569911,-0.19358629049725729,0.869406676986917,-39.950977634876324,14.553696254982615,-20.480822566392376,0.5365481709152378,-0.19178506810770563,0.8217874104282903
680676.3246265,88,0.9921889305114746,0.3528108901896986,0.3531553809628586,680676.3276119999-0 680676.321641-1,-7.028379276901626,2.6507373623302533,29.916502902823133,20.23868693670972,14.199028824933892,-22.691367613007124,-0.451701594136163,-0.19348314490693838,0.8709362447916433,-39.950977634876324,14.553696254982615,-20.480822566392376,0.5365481709152378,-0.19178506810770563,0.8217874104282903
680676.330417,89,0.9921889305114746,0.3543737798666698,0.3457947973684662,680676.3276119999-0 680676.3332219999-1,-6.902086539326673,2.8362083627381294,29.70583970580201,20.23868693670972,14.199028824933892,-22.691367613007124,-0.451701594136163,-0.19348314490693838,0.8709362447916433,-39.950977634876324,14.553696254982615,-20.480822566392376,0.5398702061597838,-0.18699031006565262,0.8207160193651296
680676.337293,89,1.0,0.35664889955551643,0.3451769913689775,680676.341364-0 680676.3332219999-1,-6.817156740995523,2.8647342371297855,29.846875835648245,20.23868693670972,14.199028824933892,-22.691367613007124,-0.4496823920571679,-0.19180979041233615,0.8723501307248822,-39.950977634876324,14.553696254982615,-20.480822566392376,0.5398702061597838,-0.18699031006565262,0.8207160193651296
680676.342429,89,1.0,0.35795266950901966,0.3414562386275286,680676.341364-0 680676.343494-1,-6.703952297391204,2.9468794799560714,29.635608512673212,20.23868693670972,14.199028824933892,-22.691367613007124,-0.4496823920571679,-0.19180979041233615,0.8723501307248822,-39.950977634876324,14.553696254982615,-20.480822566392376,0.5428477987323627,-0.18546195056202175,0.8190971446081096
680676.3476445,89,1.0,0.36213599981830735,0.3417070318755667,680676.351795-0 680676.343494-1,-6.544843390828577,2.9608722046139775,29.889600991494547,20.23868693670972,14.199028824933892,-22.691367613007124,-0.4459102835572991,-0.18998999545921164,0.8746815538487466,-39.950977634876324,14.553696254982615,-20.480822566392376,0.5428477987323627,-0.18546195056202175,0.8190971446081096
680676.353533,89,1.0,0.3640126126780662,0.3378362836674266,680676.351795-0 680676.355271-1,-6.381146763922823,3.0348693081428717,29.569540448977627,20.23868693670972,14.199028824933892,-22.691367613007124,-0.4459102835572991,-0.18998999545921164,0.8746815538487466,-39.950977634876324,14.553696254982615,-20.480822566392376,0.5471643178884519,-0.18473813334430567,0.8163841199570988
680676.3596705,89,1.0,0.36946357163692634,0.336267245749869,680676.36407-0 680676.355271-1,-6.174364272832131,3.1081285885823027,29.906640809902314,20.23868693670972,14.199028824933892,-22.691367613007124,-0.4410109616919712,-0.18584879343544872,0.8780487216812688,-39.950977634876324,14.553696254982615,-20.480822566392376,0.5471643178884519,-0.18473813334430567,0.8163841199570988
680676.3641455,89,1.0,0.3712380617222433,0.3342720662524986,680676.36407-0 680676.364221-1,-6.019498609480312,3.128625272497051,29.587245217048164,20.23868693670972,14.199028824933892,-22.691367613007124,-0.4410109616919712,-0.18584879343544872,0.8780487216812688,-39.950977634876324,14.553696254982615,-20.480822566392376,0.5512611980560166,-0.1856966887518095,0.8134050843856698
680676.3689745,89,0.976671040058136,0.3919345333473032,0.3369738067027954,680676.373728-0 680676.364221-1,-5.193901882148348,3.1671052417668166,30.866005824707976,20.23868693670972,14.199028824933892,-22.691367613007124,-0.42164473309719364,-0.17784950275396655,0.8891486227968656,-39.950977634876324,14.553696254982615,-20.480822566392376,0.5512611980560166,-0.1856966887518095,0.8134050843856698
680676.3750235001,90,0.976671040058136,0.3990520549204754,0.3229739910193733,680676.373728-0 680676.376319-1,-4.655143110593912,3.43445609049303,29.739825051344763,20.23868693670972,14.199028824933892,-22.691367613007124,-0.42164473309719364,-0.17784950275396655,0.8891486227968656,-39.950977634876324,14.553696254982615,-20.480822566392376,0.5657316102451986,-0.1827461726369758,0.8040843124672382
680676.379833,90,1.0,0.42477423318475793,0.33316983769339936,680676.383347-0 680676.376319-1,-3.5614541937571147,3.303335294758761,31.3348745585366,20.23868693670972,14.199028824933892,-22.691367613007124,-0.39633078056618903,-0.1736791576640431,0.90153062209162,-39.950977634876324,14.553696254982615,-20.480822566392376,0.5657316102451986,-0.1827461726369758,0.8040843124672382
680676.3837415,90,1.0,0.43793162247124595,0.3119131310029961,680676.383347-0 680676.384136-1,-2.711473671315211,3.6727755308022036,29.400494923835694,20.23868693670972,14.199028824933892,-22.691367613007124,-0.39633078056618903,-0.1736791576640431,0.90153062209162,-39.950977634876324,14.553696254982615,-20.480822566392376,0.5891697209329912,-0.18033165858769298,0.7876290578989279
680676.3898914999,90,0.9006543755531311,0.4573444444834224,0.3268476890754478,680676.3956469999-0 680676.384136-1,-1.8447624563232115,3.3859313628784458,30.555386651461298,20.23868693670972,14.199028824933892,-22.691367613007124,-0.3764146690764092,-0.17672731142589992,0.9094390877350006,-39.950977634876324,14.553696254982615,-20.480822566392376,0.5891697209329912,-0.18033165858769298,0.7876290578989279
680676.396296,90,0.9006543755531311,0.4700390601614098,0.30491139390779265,680676.3956469999-0 680676.396945-1,-1.1506885248981114,3.7862962151719675,28.897078072990503,20.23868693670972,14.199028824933892,-22.691367613007124,-0.3764146690764092,-0.17672731142589992,0.9094390877350006,-39.950977634876324,14.553696254982615,-20.480822566392376,0.6088658564629392,-0.17555116998688275,0.7736046506775199
680676.402153,90,0.9202123582363129,0.4676879794128193,0.30505466836638806,680676.407361-0 680676.396945-1,-1.2550674651188594,3.76440085178945,28.754966543164944,20.23868693670972,14.199028824933892,-22.691367613007124,-0.37883491640761563,-0.17818805420288364,0.9081481836406573,-39.950977634876324,14.553696254982615,-20.480822566392376,0.6088658564629392,-0.17555116998688275,0.7736046506775199
680676.406868,90,0.9202123582363129,0.46657139330494807,0.30815929492913685,680676.407361-0 680676.406375-1,-1.3127489786370816,3.6981824965479504,28.88344544711342,20.23868693670972,14.199028824933892,-22.691367613007124,-0.37883491640761563,-0.17818805420288364,0.9081481836406573,-39.950977634876324,14.553696254982615,-20.480822566392376,0.6072216257080861,-0.1770653817869745,0.7745513203429853
680676.4129685,91,0.9202123582363129,0.46691979411232065,0.3061985762640854,680676.407361-0 680676.418576-1,-1.2952063871426436,3.7465498793809298,28.851449648996315,20.23868693670972,14.199028824933892,-22.691367613007124,-0.37883491640761563,-0.17818805420288364,0.9081481836406573,-39.950977634876324,14.553696254982615,-20.480822566392376,0.6077238362803581,-0.17566031690645045,0.7744773669262451
680676.418026,91,0.9763071238994598,0.46721496109669164,0.30617826931156367,680676.417476-0 680676.418576-1,-1.2821360232719972,3.7493399082592127,28.869310668079713,20.23868693670972,14.199028824933892,-22.691367613007124,-0.37853182780793104,-0.17800319961805938,0.9083108037792571,-39.950977634876324,14.553696254982615,-20.480822566392376,0.6077238362803581,-0.17566031690645045,0.7744773669262451
680676.4234975,91,0.9558063447475433,0.4646712135062021,0.30447914564545786,680676.428419-0 680676.418576-1,-1.394970547976662,3.7765718066636413,28.724521723104296,20.23868693670972,14.199028824933892,-22.691367613007124,-0.3811443635270944,-0.17789343278334685,0.9072391640157975,-39.950977634876324,14.553696254982615,-20.480822566392376,0.6077238362803581,-0.17566031690645045,0.7744773669262451
680676.42739,91,0.9558063447475433,0.46266248541662847,0.31005232237195435,680676.428419-0 680676.4263609999-1,-1.5001730884659885,3.657807004259631,28.957453050203757,20.23868693670972,14.199028824933892,-22.691367613007124,-0.3811443635270944,-0.17789343278334685,0.9072391640157975,-39.950977634876324,14.553696254982615,-20.480822566392376,0.604733889264953,-0.1783619167169253,0.7761983959269357
680676.4335169999,91,0.9558063447475433,0.46297087461137953,0.31375543751427715,680676.428419-0 680676.438615-1,-1.4811874644476042,3.5489777507879907,28.882197136152115,20.23868693670972,14.199028824933892,-22.691367613007124,-0.3811443635270944,-0.17789343278334685,0.9072391640157975,-39.950977634876324,14.553696254982615,-20.480822566392376,0.6052618260413435,-0.1822338658064609,0.774886404636403
680676.4388855,91,1.0,0.4608819506302414,0.3138995816696154,680676.439156-0 680676.438615-1,-1.5725722816887764,3.5302989905337743,28.756705789911074,20.23868693670972,14.199028824933892,-22.691367613007124,-0.38326585157787835,-0.1791741003130597,0.9060926711938957,-39.950977634876324,14.553696254982615,-20.480822566392376,0.6052618260413435,-0.1822338658064609,0.774886404636403
680676.442834,91,1.0,0.4590999902998226,0.317671877410017,680676.439156-0 680676.4465119999-1,-1.6679886381061575,3.4562679629372495,28.974696325063757,20.23868693670972,14.199028824933892,-22.691367613007124,-0.38326585157787835,-0.1791741003130597,0.9060926711938957,-39.950977634876324,14.553696254982615,-20.480822566392376,0.6025609651222388,-0.18353910164432266,0.7766811968102171
680676.448059,91,0.9340921640396118,0.4587135539003978,0.3203775506149644,680676.449606-0 680676.4465119999-1,-1.683718814672293,3.3796409759403003,28.93928377875652,20.23868693670972,14.199028824933892,-22.691367613007124,-0.3836397391861458,-0.18182905162237936,0.9054052940552602,-39.950977634876324,14.553696254982615,-20.480822566392376,0.6025609651222388,-0.18353910164432266,0.7766811968102171
680676.4543895,91,0.9340921640396118,0.45836075491717654,0.3200198637454187,680676.449606-0 680676.459173-1,-1.7035465460937793,3.3955779255007332,28.992638828018098,20.23868693670972,14.199028824933892,-22.691367613007124,-0.3836397391861458,-0.18182905162237936,0.9054052940552602,-39.950977634876324,14.553696254982615,-20.480822566392376,0.6020030997752527,-0.18276159265576655,0.7772968983026465
680676.4593854999,92,0.9721995294094086,0.4557805077663925,0.3182626538963228,680676.4595979999-0 680676.459173-1,-1.8165548428340994,3.4261556588797815,28.846013038700182,20.23868693670972,14.199028824933892,-22.691367613007124,-0.38625669832851434,-0.18164454952324824,0.9043290444439186,-39.950977634876324,14.553696254982615,-20.480822566392376,0.6020030997752527,-0.18276159265576655,0.7772968983026465
680676.46344,92,0.9721995294094086,0.4552745433943624,0.32013270174910846,680676.4595979999-0 680676.467282-1,-1.8435391171525168,3.38281366987725,28.9012665202865,20.23868693670972,14.199028824933892,-22.691367613007124,-0.38625669832851434,-0.18164454952324824,0.9043290444439186,-39.950977634876324,14.553696254982615,-20.480822566392376,0.6012401231278727,-0.1838807320308968,0.7776234247558145
680676.469099,92,0.9779983460903168,0.45261769667392715,0.3205761440160888,680676.470916-0 680676.467282-1,-1.9578115993215874,3.353161768272763,28.741267743928983,20.23868693670972,14.199028824933892,-22.691367613007124,-0.3889149149075527,-0.18347428243391808,0.9028191273161029,-39.950977634876324,14.553696254982615,-20.480822566392376,0.6012401231278727,-0.1838807320308968,0.7776234247558145
680676.475104,92,0.9779983460903168,0.4545496438075779,0.3178048746913925,680676.470916-0 680676.479292-1,-1.8516100154669104,3.396716632902101,28.493019486599252,20.23868693670972,14.199028824933892,-22.691367613007124,-0.3889149149075527,-0.18347428243391808,0.9028191273161029,-39.950977634876324,14.553696254982615,-20.480822566392376,0.6042269582487785,-0.18372227788961684,0.7753424453314027
680676.479082,92,0.9491323530673981,0.45215434638790414,0.3162711389154075,680676.478872-0 680676.479292-1,-1.954147887307256,3.4220437486292745,28.360321240835574,20.23868693670972,14.199028824933892,-22.691367613007124,-0.3913031989383845,-0.18338515347817014,0.9018046861623502,-39.950977634876324,14.553696254982615,-20.480822566392376,0.6042269582487785,-0.18372227788961684,0.7753424453314027
680676.485538,92,0.9530761241912842,0.45373919802754914,0.32214013655484375,680676.491784-0 680676.479292-1,-1.8840372634810905,3.2748440700966137,28.426034539673854,20.23868693670972,14.199028824933892,-22.691367613007124,-0.3896866332487719,-0.18778266443787806,0.9015996887775907,-39.950977634876324,14.553696254982615,-20.480822566392376,0.6042269582487785,-0.18372227788961684,0.7753424453314027
680676.4898475,92,0.9530761241912842,0.45477484619289904,0.3211521046743451,680676.491784-0 680676.487911-1,-1.8274576220929646,3.2847906208221103,28.290617317663763,20.23868693670972,14.199028824933892,-22.691367613007124,-0.3896866332487719,-0.18778266443787806,0.9015996887775907,-39.950977634876324,14.553696254982615,-20.480822566392376,0.6058178453301903,-0.18409052574706802,0.7740125429278609
680676.495449,92,0.9530761241912842,0.4545368537223175,0.3191742612829741,680676.491784-0 680676.499114-1,-1.8420899295378934,3.342669716624803,28.341300112250355,20.23868693670972,14.199028824933892,-22.691367613007124,-0.3896866332487719,-0.18778266443787806,0.9015996887775907,-39.950977634876324,14.553696254982615,-20.480822566392376,0.6054115106701556,-0.18195728109113088,0.7748344665836716
680676.498914,93,0.9875780940055847,0.45375606813699354,0.32023638926011544,680676.498714-0 680676.499114-1,-1.8746653862120581,3.309169024679669,28.291115058140182,20.23868693670972,14.199028824933892,-22.691367613007124,-0.3904515637806367,-0.18914520479041053,0.9009837222980496,-39.950977634876324,14.553696254982615,-20.480822566392376,0.6054115106701556,-0.18195728109113088,0.7748344665836716
680676.504078,93,0.9754473268985748,0.4561592075395965,0.32101956625823225,680676.5090419999-0 680676.499114-1,-1.7721495498907842,3.303715897245336,28.427305811597957,20.23868693670972,14.199028824933892,-22.691367613007124,-0.3880608243969852,-0.18856482925792237,0.9021375181951268,-39.950977634876324,14.553696254982615,-20.480822566392376,0.6054115106701556,-0.18195728109113088,0.7748344665836716
680676.508476,93,0.9754473268985748,0.45621193524568004,0.31893942688131316,680676.5090419999-0 680676.50791-1,-1.7707517951235463,3.359757495505608,28.438261991741115,20.23868693670972,14.199028824933892,-22.691367613007124,-0.3880608243969852,-0.18856482925792237,0.9021375181951268,-39.950977634876324,14.553696254982615,-20.480822566392376,0.6054554301012964,-0.18008804297329975,0.7752367502504643
680676.5131105,93,0.9754473268985748,0.4559328771250805,0.3198319343236704,680676.5090419999-0 680676.517179-1,-1.7854774789982724,3.3399719598327717,28.46926729248515,20.23868693670972,14.199028824933892,-22.691367613007124,-0.3880608243969852,-0.18856482925792237,0.9021375181951268,-39.950977634876324,14.553696254982615,-20.480822566392376,0.6050393488353859,-0.18057148952003416,0.7754491108598734
680676.516505,93,0.9368331134319305,0.45820762370293017,0.321918029768702,680676.5158309999-0 680676.517179-1,-1.6869005112062379,3.2986085185067973,28.59326468146261,20.23868693670972,14.199028824933892,-22.691367613007124,-0.38577173684171145,-0.189213231567036,0.9029831227958184,-39.950977634876324,14.553696254982615,-20.480822566392376,0.6050393488353859,-0.18057148952003416,0.7754491108598734
680676.521839,93,0.9538057148456573,0.4602663914022219,0.32453841035500974,680676.526499-0 680676.517179-1,-1.5967248968258563,3.2410977164196373,28.702804948440725,20.23868693670972,14.199028824933892,-22.691367613007124,-0.38368410162992245,-0.19045732058714987,0.903610822860817,-39.950977634876324,14.553696254982615,-20.480822566392376,0.6050393488353859,-0.18057148952003416,0.7754491108598734
680676.5265065001,93,0.9538057148456573,0.4617902020608935,0.3194744403610007,680676.526499-0 680676.526514-1,-1.5173726779304744,3.355429620206258,28.53501343208559,20.23868693670972,14.199028824933892,-22.691367613007124,-0.38368410162992245,-0.19045732058714987,0.903610822860817,-39.950977634876324,14.553696254982615,-20.480822566392376,0.6072909085625761,-0.17773035899704123,0.7743446725251124
680676.530259,93,0.9325404465198517,0.46312116390143154,0.3188000830107708,680676.534004-0 680676.526514-1,-1.459838051133163,3.3825934796393735,28.617053425641647,20.23868693670972,14.199028824933892,-22.691367613007124,-0.3823431354263111,-0.18913005464201824,0.9044575994614035,-39.950977634876324,14.553696254982615,-20.480822566392376,0.6072909085625761,-0.17773035899704123,0.7743446725251124
680676.535978,93,0.9325404465198517,0.4626951009036403,0.31673203887820056,680676.534004-0 680676.537952-1,-1.4839244210503288,3.4466553603570746,28.693125306995242,20.23868693670972,14.199028824933892,-22.691367613007124,-0.3823431354263111,-0.18913005464201824,0.9044575994614035,-39.950977634876324,14.553696254982615,-20.480822566392376,0.6066135793366028,-0.1752801446960834,0.7754333215949359
680676.5414694999,94,0.9497866928577423,0.46532251642308975,0.320684863344729,680676.544987-0 680676.537952-1,-1.367239890327216,3.3570684087114797,28.831242686705913,20.23868693670972,14.199028824933892,-22.691367613007124,-0.3796496083434855,-0.1912550760986743,0.9051451103282435,-39.950977634876324,14.553696254982615,-20.480822566392376,0.6066135793366028,-0.1752801446960834,0.7754333215949359
680676.5450009999,94,0.9497866928577423,0.46666047723185883,0.31642096030641065,680676.544987-0 680676.545015-1,-1.29830956420545,3.452593619283406,28.682016405581162,20.23868693670972,14.199028824933892,-22.691367613007124,-0.3796496083434855,-0.1912550760986743,0.9051451103282435,-39.950977634876324,14.553696254982615,-20.480822566392376,0.6085768722389958,-0.17294511526181217,0.7744186062349478
680676.5487205,94,0.9929319024085999,0.4676460236838059,0.3187825474610302,680676.552426-0 680676.545015-1,-1.2541001485494299,3.3952420599694992,28.729324884059874,20.23868693670972,14.199028824933892,-22.691367613007124,-0.3786327243946732,-0.19284109155235876,0.9052345405619264,-39.950977634876324,14.553696254982615,-20.480822566392376,0.6085768722389958,-0.17294511526181217,0.7744186062349478
680676.5537749999,94,0.9929319024085999,0.4677744930379125,0.3192327730222737,680676.552426-0 680676.555124-1,-1.2471244285643515,3.3807519295706676,28.708175520878754,20.23868693670972,14.199028824933892,-22.691367613007124,-0.3786327243946732,-0.19284109155235876,0.9052345405619264,-39.950977634876324,14.553696254982615,-20.480822566392376,0.6087743271588444,-0.17351890560014235,0.7741350063080892
680676.5593315,94,0.9261808395385742,0.46881435049943176,0.3222205165176638,680676.563539-0 680676.555124-1,-1.2002204390947782,3.3066393072783855,28.755561041067292,20.23868693670972,14.199028824933892,-22.691367613007124,-0.37755663454087135,-0.1949611856431766,0.9052298734613091,-39.950977634876324,14.553696254982615,-20.480822566392376,0.6087743271588444,-0.17351890560014235,0.7741350063080892
680676.563178,94,0.9261808395385742,0.4688236912733671,0.3202038941898482,680676.563539-0 680676.562817-1,-1.2006352225881365,3.3619896289120605,28.77029367360371,20.23868693670972,14.199028824933892,-22.691367613007124,-0.37755663454087135,-0.1949611856431766,0.9052298734613091,-39.950977634876324,14.553696254982615,-20.480822566392376,0.6087657369724713,-0.17165975067737843,0.7745561357872935
680676.5685935,94,0.9261808395385742,0.46871115591195495,0.31888446316526675,680676.563539-0 680676.573648-1,-1.2071353664368374,3.400180417111721,28.796059273969803,20.23868693670972,14.199028824933892,-22.691367613007124,-0.37755663454087135,-0.1949611856431766,0.9052298734613091,-39.950977634876324,14.553696254982615,-20.480822566392376,0.6085828360060979,-0.1702985568016002,0.7750002150129167
680676.5725145,94,0.8968558609485626,0.4695533871486665,0.3196157977163455,680676.571381-0 680676.573648-1,-1.1695395111208562,3.3860510834184776,28.84320392303033,20.23868693670972,14.199028824933892,-22.691367613007124,-0.37668836026242175,-0.1951568871130659,0.9055493739466367,-39.950977634876324,14.553696254982615,-20.480822566392376,0.6085828360060979,-0.1702985568016002,0.7750002150129167
680676.5772265,95,0.9148985743522644,0.4719512812834668,0.3221431691975034,680676.580805-0 680676.573648-1,-1.0617571792787572,3.33343358616298,28.975888907093704,20.23868693670972,14.199028824933892,-22.691367613007124,-0.374204419497911,-0.19611660220514052,0.9063715191728732,-39.950977634876324,14.553696254982615,-20.480822566392376,0.6085828360060979,-0.1702985568016002,0.7750002150129167
680676.5808095001,95,0.9148985743522644,0.4720430762905023,0.3217851376208324,680676.580805-0 680676.580814-1,-1.0571175010651874,3.3418804221107177,28.96612056630139,20.23868693670972,14.199028824933892,-22.691367613007124,-0.374204419497911,-0.19611660220514052,0.9063715191728732,-39.950977634876324,14.553696254982615,-20.480822566392376,0.608715750407806,-0.17007579015594915,0.7749447469389615
680676.5849265,95,0.9578120112419128,0.47119568050611454,0.31853850252738725,680676.589039-0 680676.580814-1,-1.096016728725866,3.424896081908508,28.931229790347153,20.23868693670972,14.199028824933892,-22.691367613007124,-0.3750907965604248,-0.19364836298275284,0.9065358271186892,-39.950977634876324,14.553696254982615,-20.480822566392376,0.608715750407806,-0.17007579015594915,0.7749447469389615
680676.5902074999,95,0.9578120112419128,0.47273218321570526,0.31434990730420553,680676.589039-0 680676.591376-1,-1.0179817227094983,3.515242414441186,28.754780030755658,20.23868693670972,14.199028824933892,-22.691367613007124,-0.3750907965604248,-0.19364836298275284,0.9065358271186892,-39.950977634876324,14.553696254982615,-20.480822566392376,0.6109482999678963,-0.1680385875395931,0.773631183358088
680676.594893,95,0.9923080503940582,0.47191581489342765,0.3151266385907887,680676.59841-0 680676.591376-1,-1.0540967095999196,3.488238629889257,28.70157038648045,20.23868693670972,14.199028824933892,-22.691367613007124,-0.37593131874580754,-0.19480555541033087,0.90593953394656,-39.950977634876324,14.553696254982615,-20.480822566392376,0.6109482999678963,-0.1680385875395931,0.773631183358088
680676.598735,95,0.9923080503940582,0.47263734525771184,0.3146135864752927,680676.59841-0 680676.59906-1,-1.0171851723900645,3.4903892889780064,28.608506380349194,20.23868693670972,14.199028824933892,-22.691367613007124,-0.37593131874580754,-0.19480555541033087,0.90593953394656,-39.950977634876324,14.553696254982615,-20.480822566392376,0.6120022369838392,-0.16843297202627824,0.7727118452962731
680676.6030325,95,0.9917388260364532,0.47396018203814627,0.3120211746760171,680676.607005-0 680676.59906-1,-0.9590438524383682,3.570420300928821,28.70124431077699,20.23868693670972,14.199028824933892,-22.691367613007124,-0.37457197087998456,-0.1917255497143484,0.907158835164942,-39.950977634876324,14.553696254982615,-20.480822566392376,0.6120022369838392,-0.16843297202627824,0.7727118452962731
680676.6080479999,96,0.9917388260364532,0.4747778368515518,0.3115423773847673,680676.607005-0 680676.6090909999-1,-0.9175563746480133,3.5698123003527096,28.595462417330822,20.23868693670972,14.199028824933892,-22.691367613007124,-0.37457197087998456,-0.1917255497143484,0.907158835164942,-39.950977634876324,14.553696254982615,-20.480822566392376,0.6131887585429757,-0.16897623617043045,0.7716518502577435
680676.613178,96,0.984274297952652,0.4765648821212496,0.313281560309394,680676.617265-0 680676.6090909999-1,-0.8372440203624283,3.5355768745712934,28.694115814211376,20.23868693670972,14.199028824933892,-22.691367613007124,-0.3727167568011738,-0.19229270811789761,0.9078026953057033,-39.950977634876324,14.553696254982615,-20.480822566392376,0.6131887585429757,-0.16897623617043045,0.7716518502577435
680676.6168404999,96,0.984274297952652,0.47636594010807043,0.31552789723838925,680676.617265-0 680676.616416-1,-0.846606071454767,3.4770699055355827,28.703781823662172,20.23868693670972,14.199028824933892,-22.691367613007124,-0.3727167568011738,-0.19229270811789761,0.9078026953057033,-39.950977634876324,14.553696254982615,-20.480822566392376,0.6129172024371399,-0.17081867705132928,0.7714619125576219
680676.62173,96,0.984274297952652,0.478130968993164,0.31430076827606757,680676.617265-0 680676.626195-1,-0.7584417477095844,3.4819519534127883,28.479019192123644,20.23868693670972,14.199028824933892,-22.691367613007124,-0.3727167568011738,-0.19229270811789761,0.9078026953057033,-39.950977634876324,14.553696254982615,-20.480822566392376,0.6154451973318775,-0.17178277193085645,0.769232012041151
680676.6273545,96,0.9756785929203033,0.47857052130016,0.3163976720311139,680676.628514-0 680676.626195-1,-0.7383557159790612,3.4284583090822016,28.494516546523645,20.23868693670972,14.199028824933892,-22.691367613007124,-0.3722589872185521,-0.19393239897663558,0.9076417085294088,-39.950977634876324,14.553696254982615,-20.480822566392376,0.6154451973318775,-0.17178277193085645,0.769232012041151
680676.6308919999,96,0.9756785929203033,0.47856558775072927,0.3171247370330934,680676.628514-0 680676.63327-1,-0.7384055763796624,3.4087115394834493,28.489738690354624,20.23868693670972,14.199028824933892,-22.691367613007124,-0.3722589872185521,-0.19393239897663558,0.9076417085294088,-39.950977634876324,14.553696254982615,-20.480822566392376,0.6154426121610538,-0.17244596404266765,0.7690856783361485
680676.6364569999,96,1.0,0.47993159052574386,0.31535593872279644,680676.639644-0 680676.63327-1,-0.6775102846671732,3.466223968471243,28.580756115551907,20.23868693670972,14.199028824933892,-22.691367613007124,-0.3708400016712192,-0.19157871541575738,0.9087217885360394,-39.950977634876324,14.553696254982615,-20.480822566392376,0.6154426121610538,-0.17244596404266765,0.7690856783361485
680676.6415205,96,1.0,0.48086660236793854,0.31464253853247137,680676.639644-0 680676.643397-1,-0.6315695483730153,3.470679928683519,28.463375124101773,20.23868693670972,14.199028824933892,-22.691367613007124,-0.3708400016712192,-0.19157871541575738,0.9087217885360394,-39.950977634876324,14.553696254982615,-20.480822566392376,0.6167635556463817,-0.17288898131062955,0.7679271557692208
680676.6455695,97,0.9744592905044556,0.4808883751305486,0.31394880165321104,680676.647742-0 680676.643397-1,-0.6307163430721054,3.489561131798397,28.468227692490174,20.23868693670972,14.199028824933892,-22.691367613007124,-0.3708175182784559,-0.19094282653453226,0.9088647892468992,-39.950977634876324,14.553696254982615,-20.480822566392376,0.6167635556463817,-0.17288898131062955,0.7679271557692208
680676.649274,97,0.9744592905044556,0.48009633535516744,0.31687131657177725,680676.647742-0 680676.650806-1,-0.6690487089604424,3.4224596345556053,28.550301865299026,20.23868693670972,14.199028824933892,-22.691367613007124,-0.3708175182784559,-0.19094282653453226,0.9088647892468992,-39.950977634876324,14.553696254982615,-20.480822566392376,0.615657287729035,-0.17464893329542236,0.7684164588066156
680676.6540775,97,0.9826355874538422,0.4809533259422894,0.3178542970877273,680676.657349-0 680676.650806-1,-0.6302966333866777,3.4019192560841844,28.596780165452294,20.23868693670972,14.199028824933892,-22.691367613007124,-0.36992348292105387,-0.1913481984762095,0.9091438190536554,-39.950977634876324,14.553696254982615,-20.480822566392376,0.615657287729035,-0.17464893329542236,0.7684164588066156
680676.6591825,97,0.9826355874538422,0.48051385665668656,0.3185780700174744,680676.657349-0 680676.661016-1,-0.6518401229397099,3.3890332807092234,28.649287485014007,20.23868693670972,14.199028824933892,-22.691367613007124,-0.36992348292105387,-0.1913481984762095,0.9091438190536554,-39.950977634876324,14.553696254982615,-20.480822566392376,0.6150368652567783,-0.17480141775539207,0.7688784811176734
680676.662637,97,0.9607167840003967,0.48055493313814496,0.31657554820606437,680676.664258-0 680676.661016-1,-0.6503500630862362,3.443639286569373,28.661988055724187,20.23868693670972,14.199028824933892,-22.691367613007124,-0.36988136794615595,-0.18952139729069287,0.9095435193630172,-39.950977634876324,14.553696254982615,-20.480822566392376,0.6150368652567783,-0.17480141775539207,0.7688784811176734
680676.6660130001,97,0.9607167840003967,0.4718920859936577,0.3264458612290656,680676.664258-0 680676.667768-1,-1.093418439294,3.3069145942287648,29.774061267994544,20.23868693670972,14.199028824933892,-22.691367613007124,-0.36988136794615595,-0.18952139729069287,0.9095435193630172,-39.950977634876324,14.553696254982615,-20.480822566392376,0.6023284799522786,-0.17366732837140653,0.779127756722038
680676.6713855,97,0.9536282122135162,0.4617928040381427,0.318937976165969,680676.675003-0 680676.667768-1,-1.5517647364878862,3.4460668344862926,29.18254520526386,20.23868693670972,14.199028824933892,-22.691367613007124,-0.38040702871309656,-0.18828037503300882,0.905450712564247,-39.950977634876324,14.553696254982615,-20.480822566392376,0.6023284799522786,-0.17366732837140653,0.779127756722038
680676.6769765,97,0.9486282122135162,0.44217574797907655,0.3492379631551924,680676.675003-0 680676.67895-1,-2.7155144949521404,2.8865927367591624,31.956591080883072,20.23868693670972,14.199028824933892,-22.691367613007124,-0.38040702871309656,-0.18828037503300882,0.905450712564247,-39.950977634876324,14.553696254982615,-20.480822566392376,0.5696853640322173,-0.17768656912853678,0.8024251174775187
680676.680971,98,0.9054442894458771,0.42167502156089587,0.3411780752057255,680676.682992-0 680676.67895-1,-3.635189814925271,3.0033639884099026,30.62771174294005,20.23868693670972,14.199028824933892,-22.691367613007124,-0.4014018838183504,-0.19170298446957929,0.8956151480477179,-39.950977634876324,14.553696254982615,-20.480822566392376,0.5696853640322173,-0.17768656912853678,0.8024251174775187
680676.685456,98,0.9054442894458771,0.40129175150318896,0.37935932139906725,680676.682992-0 680676.6879199999-1,-5.178980871448813,2.149496700173029,34.04349674349071,20.23868693670972,14.199028824933892,-22.691367613007124,-0.4014018838183504,-0.19170298446957929,0.8956151480477179,-39.950977634876324,14.553696254982615,-20.480822566392376,0.5280900364667609,-0.1869549776982216,0.8283530344595789
680676.6905795,98,0.99,0.32854563769854456,0.35284065849441204,680676.693239-0 680676.6879199999-1,-8.13622226879823,2.628579235692354,29.286306636189764,20.23868693670972,14.199028824933892,-22.691367613007124,-0.4703923302395067,-0.20267817873488114,0.8588670511298929,-39.950977634876324,14.553696254982615,-20.480822566392376,0.5280900364667609,-0.1869549776982216,0.8283530344595789
680676.695786,98,0.99,0.30512383379321084,0.4040308170751288,680676.693239-0 680676.698333-1,-11.08921944410997,1.4521345870591995,34.7023929415077,20.23868693670972,14.199028824933892,-22.691367613007124,-0.4703923302395067,-0.20267817873488114,0.8588670511298929,-39.950977634876324,14.553696254982615,-20.480822566392376,0.45365971679745776,-0.19451309700050712,0.8696881719619518
680676.6993835,98,0.995,0.27724552735395974,0.39565060444478395,680676.700434-0 680676.698333-1,-12.1460803982011,1.650043051987331,32.620040034629,20.23868693670972,14.199028824933892,-22.691367613007124,-0.49601539967318226,-0.20802785051790332,0.8430261779422711,-39.950977634876324,14.553696254982615,-20.480822566392376,0.45365971679745776,-0.19451309700050712,0.8696881719619518
680676.704038,98,1.0,0.2731616813121269,0.40985378583207277,680676.700434-0 680676.7076419999-1,-12.827324471437313,1.2470550157157252,33.74980494473152,20.23868693670972,14.199028824933892,-22.691367613007124,-0.49601539967318226,-0.20802785051790332,0.8430261779422711,-39.950977634876324,14.553696254982615,-20.480822566392376,0.4370843423889652,-0.2005132030839633,0.8767848841234748
680676.7092225,98,0.9855158030986786,0.25389310411642174,0.40271380833475257,680676.710803-0 680676.7076419999-1,-13.52427484806704,1.4353200680402116,32.321734198526684,20.23868693670972,14.199028824933892,-22.691367613007124,-0.51330402411888,-0.21029627557157998,0.832042339850615,-39.950977634876324,14.553696254982615,-20.480822566392376,0.4370843423889652,-0.2005132030839633,0.8767848841234748
680676.713737,98,0.9855158030986786,0.2531866400642454,0.4095036137499378,680676.710803-0 680676.716671-1,-13.59936478923382,1.2236559452121751,32.39865471371223,20.23868693670972,14.199028824933892,-22.691367613007124,-0.51330402411888,-0.21029627557157998,0.832042339850615,-39.950977634876324,14.553696254982615,-20.480822566392376,0.4352427091943687,-0.206522343566781,0.8763060570946835
680676.7173275,99,1.0,0.24983562199132212,0.4062665313573206,680676.717984-0 680676.716671-1,-13.720972662591823,1.319859653374615,32.162514192223966,20.23868693670972,14.199028824933892,-22.691367613007124,-0.5163439231273427,-0.2087235087670583,0.8305561088436063,-39.950977634876324,14.553696254982615,-20.480822566392376,0.4352427091943687,-0.206522343566781,0.8763060570946835
680676.72157,99,1.0,0.2499879369097479,0.4091133989402641,680676.717984-0 680676.725156-1,-13.640176311490556,1.2235044159622666,31.99972315450455,20.23868693670972,14.199028824933892,-22.691367613007124,-0.5163439231273427,-0.2087235087670583,0.8305561088436063,-39.950977634876324,14.553696254982615,-20.480822566392376,0.43718589352482495,-0.21038567023216123,0.8744177286994269
680676.7263625,99,1.0,0.2514284829275063,0.41047966074030584,680676.727569-0 680676.725156-1,-13.588195033779522,1.1830798984933182,32.10020286979834,20.23868693670972,14.199028824933892,-22.691367613007124,-0.5150444019433735,-0.2093744852413833,0.8311988865227734,-39.950977634876324,14.553696254982615,-20.480822566392376,0.43718589352482495,-0.21038567023216123,0.8744177286994269
680676.7309999999,99,1.0,0.25239398581788924,0.40791765708626104,680676.727569-0 680676.734431-1,-13.383822694653858,1.2496678248026694,31.761759021982087,20.23868693670972,14.199028824933892,-22.691367613007124,-0.5150444019433735,-0.2093744852413833,0.8311988865227734,-39.9285369492929,14.465860560051933,-20.736611777694094,0.44036325172258317,-0.20811817942750885,0.8733653473341452
680676.7343445,99,1.0,0.25211807903542827,0.4050647165507445,680676.734258-0 680676.734431-1,-13.398451488093285,1.3383857296470953,31.750905180142773,20.19698578878386,14.221001233066888,-22.666909849764444,-0.5150623125480006,-0.20718578239909183,0.8317360553471165,-39.9285369492929,14.465860560051933,-20.736611777694094,0.44036325172258317,-0.20811817942750885,0.8733653473341452
680676.7398895,99,1.0,0.25643344687698955,0.4073456611804648,680676.745348-0 680676.734431-1,-13.246076477974842,1.2757349399772755,32.05529566171546,20.19698578878386,14.221001233066888,-22.666909849764444,-0.5112486982575798,-0.2073659135190967,0.8340408541794104,-39.9285369492929,14.465860560051933,-20.736611777694094,0.44036325172258317,-0.20811817942750885,0.8733653473341452
680676.74432,99,1.0,0.25694198053100115,0.40808145753176883,680676.745348-0 680676.743292-1,-13.117942991403725,1.243229791599763,31.8248409692918,20.19698578878386,14.221001233066888,-22.666909849764444,-0.5112486982575798,-0.2073659135190967,0.8340408541794104,-39.9285369492929,14.465860560051933,-20.736611777694094,0.4434690543038843,-0.21041615859193094,0.8712406315583735
680676.7493675,99,1.0,0.2579479796817862,0.4058122769481668,680676.745348-0 680676.753387-1,-12.918966723190396,1.2993488832173252,31.49392041447796,20.19698578878386,14.221001233066888,-22.666909849764444,-0.5112486982575798,-0.2073659135190967,0.8340408541794104,-39.9285369492929,14.465860560051933,-20.736611777694094,0.4483196082119972,-0.21058216860857967,0.8687143829572231
680676.753219,100,1.0,0.26344475899579356,0.40688973325402256,680676.753051-0 680676.753387-1,-12.727377346974706,1.277156357153551,31.880718863633206,20.19698578878386,14.221001233066888,-22.666909849764444,-0.5064770267814795,-0.2058343702910251,0.837325046412377,-39.9285369492929,14.465860560051933,-20.736611777694094,0.4483196082119972,-0.21058216860857967,0.8687143829572231
680676.7576935,100,1.0,0.26383238542912757,0.40857996524320417,680676.762-0 680676.753387-1,-12.710842313574151,1.2252116137537339,31.90266556715715,20.19698578878386,14.221001233066888,-22.666909849764444,-0.5060699413137583,-0.2072886710515761,0.8372124111313451,-39.9285369492929,14.465860560051933,-20.736611777694094,0.4483196082119972,-0.21058216860857967,0.8687143829572231
680676.761249,100,1.0,0.2647076140828804,0.40774477572502643,680676.762-0 680676.760498-1,-12.533193332449324,1.2383373368308614,31.59339637108742,20.19698578878386,14.221001233066888,-22.666909849764444,-0.5060699413137583,-0.2072886710515761,0.8372124111313451,-39.9285369492929,14.465860560051933,-20.736611777694094,0.45265837605287534,-0.21193908867928427,0.8661306005903311
680676.7672824999,100,1.0,0.2658513440246711,0.404888958330341,680676.762-0 680676.772565-1,-12.327754723129598,1.3108150657865298,31.250486531020805,20.19698578878386,14.221001233066888,-22.666909849764444,-0.5060699413137583,-0.2072886710515761,0.8372124111313451,-39.9285369492929,14.465860560051933,-20.736611777694094,0.45770182058421227,-0.21166956072559248,0.8635421474926004
680676.770849,100,1.0,0.2581156615712779,0.4016419154483113,680676.7691329999-0 680676.772565-1,-12.597789752782207,1.3930597419097168,30.73113518001122,20.19698578878386,14.221001233066888,-22.666909849764444,-0.5127786406291851,-0.2077597472952113,0.8330029730549072,-39.9285369492929,14.465860560051933,-20.736611777694094,0.45770182058421227,-0.21166956072559248,0.8635421474926004
680676.776354,100,0.9796567857265472,0.2613349960093009,0.4023980025966821,680676.780143-0 680676.772565-1,-12.48709229068413,1.3771091822742196,30.94814641468609,20.19698578878386,14.221001233066888,-22.666909849764444,-0.5100228165479387,-0.20699578351504197,0.8348829092797991,-39.9285369492929,14.465860560051933,-20.736611777694094,0.45770182058421227,-0.21166956072559248,0.8635421474926004
680676.7803435,100,0.9796567857265472,0.2619630950130814,0.40077590078100644,680676.780143-0 680676.780544-1,-12.374282142748566,1.4169496342626875,30.76192983684422,20.19698578878386,14.221001233066888,-22.666909849764444,-0.5100228165479387,-0.20699578351504197,0.8348829092797991,-39.9285369492929,14.465860560051933,-20.736611777694094,0.4604829792292445,-0.21150235957210325,0.8621033451597272
680676.7845495,100,0.9394870400428772,0.26429146941897086,0.39714098333279935,680676.788555-0 680676.780544-1,-12.301534664271566,1.5322221780847434,30.932006935006637,20.19698578878386,14.221001233066888,-22.666909849764444,-0.5082053395282375,-0.20245687449829725,0.8371012763360053,-39.9285369492929,14.465860560051933,-20.736611777694094,0.4604829792292445,-0.21150235957210325,0.8621033451597272
680676.7900645,101,0.9394870400428772,0.2653914508775571,0.3942545884847125,680676.788555-0 680676.791574-1,-12.110839497277247,1.6016086524330388,30.616183813910467,20.19698578878386,14.221001233066888,-22.666909849764444,-0.5082053395282375,-0.20245687449829725,0.8371012763360053,-39.9285369492929,14.465860560051933,-20.736611777694094,0.46519738566258345,-0.2111369259923112,0.8596584152180533
680676.7946825,101,0.9729554355144501,0.26669531423856896,0.3913096215331616,680676.797791-0 680676.791574-1,-12.07170550116568,1.6934274900762487,30.712969701997793,20.19698578878386,14.221001233066888,-22.666909849764444,-0.5072267737054431,-0.1990549109282984,0.8385094766737549,-39.9285369492929,14.465860560051933,-20.736611777694094,0.46519738566258345,-0.2111369259923112,0.8596584152180533
680676.7982095,101,0.9729554355144501,0.2672753628480929,0.38991695048389907,680676.797791-0 680676.798628-1,-11.972107720932824,1.7250525428286902,30.546382177071003,20.19698578878386,14.221001233066888,-22.666909849764444,-0.5072267737054431,-0.1990549109282984,0.8385094766737549,-39.9285369492929,14.465860560051933,-20.736611777694094,0.4676660380700367,-0.21108805538608585,0.8583299538692541
680676.80202,101,0.9548436999320984,0.2696709676918133,0.38659374835650784,680676.8054119999-0 680676.798628-1,-11.896106980353965,1.831361715830437,30.71662729389114,20.19698578878386,14.221001233066888,-22.666909849764444,-0.5053354065996285,-0.19478306377062565,0.8406519404039439,-39.9285369492929,14.465860560051933,-20.736611777694094,0.4676660380700367,-0.21108805538608585,0.8583299538692541
680676.807115,101,0.9548436999320984,0.27010022325196253,0.3836403873270602,680676.8054119999-0 680676.808818-1,-11.847201983572178,1.9150970499562447,30.652069447626964,20.19698578878386,14.221001233066888,-22.666909849764444,-0.5053354065996285,-0.19478306377062565,0.8406519404039439,-39.9285369492929,14.465860560051933,-20.736611777694094,0.4688857871816043,-0.2088388067847873,0.8582147000371139
680676.8106104999,101,1.0,0.2740708753060104,0.3827773852702713,680676.812403-0 680676.808818-1,-11.711714650060028,1.9531299310430876,30.921133786801708,20.19698578878386,14.221001233066888,-22.666909849764444,-0.5019848443197152,-0.19209408372048653,0.8432740237152438,-39.9285369492929,14.465860560051933,-20.736611777694094,0.4688857871816043,-0.2088388067847873,0.8582147000371139
680676.814302,101,1.0,0.27386689983126467,0.38231793754483934,680676.812403-0 680676.816201-1,-11.756181574078648,1.9725130415078214,31.00518812455281,20.19698578878386,14.221001233066888,-22.666909849764444,-0.5019848443197152,-0.19209408372048653,0.8432740237152438,-39.9285369492929,14.465860560051933,-20.736611777694094,0.46778579047664104,-0.2077779384112837,0.8590720473497556
680676.8191965,102,1.0,0.2787499439598903,0.38268370157957154,680676.822192-0 680676.816201-1,-11.584802465464145,1.976719077981425,31.336855796509926,20.19698578878386,14.221001233066888,-22.666909849764444,-0.49776238395562034,-0.1901273674614107,0.8462175803308574,-39.9285369492929,14.465860560051933,-20.736611777694094,0.46778579047664104,-0.2077779384112837,0.8590720473497556
680676.8240014999,102,1.0,0.27834819592607246,0.38487816176279943,680676.822192-0 680676.825811-1,-11.635874024437452,1.9152420277285946,31.41287519957856,20.19698578878386,14.221001233066888,-22.666909849764444,-0.49776238395562034,-0.1901273674614107,0.8462175803308574,-39.9285369492929,14.465860560051933,-20.736611777694094,0.4665172799589717,-0.20926382495441778,0.8594011165137785
680676.827523,102,1.0,0.28234263412720495,0.3818308332096877,680676.829235-0 680676.825811-1,-11.499685745578352,2.0214633930803405,31.698270452759548,20.19698578878386,14.221001233066888,-22.666909849764444,-0.49440723838819917,-0.1852855472267065,0.8492530533464415,-39.9285369492929,14.465860560051933,-20.736611777694094,0.4665172799589717,-0.20926382495441778,0.8594011165137785
680676.830816,102,1.0,0.2815884489800357,0.38274509861143236,680676.829235-0 680676.8323969999-1,-11.629863081478767,2.0089891926696577,31.931251374932913,20.19698578878386,14.221001233066888,-22.666909849764444,-0.49440723838819917,-0.1852855472267065,0.8492530533464415,-39.9285369492929,14.465860560051933,-20.736611777694094,0.4633036400597444,-0.20840413665505442,0.8613463025592273
680676.8344825,102,1.0,0.2818861025881103,0.3786829021195265,680676.836568-0 680676.8323969999-1,-11.62621032531866,2.136213035327028,31.963900812484052,20.19698578878386,14.221001233066888,-22.666909849764444,-0.49430648449692116,-0.18120231542691756,0.8501922254809314,-39.9285369492929,14.465860560051933,-20.736611777694094,0.4633036400597444,-0.20840413665505442,0.8613463025592273
680676.8396129999,102,1.0,0.2810584355218947,0.38122420938642776,680676.836568-0 680676.842658-1,-11.75414374441833,2.072560855600676,32.179642258094304,20.19698578878386,14.221001233066888,-22.666909849764444,-0.49430648449692116,-0.18120231542691756,0.8501922254809314,-39.9285369492929,14.465860560051933,-20.736611777694094,0.460149827569014,-0.20921576046665488,0.8628388619902131
680676.843967,102,0.9747222363948822,0.2835999546405114,0.3805245481492021,680676.845276-0 680676.842658-1,-11.663775914580425,2.103204494852875,32.36322851551446,20.19698578878386,14.221001233066888,-22.666909849764444,-0.49208692348174016,-0.1792799314473109,0.8518856530770567,-39.9285369492929,14.465860560051933,-20.736611777694094,0.460149827569014,-0.20921576046665488,0.8628388619902131
680676.8475975,102,0.9747222363948822,0.2831861274956046,0.3802514793357604,680676.845276-0 680676.849919-1,-11.744795948721288,2.122208172238695,32.5159722618685,20.19698578878386,14.221001233066888,-22.666909849764444,-0.49208692348174016,-0.1792799314473109,0.8518856530770567,-39.9285369492929,14.465860560051933,-20.736611777694094,0.4581623091972951,-0.20783868076956163,0.8642281997290822
680676.8519625,103,1.0,0.2856517720549979,0.3809947468648567,680676.854006-0 680676.849919-1,-11.653896767485929,2.1073080984517807,32.69258267747783,20.19698578878386,14.221001233066888,-22.666909849764444,-0.4898618225533774,-0.17879583015968836,0.8532686833127013,-39.9285369492929,14.465860560051933,-20.736611777694094,0.4581623091972951,-0.20783868076956163,0.8642281997290822
680676.8572515,103,1.0,0.28568573480705034,0.3788291976052818,680676.854006-0 680676.8604969999-1,-11.670786938057036,2.17883821191914,32.741780153250716,20.19698578878386,14.221001233066888,-22.666909849764444,-0.4898618225533774,-0.17879583015968836,0.8532686833127013,-39.9285369492929,14.465860560051933,-20.736611777694094,0.4577536973666402,-0.2054109420644529,0.8650247958453933
680676.861734,103,1.0,0.2872741558402161,0.378666049245584,680676.862971-0 680676.8604969999-1,-11.612930901540588,2.1898090118800067,32.85827704195172,20.19698578878386,14.221001233066888,-22.666909849764444,-0.48844606461309287,-0.17784916581629687,0.8542775404881189,-39.9285369492929,14.465860560051933,-20.736611777694094,0.4577536973666402,-0.2054109420644529,0.8650247958453933
680676.8656455,103,1.0,0.2874714439332351,0.3770319020537781,680676.862971-0 680676.86832-1,-11.593636608603392,2.239769064912881,32.8353548422153,20.19698578878386,14.221001233066888,-22.666909849764444,-0.48844606461309287,-0.17784916581629687,0.8542775404881189,-39.9285369492929,14.465860560051933,-20.736611777694094,0.45823036976917514,-0.20401250593472092,0.8651033612484929
680676.8688415,103,1.0,0.29157261820313646,0.3818262877933536,680676.869363-0 680676.86832-1,-11.434345467150626,2.1015850521788915,33.12301925586416,20.19698578878386,14.221001233066888,-22.666909849764444,-0.4845714981809608,-0.18053299241951226,0.8559195650285808,-39.9285369492929,14.465860560051933,-20.736611777694094,0.45823036976917514,-0.20401250593472092,0.8651033612484929
680676.8731805,103,1.0,0.29174100077080645,0.3795904949501684,680676.869363-0 680676.876998-1,-11.426148960102811,2.1727478397042104,33.12556690601504,20.19698578878386,14.221001233066888,-22.666909849764444,-0.4845714981809608,-0.18053299241951226,0.8559195650285808,-39.9285369492929,14.465860560051933,-20.736611777694094,0.45843656812028283,-0.20184786761308654,0.8655017916504548
680676.8766405,103,1.0,0.29502448456129615,0.38532019839742293,680676.876283-0 680676.876998-1,-11.294286064800525,2.0004195359238484,33.351935494997946,20.19698578878386,14.221001233066888,-22.666909849764444,-0.4813788903219496,-0.18455092964956102,0.8568636521161875,-39.9285369492929,14.465860560051933,-20.736611777694094,0.45843656812028283,-0.20184786761308654,0.8655017916504548
680676.8811474999,103,1.0,0.29760791848467416,0.3878317224515828,680676.885297-0 680676.876998-1,-11.193172443889233,1.9281610613055316,33.53728063170432,20.19698578878386,14.221001233066888,-22.666909849764444,-0.47893217687366335,-0.18574909799566333,0.857975082708613,-39.9285369492929,14.465860560051933,-20.736611777694094,0.45843656812028283,-0.20184786761308654,0.8655017916504548
680676.884795,104,1.0,0.29765983162980636,0.385803641804919,680676.885297-0 680676.884293-1,-11.202496663457302,1.995249134996107,33.57147073373225,20.19698578878386,14.221001233066888,-22.666909849764444,-0.47893217687366335,-0.18574909799566333,0.857975082708613,-39.9285369492929,14.465860560051933,-20.736611777694094,0.4582133401374346,-0.1996560508140153,0.8661281638957636
680676.888801,104,1.0,0.2980004838762178,0.38402809346905853,680676.885297-0 680676.892305-1,-11.159333105081297,2.0477698031497154,33.50291748962209,20.19698578878386,14.221001233066888,-22.666909849764444,-0.47893217687366335,-0.18574909799566333,0.857975082708613,-39.9285369492929,14.465860560051933,-20.736611777694094,0.45927447151058276,-0.1984285411037184,0.8658481817813818
680676.892332,104,1.0,0.29728636413486814,0.38879320148045626,680676.8923589999-0 680676.892305-1,-11.178232532985437,1.891768977448355,33.43387263524786,20.19698578878386,14.221001233066888,-22.666909849764444,-0.47940236860773877,-0.19080101907465855,0.856602790150348,-39.9285369492929,14.465860560051933,-20.736611777694094,0.45927447151058276,-0.1984285411037184,0.8658481817813818
680676.8965789999,104,1.0,0.2981007773201539,0.3833152746699282,680676.8923589999-0 680676.9007989999-1,-11.086136218016883,2.058026961568678,33.30062200554623,20.19698578878386,14.221001233066888,-22.666909849764444,-0.47940236860773877,-0.19080101907465855,0.856602790150348,-39.9285369492929,14.465860560051933,-20.736611777694094,0.46154645167265773,-0.1941059110460513,0.8656198751446049
680676.9005229999,104,1.0,0.2992405322936532,0.3849456300603207,680676.900247-0 680676.9007989999-1,-11.04055267671981,2.0096402175467363,33.38006745818321,20.19698578878386,14.221001233066888,-22.666909849764444,-0.4783023678916614,-0.1918409093701372,0.8569853618127141,-39.9285369492929,14.465860560051933,-20.736611777694094,0.46154645167265773,-0.1941059110460513,0.8656198751446049
680676.9054455,104,1.0,0.298175524401318,0.38544338513442133,680676.910092-0 680676.9007989999-1,-11.079712920709,1.9900108309296236,33.2991064060317,20.19698578878386,14.221001233066888,-22.666909849764444,-0.47925207243269946,-0.1928569989600504,0.8562263888838544,-39.9285369492929,14.465860560051933,-20.736611777694094,0.46154645167265773,-0.1941059110460513,0.8656198751446049
680676.9094475,104,1.0,0.298869068139698,0.3833004140492824,680676.910092-0 680676.908803-1,-10.980288008561546,2.046854953930013,33.125481750217205,20.19698578878386,14.221001233066888,-22.666909849764444,-0.47925207243269946,-0.1928569989600504,0.8562263888838544,-39.9285369492929,14.465860560051933,-20.736611777694094,0.4639949460457201,-0.19328608900630892,0.864493596182571
680676.9131809999,104,1.0,0.299771452342528,0.3794942217376306,680676.910092-0 680676.9162699999-1,-10.861341956185687,2.153573254405673,32.926905085495726,20.19698578878386,14.221001233066888,-22.666909849764444,-0.47925207243269946,-0.1928569989600504,0.8562263888838544,-39.9285369492929,14.465860560051933,-20.736611777694094,0.4669344626170734,-0.19107520319849203,0.8634016877115539
680676.9162905,104,1.0,0.3033281313875606,0.38256106179367466,680676.916311-0 680676.9162699999-1,-10.722668963977311,2.0688141530554764,33.17746855437194,20.19698578878386,14.221001233066888,-22.666909849764444,-0.4759066010742702,-0.1941027417290618,0.8578094384577475,-39.9285369492929,14.465860560051933,-20.736611777694094,0.4669344626170734,-0.19107520319849203,0.8634016877115539
680676.9213030001,105,1.0,0.3039234417861526,0.3820119660033602,680676.916311-0 680676.926295-1,-10.63036817284977,2.074655861635768,33.00356511874275,20.19698578878386,14.221001233066888,-22.666909849764444,-0.4759066010742702,-0.1941027417290618,0.8578094384577475,-39.9285369492929,14.465860560051933,-20.736611777694094,0.4692141547331102,-0.1917959814111405,0.8620048599124196
680676.9253819999,105,1.0,0.3063356155869714,0.38454055535176146,680676.924469-0 680676.926295-1,-10.535088447695335,2.0027334218392427,33.17166634423318,20.19698578878386,14.221001233066888,-22.666909849764444,-0.47361530096166476,-0.19538662933302572,0.8587855446925444,-39.9285369492929,14.465860560051933,-20.736611777694094,0.4692141547331102,-0.1917959814111405,0.8620048599124196
680676.929731,105,1.0,0.3078493475945753,0.3873186430492549,680676.933167-0 680676.926295-1,-10.473023947034978,1.9193397764041675,33.27337339366881,20.19698578878386,14.221001233066888,-22.666909849764444,-0.47212825694305355,-0.19735911139333673,0.859153240199876,-39.9285369492929,14.465860560051933,-20.736611777694094,0.4692141547331102,-0.1917959814111405,0.8620048599124196
680676.933379,105,1.0,0.3079043225064956,0.387381287270819,680676.933167-0 680676.933591-1,-10.46385476378759,1.9162470654186485,33.25504178778544,20.19698578878386,14.221001233066888,-22.666909849764444,-0.47212825694305355,-0.19735911139333673,0.859153240199876,-39.9285369492929,14.465860560051933,-20.736611777694094,0.46944053122030605,-0.19198464559197148,0.8618395926763412
680676.9379745,105,1.0,0.30852536006678616,0.3912262615794536,680676.942358-0 680676.933591-1,-10.433849733718823,1.7957050271795456,33.28682004011148,20.19698578878386,14.221001233066888,-22.666909849764444,-0.47141654557365253,-0.20081173810268868,0.8587439003565507,-39.9285369492929,14.465860560051933,-20.736611777694094,0.46944053122030605,-0.19198464559197148,0.8618395926763412
680676.943533,105,1.0,0.3087977047014623,0.3920836528096471,680676.942358-0 680676.9447079999-1,-10.384768045565327,1.7628900754461014,33.18458052086767,20.19698578878386,14.221001233066888,-22.666909849764444,-0.47141654557365253,-0.20081173810268868,0.8587439003565507,-39.9285369492929,14.465860560051933,-20.736611777694094,0.4706517070280663,-0.19351188409315728,0.860836872692082
680676.9484745,105,1.0,0.30797116721117085,0.3921786541338884,680676.952241-0 680676.9447079999-1,-10.415967375086314,1.7573622628279955,33.12351382160313,20.19698578878386,14.221001233066888,-22.666909849764444,-0.4721671282571743,-0.20130581084432733,0.8582156917195588,-39.9285369492929,14.465860560051933,-20.736611777694094,0.4706517070280663,-0.19351188409315728,0.860836872692082
680676.9517570001,106,1.0,0.30812316660381234,0.39168940081346915,680676.952241-0 680676.951273-1,-10.39575436418472,1.770744634205868,33.08791101043755,20.19698578878386,14.221001233066888,-22.666909849764444,-0.4721671282571743,-0.20130581084432733,0.8582156917195588,-39.9285369492929,14.465860560051933,-20.736611777694094,0.4711529967215695,-0.19329521494349922,0.860611302249878
680676.9566185,106,1.0,0.30777650043837257,0.39500440534564774,680676.952241-0 680676.960996-1,-10.425496514739187,1.6683230137689895,33.12032451987578,20.19698578878386,14.221001233066888,-22.666909849764444,-0.4721671282571743,-0.20130581084432733,0.8582156917195588,-39.9285369492929,14.465860560051933,-20.736611777694094,0.4704089929129053,-0.19621731713318155,0.8603569862816961
680676.960464,106,1.0,0.3085330167153694,0.39454396612127607,680676.959932-0 680676.960996-1,-10.397564904967213,1.6851159058672502,33.17760230455057,20.19698578878386,14.221001233066888,-22.666909849764444,-0.4714941186346893,-0.20049174072465073,0.8587760814054479,-39.9285369492929,14.465860560051933,-20.736611777694094,0.4704089929129053,-0.19621731713318155,0.8603569862816961
680676.9637345,106,1.0,0.3097763101297442,0.3968174775369787,680676.966473-0 680676.960996-1,-10.34657348813971,1.6164596576623982,33.26054609921211,20.19698578878386,14.221001233066888,-22.666909849764444,-0.47027470074418,-0.2021039647329451,0.8590667571726868,-39.9285369492929,14.465860560051933,-20.736611777694094,0.4704089929129053,-0.19621731713318155,0.8603569862816961
680676.966962,106,1.0,0.3099459589623058,0.39513666014118776,680676.966473-0 680676.967451-1,-10.33239690843322,1.6687005332415445,33.24582751209843,20.19698578878386,14.221001233066888,-22.666909849764444,-0.47027470074418,-0.2021039647329451,0.8590667571726868,-39.9285369492929,14.465860560051933,-20.736611777694094,0.47076375668615844,-0.1947214775616934,0.8605027783609569
680676.971638,106,1.0,0.31108255090253023,0.3976652315676876,680676.975825-0 680676.967451-1,-10.28490820818982,1.591514222344621,33.319997483073465,20.19698578878386,14.221001233066888,-22.666909849764444,-0.4691413978075898,-0.2040166399862987,0.8592342867180297,-39.9285369492929,14.465860560051933,-20.736611777694094,0.47076375668615844,-0.1947214775616934,0.8605027783609569
680676.9751424999,106,1.0,0.31084340513491904,0.3984249261481084,680676.975825-0 680676.9744599999-1,-10.316523816506377,1.5703050193750574,33.37610780250159,20.19698578878386,14.221001233066888,-22.666909849764444,-0.4691413978075898,-0.2040166399862987,0.8592342867180297,-39.9285369492929,14.465860560051933,-20.736611777694094,0.46998018655452106,-0.1950614260544838,0.8608540319425636
680676.979711,106,1.0,0.3105507419907174,0.4011268448807057,680676.975825-0 680676.983597-1,-10.342648313148773,1.4862595740142668,33.40628403715206,20.19698578878386,14.221001233066888,-22.666909849764444,-0.4691413978075898,-0.2040166399862987,0.8592342867180297,-39.9285369492929,14.465860560051933,-20.736611777694094,0.4693279933392702,-0.1974260042697078,0.8606707892720835
680676.9836955001,107,1.0,0.31009818378209913,0.39843090311037355,680676.983794-0 680676.983597-1,-10.364303225900992,1.5710105351901813,33.38316071770113,20.19698578878386,14.221001233066888,-22.666909849764444,-0.46965403589214233,-0.20160713619680928,0.8595229195342863,-39.9285369492929,14.465860560051933,-20.736611777694094,0.4693279933392702,-0.1974260042697078,0.8606707892720835
680676.987693,107,1.0,0.3101195370667053,0.3963949035125037,680676.983794-0 680676.991592-1,-10.375809370192076,1.6374320013161903,33.42157908907832,20.19698578878386,14.221001233066888,-22.666909849764444,-0.46965403589214233,-0.20160713619680928,0.8595229195342863,-39.9285369492929,14.465860560051933,-20.736611777694094,0.46904882379735396,-0.1952261367355971,0.8613245360661755
680676.9927205,107,1.0,0.3098170246354309,0.39794316134202157,680676.993849-0 680676.991592-1,-10.384841586829634,1.5871648338966349,33.39316469291353,20.19698578878386,14.221001233066888,-22.666909849764444,-0.4698748968469415,-0.20326464612512152,0.8590116791689769,-39.9285369492929,14.465860560051933,-20.736611777694094,0.46904882379735396,-0.1952261367355971,0.8613245360661755
680676.996863,107,1.0,0.309665949748046,0.39886931998912956,680676.993849-0 680676.999877-1,-10.401779861263925,1.5591141042070298,33.419115795526565,20.19698578878386,14.221001233066888,-22.666909849764444,-0.4698748968469415,-0.20326464612512152,0.8590116791689769,-39.9285369492929,14.465860560051933,-20.736611777694094,0.46862830287116475,-0.1959313910932162,0.8613932921333723
680677.0001725,107,1.0,0.3063812468123553,0.39901654600744463,680677.000468-0 680676.999877-1,-10.526376807727798,1.5455912372653282,33.175559069563235,20.19698578878386,14.221001233066888,-22.666909849764444,-0.4728709486029415,-0.2049915716387955,0.856954795496478,-39.9285369492929,14.465860560051933,-20.736611777694094,0.46862830287116475,-0.1959313910932162,0.8613932921333723
680677.0042089999,107,1.0,0.30602022495440984,0.39737250648372857,680677.000468-0 680677.00795-1,-10.59642486788766,1.604924536895152,33.32410356001952,20.19698578878386,14.221001233066888,-22.666909849764444,-0.4728709486029415,-0.2049915716387955,0.856954795496478,-39.9285369492929,14.465860560051933,-20.736611777694094,0.466904466424077,-0.19335208970458478,0.8629108810532626
680677.0090685,107,1.0,0.30469674477618597,0.3960223909942552,680677.010187-0 680677.00795-1,-10.64876169813875,1.6442396267531008,33.231274700324335,20.19698578878386,14.221001233066888,-22.666909849764444,-0.474128351667253,-0.20431477767790487,0.8564214953909796,-39.9285369492929,14.465860560051933,-20.736611777694094,0.466904466424077,-0.19335208970458478,0.8629108810532626
680677.0136235,108,1.0,0.3045359876748984,0.3960702409060831,680677.010187-0 680677.01706-1,-10.674402282761042,1.6452897667772763,33.28048360051804,20.19698578878386,14.221001233066888,-22.666909849764444,-0.474128351667253,-0.20431477767790487,0.8564214953909796,-39.9285369492929,14.465860560051933,-20.736611777694094,0.4662724582299358,-0.19305921051864938,0.8633180966075764
680677.017517,108,0.9972844421863556,0.30266639597530476,0.39451606740597056,680677.017974-0 680677.01706-1,-10.747496303592007,1.6894191447232902,33.14819361801581,20.19698578878386,14.221001233066888,-22.666909849764444,-0.4758878154272585,-0.20370395945897485,0.8555907222665564,-39.9285369492929,14.465860560051933,-20.736611777694094,0.4662724582299358,-0.19305921051864938,0.8633180966075764
680677.0214445,108,0.9972844421863556,0.3022234510024333,0.3923924913916773,680677.017974-0 680677.024915-1,-10.836973407383478,1.7669324909007909,33.336408228416744,20.19698578878386,14.221001233066888,-22.666909849764444,-0.4758878154272585,-0.20370395945897485,0.8555907222665564,-39.9285369492929,14.465860560051933,-20.736611777694094,0.46407550044414986,-0.1897259979781325,0.8652386812774341
680677.0259664999,108,1.0,0.3017505386728317,0.3903075323872969,680677.027018-0 680677.024915-1,-10.858370902404978,1.8321927689122601,33.30892819241686,20.19698578878386,14.221001233066888,-22.666909849764444,-0.4763994505496365,-0.20189315146722028,0.8557351920463702,-39.9285369492929,14.465860560051933,-20.736611777694094,0.46407550044414986,-0.1897259979781325,0.8652386812774341
680677.0290415001,108,1.0,0.30197195380469494,0.3900740472587224,680677.027018-0 680677.031065-1,-10.823620573961646,1.8358192657571841,33.243899891721,20.19698578878386,14.221001233066888,-22.666909849764444,-0.4763994505496365,-0.20189315146722028,0.8557351920463702,-39.9285369492929,14.465860560051933,-20.736611777694094,0.4649309903479192,-0.18995729108434872,0.8647285133369889
680677.0319129999,108,1.0,0.3015159612359929,0.3891024467236691,680677.032761-0 680677.031065-1,-10.842438374422441,1.8653922008509465,33.21367603300045,20.19698578878386,14.221001233066888,-22.666909849764444,-0.47685170633328616,-0.20116539402959868,0.8556546817565771,-39.9285369492929,14.465860560051933,-20.736611777694094,0.4649309903479192,-0.18995729108434872,0.8647285133369889
680677.036779,108,1.0,0.30171070006375456,0.38755127088353536,680677.032761-0 680677.0407969999-1,-10.822657649749308,1.9128885710571844,33.1873010041224,20.19698578878386,14.221001233066888,-22.666909849764444,-0.47685170633328616,-0.20116539402959868,0.8556546817565771,-39.9285369492929,14.465860560051933,-20.736611777694094,0.46542193771127527,-0.1886592495656132,0.8647485804847681
680677.0403875,108,1.0,0.3029249858368024,0.38596444269747254,680677.039978-0 680677.0407969999-1,-10.779657300563052,1.9676311944988827,33.28285590361304,20.19698578878386,14.221001233066888,-22.666909849764444,-0.47580909189526904,-0.19901451968908268,0.856737374591959,-39.9285369492929,14.465860560051933,-20.736611777694094,0.46542193771127527,-0.1886592495656132,0.8647485804847681
680677.04484,108,1.0,0.30257021864346595,0.3849711706508545,680677.048883-0 680677.0407969999-1,-10.794740841126805,1.9981881776162256,33.26008333318981,20.19698578878386,14.221001233066888,-22.666909849764444,-0.47617083823834117,-0.19821554346361095,0.8567216182289441,-39.9285369492929,14.465860560051933,-20.736611777694094,0.46542193771127527,-0.1886592495656132,0.8647485804847681
680677.048499,109,0.9866576492786407,0.3020625027520025,0.38707339725739787,680677.048883-0 680677.048115-1,-10.86174449320705,1.9384913678293634,33.373241066280094,20.19698578878386,14.221001233066888,-22.666909849764444,-0.47617083823834117,-0.19821554346361095,0.8567216182289441,-39.9285369492929,14.465860560051933,-20.736611777694094,0.4637680315911372,-0.1898756621311503,0.8653706984895775
680677.0535535,109,1.0,0.30181480254202775,0.3887068767113173,680677.048883-0 680677.058224-1,-10.889720904464728,1.8890182560647357,33.414710577000974,20.19698578878386,14.221001233066888,-22.666909849764444,-0.47617083823834117,-0.19821554346361095,0.8567216182289441,-39.9285369492929,14.465860560051933,-20.736611777694094,0.4630762753135195,-0.19115206259708264,0.8654601390050488
680677.0577185,109,1.0,0.3043688371092025,0.38798003216301524,680677.057213-0 680677.058224-1,-10.794120845484873,1.9208248142004596,33.60859451335498,20.19698578878386,14.221001233066888,-22.666909849764444,-0.473862076866733,-0.1962409547402062,0.8584545531303324,-39.9285369492929,14.465860560051933,-20.736611777694094,0.4630762753135195,-0.19115206259708264,0.8654601390050488
680677.060835,109,1.0,0.3085730054722628,0.3923885698531665,680677.063446-0 680677.058224-1,-10.625803096754355,1.7918173859789936,33.91052585707645,20.19698578878386,14.221001233066888,-22.666909849764444,-0.469823438985743,-0.19850670972597848,0.8601517438065073,-39.9285369492929,14.465860560051933,-20.736611777694094,0.4630762753135195,-0.19115206259708264,0.8654601390050488
680677.06398,109,1.0,0.3084959620551745,0.39310623866561756,680677.063446-0 680677.064514-1,-10.632836461182844,1.7691668112545136,33.91875674624606,20.19698578878386,14.221001233066888,-22.666909849764444,-0.469823438985743,-0.19850670972597848,0.8601517438065073,-39.9285369492929,14.465860560051933,-20.736611777694094,0.4629017819043662,-0.19178714682106499,0.8654129826990106
680677.0687155,109,0.9825566112995148,0.31122471110226746,0.3924941850622683,680677.072917-0 680677.064514-1,-10.52828465663421,1.7976535294889109,34.129504063435036,20.19698578878386,14.221001233066888,-22.666909849764444,-0.4673141384304852,-0.19655169441678944,0.8619657344957872,-39.9285369492929,14.465860560051933,-20.736611777694094,0.4629017819043662,-0.19178714682106499,0.8654129826990106
680677.0725525001,109,0.9825566112995148,0.31113725688956295,0.39346665966309236,680677.072917-0 680677.072188-1,-10.535080578503097,1.7665038219428473,34.13532548122022,20.19698578878386,14.221001233066888,-22.666909849764444,-0.4673141384304852,-0.19655169441678944,0.8619657344957872,-39.9285369492929,14.465860560051933,-20.736611777694094,0.4627325760762887,-0.1926864160252031,0.8653037086001446
680677.0769704999,109,0.9825566112995148,0.3113343006026116,0.39541172424431903,680677.072917-0 680677.081024-1,-10.489403886019426,1.6980355000313958,34.03005526892111,20.19698578878386,14.221001233066888,-22.666909849764444,-0.4673141384304852,-0.19655169441678944,0.8619657344957872,-39.9285369492929,14.465860560051933,-20.736611777694094,0.463849731908217,-0.1952735611813465,0.8641247956818681
680677.0808649999,110,1.0,0.3177673728542686,0.39900635395555106,680677.080706-0 680677.081024-1,-10.231796623750643,1.5994986909805844,34.512076824177754,20.19698578878386,14.221001233066888,-22.666909849764444,-0.4611701734019202,-0.19692666703507133,0.8651831938814467,-39.9285369492929,14.465860560051933,-20.736611777694094,0.463849731908217,-0.1952735611813465,0.8641247956818681
680677.086077,110,1.0,0.32195969992599355,0.40262858572989724,680677.09113-0 680677.081024-1,-10.059355925519872,1.4918875196893548,34.82593025362923,20.19698578878386,14.221001233066888,-22.666909849764444,-0.4570813342206621,-0.19844231217836183,0.8670047881323175,-39.9285369492929,14.465860560051933,-20.736611777694094,0.463849731908217,-0.1952735611813465,0.8641247956818681
680677.090266,110,1.0,0.32215786856752515,0.40376537158107173,680677.09113-0 680677.089402-1,-10.02208269500719,1.4508572353185913,34.741311446462745,20.19698578878386,14.221001233066888,-22.666909849764444,-0.4570813342206621,-0.19844231217836183,0.8670047881323175,-39.9285369492929,14.465860560051933,-20.736611777694094,0.46476321140329824,-0.1969222278252511,0.8632594010576619
680677.0944175,110,1.0,0.32208565760461755,0.4053699202794572,680677.09113-0 680677.097705-1,-10.022542093432214,1.3978114046726615,34.72921485066411,20.19698578878386,14.221001233066888,-22.666909849764444,-0.4570813342206621,-0.19844231217836183,0.8670047881323175,-39.9285369492929,14.465860560051933,-20.736611777694094,0.464748191828249,-0.1985501008908404,0.862894533317143
680677.0977159999,110,1.0,0.325023761307565,0.40758458823464405,680677.097727-0 680677.097705-1,-9.901199842511117,1.332004190144799,34.951548793592494,20.19698578878386,14.221001233066888,-22.666909849764444,-0.4542133054386561,-0.19919110682064778,0.8683393208452876,-39.9285369492929,14.465860560051933,-20.736611777694094,0.464748191828249,-0.1985501008908404,0.862894533317143
680677.101724,110,1.0,0.3250999662449276,0.40945164090164676,680677.097727-0 680677.105721-1,-9.878162332841766,1.26821759610952,34.88917389743155,20.19698578878386,14.221001233066888,-22.666909849764444,-0.4542133054386561,-0.19919110682064778,0.8683393208452876,-39.9285369492929,14.465860560051933,-20.736611777694094,0.4653105534836224,-0.20075084074823676,0.8620818921399758
680677.1057025,110,1.0,0.3300065008611829,0.41275430468968055,680677.105684-0 680677.105721-1,-9.67402844852526,1.169736154595725,35.26516319896602,20.19698578878386,14.221001233066888,-22.666909849764444,-0.449406167337272,-0.20005924647366247,0.8706379239727695,-39.9285369492929,14.465860560051933,-20.736611777694094,0.4653105534836224,-0.20075084074823676,0.8620818921399758
680677.110172,111,1.0,0.3341305710130782,0.41605145671007115,680677.114623-0 680677.105721-1,-9.499364429128956,1.0682287772672865,35.583187195608716,20.19698578878386,14.221001233066888,-22.666909849764444,-0.4453133053747896,-0.20131177750932697,0.8724503586406588,-39.9285369492929,14.465860560051933,-20.736611777694094,0.4653105534836224,-0.20075084074823676,0.8620818921399758
680677.113472,111,1.0,0.3338291102591947,0.418023937028833,680677.114623-0 680677.112321-1,-9.531339342046918,1.003946115787663,35.633318906475004,20.19698578878386,14.221001233066888,-22.666909849764444,-0.4453133053747896,-0.20131177750932697,0.8724503586406588,-39.9285369492929,14.465860560051933,-20.736611777694094,0.4645196593664074,-0.2023583000109245,0.86213259100837
680677.1184735,111,1.0,0.33396436480282177,0.4171154614846322,680677.114623-0 680677.122324-1,-9.517112646434931,1.033609273374882,35.61129262633315,20.19698578878386,14.221001233066888,-22.666909849764444,-0.4453133053747896,-0.20131177750932697,0.8724503586406588,-39.9285369492929,14.465860560051933,-20.736611777694094,0.46487154451324514,-0.2016111658912775,0.862117964602194
680677.1224905,111,1.0,0.33710298347325934,0.4184984687366491,680677.122657-0 680677.122324-1,-9.38427297677168,0.9930991279063175,35.86130428082305,20.19698578878386,14.221001233066888,-22.666909849764444,-0.44220943024014453,-0.20114745302664888,0.8740655135329265,-39.9285369492929,14.465860560051933,-20.736611777694094,0.46487154451324514,-0.2016111658912775,0.862117964602194
680677.125746,111,1.0,0.3375568834473145,0.4171859534248227,680677.122657-0 680677.128835-1,-9.327520160142258,1.0338590512987356,35.752878493906074,20.19698578878386,14.221001233066888,-22.666909849764444,-0.44220943024014453,-0.20114745302664888,0.8740655135329265,-39.9285369492929,14.465860560051933,-20.736611777694094,0.46627161404082246,-0.20099361702747054,0.8615058606033859
680677.1290185,111,1.0,0.3417259615016891,0.4219095973508278,680677.129202-0 680677.128835-1,-9.145261924801865,0.8821631490228006,36.073943463579404,20.19698578878386,14.221001233066888,-22.666909849764444,-0.43797495104581036,-0.20380971647719284,0.8755795462012038,-39.9285369492929,14.465860560051933,-20.736611777694094,0.46627161404082246,-0.20099361702747054,0.8615058606033859
680677.1329025,111,1.0,0.34205229938481035,0.41884214953702903,680677.129202-0 680677.136603-1,-9.115976584551065,0.9844714698993009,36.03750913460386,20.19698578878386,14.221001233066888,-22.666909849764444,-0.43797495104581036,-0.20380971647719284,0.8755795462012038,-39.9285369492929,14.465860560051933,-20.736611777694094,0.4670000991277835,-0.19822583711158354,0.861752531134114
680677.1380030001,111,1.0,0.34492344361340505,0.42061651880810236,680677.139403-0 680677.136603-1,-8.99112731175218,0.9295964667383956,36.26749801972157,20.19698578878386,14.221001233066888,-22.666909849764444,-0.4350815998489804,-0.20416499630727267,0.8769382280159206,-39.9285369492929,14.465860560051933,-20.736611777694094,0.4670000991277835,-0.19822583711158354,0.861752531134114
680677.1423835,112,1.0,0.3448799151473529,0.4183148645106074,680677.139403-0 680677.145364-1,-9.008286685956522,1.0091042250224067,36.32363757740694,20.19698578878386,14.221001233066888,-22.666909849764444,-0.4350815998489804,-0.20416499630727267,0.8769382280159206,-39.9285369492929,14.465860560051933,-20.736611777694094,0.46658167231519376,-0.19564279752672878,0.8625690922097037
680677.145394,112,1.0,0.3453198112362192,0.41825238630372685,680677.145424-0 680677.145364-1,-8.989491620011547,1.01208851282842,36.36072880685208,20.19698578878386,14.221001233066888,-22.666909849764444,-0.4346459696233504,-0.20388349872607625,0.8772196988425371,-39.9285369492929,14.465860560051933,-20.736611777694094,0.46658167231519376,-0.19564279752672878,0.8625690922097037
680677.1486025,112,1.0,0.34522910579870686,0.417536768679979,680677.145424-0 680677.151781-1,-9.005294727671224,1.037552844580187,36.40064241534261,20.19698578878386,14.221001233066888,-22.666909849764444,-0.4346459696233504,-0.20388349872607625,0.8772196988425371,-39.9285369492929,14.465860560051933,-20.736611777694094,0.4661935480535514,-0.19470359568041798,0.8629913589268187
680677.1534295001,112,1.0,0.3473319500228367,0.4172839971564849,680677.155078-0 680677.151781-1,-8.914919817093296,1.0504406767860113,36.57881089982399,20.19698578878386,14.221001233066888,-22.666909849764444,-0.4325544174420844,-0.20257846097323595,0.878554860609771,-39.9285369492929,14.465860560051933,-20.736611777694094,0.4661935480535514,-0.19470359568041798,0.8629913589268187
680677.1569405,112,1.0,0.3454204135955835,0.4214316395585139,680677.155078-0 680677.158803-1,-9.156718360507078,0.9216922362812223,37.0661780518446,20.19698578878386,14.221001233066888,-22.666909849764444,-0.4325544174420844,-0.20257846097323595,0.878554860609771,-39.9285369492929,14.465860560051933,-20.736611777694094,0.4602431079284352,-0.19590708467238707,0.8659080180824871
680677.1598795,112,1.0,0.34060924275125304,0.42069123177959233,680677.160956-0 680677.158803-1,-9.365534271507277,0.9385898003662136,36.65784313432576,20.19698578878386,14.221001233066888,-22.666909849764444,-0.4373888118118263,-0.20423698595270073,0.8757729619432169,-39.9285369492929,14.465860560051933,-20.736611777694094,0.4602431079284352,-0.19590708467238707,0.8659080180824871
680677.163716,112,1.0,0.3372102356441733,0.4315112252911143,680677.160956-0 680677.166476-1,-9.802132379976658,0.5815454443330967,37.49428309075285,20.19698578878386,14.221001233066888,-22.666909849764444,-0.4373888118118263,-0.20423698595270073,0.8757729619432169,-39.9285369492929,14.465860560051933,-20.736611777694094,0.4495925023604263,-0.20177307892575846,0.8701460833918117
680677.1681659999,112,0.9860217571258545,0.3291998559855148,0.4324119294772747,680677.169856-0 680677.166476-1,-10.142251287015181,0.5414264320061823,36.7938840445277,20.19698578878386,14.221001233066888,-22.666909849764444,-0.4453234277033088,-0.20910279322489725,0.8706107434463014,-39.9285369492929,14.465860560051933,-20.736611777694094,0.4495925023604263,-0.20177307892575846,0.8701460833918117
680677.172258,112,0.9860217571258545,0.32767513900075673,0.4382290943009137,680677.169856-0 680677.17466-1,-10.345152481600515,0.34414277334843124,37.16496233029979,20.19698578878386,14.221001233066888,-22.666909849764444,-0.4453234277033088,-0.20910279322489725,0.8706107434463014,-39.9285369492929,14.465860560051933,-20.736611777694094,0.44468338366197396,-0.20542715842673287,0.8718121190231616
680677.176353,113,1.0,0.31882564268532504,0.43689346802479834,680677.178046-0 680677.17466-1,-10.714875945559957,0.3843049759921806,36.41083640847539,20.19698578878386,14.221001233066888,-22.666909849764444,-0.45402551594317303,-0.21205157735124927,0.8653871731285265,-39.9285369492929,14.465860560051933,-20.736611777694094,0.44468338366197396,-0.20542715842673287,0.8718121190231616
680677.1807144999,113,1.0,0.3181213864648874,0.4453998711118451,680677.178046-0 680677.183383-1,-10.773923531707185,0.0923809697812672,36.45526142059586,20.19698578878386,14.221001233066888,-22.666909849764444,-0.45402551594317303,-0.21205157735124927,0.8653871731285265,-39.9285369492929,14.465860560051933,-20.736611777694094,0.44324227255890336,-0.21353645745463734,0.8705966167833085
680677.1838994999,113,1.0,0.3145097021389837,0.44534644973245685,680677.184416-0 680677.183383-1,-10.920950505417226,0.09356961484147508,36.15064096116053,20.19698578878386,14.221001233066888,-22.666909849764444,-0.457511386756221,-0.21371508855298926,0.8631391497975209,-39.9285369492929,14.465860560051933,-20.736611777694094,0.44324227255890336,-0.21353645745463734,0.8705966167833085
680677.1878355,113,1.0,0.31536473835212026,0.44366079389028923,680677.184416-0 680677.191255-1,-10.790373123366182,0.15005357546548748,35.90309533583478,20.19698578878386,14.221001233066888,-22.666909849764444,-0.457511386756221,-0.21371508855298926,0.8631391497975209,-39.9285369492929,14.465860560051933,-20.736611777694094,0.44639111164438555,-0.2132821992244522,0.8690487206934204
680677.1917679999,113,1.0,0.3149126919423533,0.44363568610697246,680677.192281-0 680677.191255-1,-10.808627731654745,0.1507775463826606,35.86572485512207,20.19698578878386,14.221001233066888,-22.666909849764444,-0.45794494935758384,-0.21390377623725004,0.8628624443498072,-39.9285369492929,14.465860560051933,-20.736611777694094,0.44639111164438555,-0.2132821992244522,0.8690487206934204
680677.1958425,113,1.0,0.3159325653172303,0.4386762760054691,680677.192281-0 680677.199404-1,-10.675205091198317,0.3166694976910698,35.64130120110009,20.19698578878386,14.221001233066888,-22.666909849764444,-0.45794494935758384,-0.21390377623725004,0.8628624443498072,-39.9285369492929,14.465860560051933,-20.736611777694094,0.44962775176700415,-0.20973644225208699,0.8682427711374199
680677.199895,113,1.0,0.3191143674961288,0.43785842969326627,680677.200386-0 680677.199404-1,-10.547889744410185,0.34627156473404597,35.907418045928026,20.19698578878386,14.221001233066888,-22.666909849764444,-0.4549235700988048,-0.21157397415416745,0.8650323686597914,-39.9285369492929,14.465860560051933,-20.736611777694094,0.44962775176700415,-0.20973644225208699,0.8682427711374199
680677.204424,113,1.0,0.3197399116034661,0.4373066496046748,680677.200386-0 680677.208462-1,-10.451639249444856,0.3629187499125308,35.71709720709835,20.19698578878386,14.221001233066888,-22.666909849764444,-0.4549235700988048,-0.21157397415416745,0.8650323686597914,-39.9285369492929,14.465860560051933,-20.736611777694094,0.4519616652136171,-0.21029565381089685,0.8668946828569093
680677.208561,113,1.0,0.3189294016230546,0.4332255593882447,680677.20866-0 680677.208462-1,-10.490397425506252,0.4998447084925193,35.66940598214493,20.19698578878386,14.221001233066888,-22.666909849764444,-0.45583114165476946,-0.20789331141364528,0.8654469026850682,-39.9285369492929,14.465860560051933,-20.736611777694094,0.4519616652136171,-0.21029565381089685,0.8668946828569093
680677.212886,114,1.0,0.31937263644708747,0.4328712902152583,680677.20866-0 680677.217112-1,-10.422324666475353,0.509728231295254,35.534651139787975,20.19698578878386,14.221001233066888,-22.666909849764444,-0.45583114165476946,-0.20789331141364528,0.8654469026850682,-39.9285369492929,14.465860560051933,-20.736611777694094,0.4536158809031521,-0.2107413358636284,0.8659218913683097
680677.216973,114,1.0,0.32106299435553554,0.43182479872344515,680677.216834-0 680677.217112-1,-10.355415237843694,0.5465716713967952,35.677397062154114,20.19698578878386,14.221001233066888,-22.666909849764444,-0.4542442470439657,-0.206041391503878,0.8667232020746911,-39.9285369492929,14.465860560051933,-20.736611777694094,0.4536158809031521,-0.2107413358636284,0.8659218913683097
680677.2207165,114,1.0,0.3216396548529408,0.43007483352207054,680677.2243209999-0 680677.217112-1,-10.334499590437508,0.6061831301785636,35.73248858394446,20.19698578878386,14.221001233066888,-22.666909849764444,-0.45374504974496993,-0.20401816147448423,0.8674629788184081,-39.9285369492929,14.465860560051933,-20.736611777694094,0.4536158809031521,-0.2107413358636284,0.8659218913683097
680677.224448,114,1.0,0.32267410025559473,0.42784176690127385,680677.2243209999-0 680677.224575-1,-10.188151794384838,0.6757341212479071,35.45367943320652,20.19698578878386,14.221001233066888,-22.666909849764444,-0.45374504974496993,-0.20401816147448423,0.8674629788184081,-39.9285369492929,14.465860560051933,-20.736611777694094,0.45718532370574333,-0.21022555296886758,0.8641682687225959
680677.2286475,114,1.0,0.3212822423003317,0.42402897383452276,680677.23272-0 680677.224575-1,-10.249980272122341,0.8013703653253303,35.35781975962927,20.19698578878386,14.221001233066888,-22.666909849764444,-0.45519795283442616,-0.20089762549404339,0.8674300939016368,-39.9285369492929,14.465860560051933,-20.736611777694094,0.45718532370574333,-0.21022555296886758,0.8641682687225959
680677.231728,114,1.0,0.32179806614265605,0.4231026453752087,680677.23272-0 680677.230736-1,-10.176352725187574,0.8287179536319149,35.21617195246252,20.19698578878386,14.221001233066888,-22.666909849764444,-0.45519795283442616,-0.20089762549404339,0.8674300939016368,-39.9285369492929,14.465860560051933,-20.736611777694094,0.45898579126430994,-0.21018697131291272,0.8632227293739317
680677.2365585,114,1.0,0.32225831687097184,0.4205242821223486,680677.23272-0 680677.240397-1,-10.122685351167377,0.9118507669722931,35.12934132566152,20.19698578878386,14.221001233066888,-22.666909849764444,-0.45519795283442616,-0.20089762549404339,0.8674300939016368,-39.9285369492929,14.465860560051933,-20.736611777694094,0.46030468310133804,-0.2082255789433689,0.8629957746065015
680677.2411829999,114,1.0,0.3231731283059139,0.4198958020710124,680677.241969-0 680677.240397-1,-10.086684516324974,0.9342910641628661,35.205122747511425,20.19698578878386,14.221001233066888,-22.666909849764444,-0.45434431529158265,-0.1998308988177769,0.8681237556016436,-39.9285369492929,14.465860560051933,-20.736611777694094,0.46030468310133804,-0.2082255789433689,0.8629957746065015
680677.2451559999,115,1.0,0.3236736818467529,0.417546235076954,680677.241969-0 680677.248343-1,-10.025924026715343,1.0090102668467944,35.10139153324391,20.19698578878386,14.221001233066888,-22.666909849764444,-0.45434431529158265,-0.1998308988177769,0.8681237556016436,-39.9285369492929,14.465860560051933,-20.736611777694094,0.46179864914453067,-0.20659365376642816,0.8625897459810915
680677.2483399999,115,1.0,0.3241573078427641,0.4187541584360298,680677.248337-0 680677.248343-1,-10.004631676511831,0.9697924248158136,35.13481306483315,20.19698578878386,14.221001233066888,-22.666909849764444,-0.4538439621337536,-0.20079396299684205,0.8681632579525342,-39.9285369492929,14.465860560051933,-20.736611777694094,0.46179864914453067,-0.20659365376642816,0.8625897459810915
680677.25233,115,1.0,0.3258377170681149,0.4215317601915518,680677.256317-0 680677.248343-1,-9.932513768651415,0.8803232241976566,35.25720216896501,20.19698578878386,14.221001233066888,-22.666909849764444,-0.4521477465169484,-0.2027346163524612,0.8685971970091001,-39.9285369492929,14.465860560051933,-20.736611777694094,0.46179864914453067,-0.20659365376642816,0.8625897459810915
680677.2568635,115,1.0,0.3256741014039755,0.42153570433913623,680677.256317-0 680677.25741-1,-9.957003883363473,0.8815070163904553,35.30736999375435,20.19698578878386,14.221001233066888,-22.666909849764444,-0.4521477465169484,-0.2027346163524612,0.8685971970091001,-39.9285369492929,14.465860560051933,-20.736611777694094,0.4611984221963598,-0.20629204722118516,0.862982970061913
680677.2608725,115,1.0,0.3260496557872242,0.4202137254911248,680677.264335-0 680677.25741-1,-9.943632953096957,0.9262147903193076,35.34330915675745,20.19698578878386,14.221001233066888,-22.666909849764444,-0.45182876303328523,-0.20123933717455247,0.8691107513253752,-39.9285369492929,14.465860560051933,-20.736611777694094,0.4611984221963598,-0.20629204722118516,0.862982970061913
680677.2643325,115,0.9677586555480957,0.3264996854853167,0.415822461875881,680677.264335-0 680677.26433-1,-9.903615280343129,1.070677472591493,35.298476203158955,20.19698578878386,14.221001233066888,-22.666909849764444,-0.45182876303328523,-0.20123933717455247,0.8691107513253752,-39.9285369492929,14.465860560051933,-20.736611777694094,0.4621894537611768,-0.20231492198808187,0.8633942211834065
680677.269169,115,1.0,0.327155678029481,0.41277407162712687,680677.264335-0 680677.274003-1,-9.825020881759922,1.1670932392784596,35.162649237004885,20.19698578878386,14.221001233066888,-22.666909849764444,-0.45182876303328523,-0.20123933717455247,0.8691107513253752,-39.9285369492929,14.465860560051933,-20.736611777694094,0.46412591201011244,-0.20020838541070304,0.8628463016157749
680677.273271,115,1.0,0.32631090729540635,0.41163693430671744,680677.272539-0 680677.274003-1,-9.860993267932406,1.2030097778133593,35.100143698626965,20.19698578878386,14.221001233066888,-22.666909849764444,-0.4526747935444649,-0.20052490157938058,0.8688355973002349,-39.9285369492929,14.465860560051933,-20.736611777694094,0.46412591201011244,-0.20020838541070304,0.8628463016157749
680677.2773365,116,0.9875771403312683,0.3245383822217263,0.41144589568036316,680677.28067-0 680677.274003-1,-9.932938226735057,1.2054282946838297,34.96025108016746,20.19698578878386,14.221001233066888,-22.666909849764444,-0.4543745433927611,-0.20120370435902704,0.8677907833509323,-39.9285369492929,14.465860560051933,-20.736611777694094,0.46412591201011244,-0.20020838541070304,0.8628463016157749
680677.280575,116,0.9875771403312683,0.32475851259368615,0.4103867121102668,680677.28067-0 680677.28048-1,-9.906777239048077,1.2386113130042027,34.915646504942664,20.19698578878386,14.221001233066888,-22.666909849764444,-0.4543745433927611,-0.20120370435902704,0.8677907833509323,-39.9285369492929,14.465860560051933,-20.736611777694094,0.4647714333178072,-0.19946757943114482,0.8626703886929182
680677.2856465001,116,0.9875771403312683,0.3244802867618438,0.4093700359375485,680677.28067-0 680677.290623-1,-9.954632614941731,1.2760648193979076,35.02151131230049,20.19698578878386,14.221001233066888,-22.666909849764444,-0.4543745433927611,-0.20120370435902704,0.8677907833509323,-39.9285369492929,14.465860560051933,-20.736611777694094,0.46359773858394193,-0.19781341159153515,0.8636822280065584
680677.2895885,116,1.0,0.3244824997685919,0.40828239125522325,680677.288554-0 680677.290623-1,-9.956178051007111,1.3121324422740717,35.02621994715628,20.19698578878386,14.221001233066888,-22.666909849764444,-0.4544082686184461,-0.2001229735843389,0.8680229955795803,-39.9285369492929,14.465860560051933,-20.736611777694094,0.46359773858394193,-0.19781341159153515,0.8636822280065584
680677.293511,116,1.0,0.3225112159190363,0.40829650541524676,680677.296399-0 680677.290623-1,-10.035473411910356,1.3069540361619998,34.870122404179405,20.19698578878386,14.221001233066888,-22.666909849764444,-0.45628569745542685,-0.2011062502321241,0.866810035945125,-39.9285369492929,14.465860560051933,-20.736611777694094,0.46359773858394193,-0.19781341159153515,0.8636822280065584
680677.296385,116,1.0,0.32300598927700497,0.4057302868024152,680677.296399-0 680677.296371-1,-9.977484555751275,1.387195928584517,34.77330870497393,20.19698578878386,14.221001233066888,-22.666909849764444,-0.45628569745542685,-0.2011062502321241,0.866810035945125,-39.9285369492929,14.465860560051933,-20.736611777694094,0.46502895047689236,-0.19595467374127576,0.8633364587791427
680677.3003585,116,1.0,0.3229977762545052,0.4080435239028536,680677.296399-0 680677.304318-1,-9.96401183030281,1.3096039289898815,34.72726548895158,20.19698578878386,14.221001233066888,-22.666909849764444,-0.45628569745542685,-0.2011062502321241,0.866810035945125,-39.9285369492929,14.465860560051933,-20.736611777694094,0.4653549940046345,-0.19848311794196086,0.8625828548301806
680677.305084,116,1.0,0.3216230497756074,0.4043860729567068,680677.30585-0 680677.304318-1,-10.024484895420208,1.4264535346943878,34.634621079829046,20.19698578878386,14.221001233066888,-22.666909849764444,-0.45771029932964635,-0.198163652988953,0.8667366661920096,-39.9285369492929,14.465860560051933,-20.736611777694094,0.4653549940046345,-0.19848311794196086,0.8625828548301806
680677.3091770001,116,1.0,0.3216251943438757,0.4058582234870376,680677.30585-0 680677.312504-1,-10.014528336450246,1.3770490503616966,34.602473175083645,20.19698578878386,14.221001233066888,-22.666909849764444,-0.45771029932964635,-0.198163652988953,0.8667366661920096,-39.9285369492929,14.465860560051933,-20.736611777694094,0.4655965794025965,-0.20010997660290972,0.8620764597833448
680677.3125305,117,1.0,0.32472284736979057,0.4101470507499534,680677.312557-0 680677.312504-1,-9.884064019071515,1.2433658750876555,34.82747597329795,20.19698578878386,14.221001233066888,-22.666909849764444,-0.4546300207651202,-0.20088749963890118,0.8677302326806048,-39.9285369492929,14.465860560051933,-20.736611777694094,0.4655965794025965,-0.20010997660290972,0.8620764597833448
680677.3165724999,117,1.0,0.32551247939662986,0.40824576674708113,680677.312557-0 680677.320588-1,-9.779524407072971,1.2979028721082457,34.63001296858382,20.19698578878386,14.221001233066888,-22.666909849764444,-0.4546300207651202,-0.20088749963890118,0.8677302326806048,-39.9285369492929,14.465860560051933,-20.736611777694094,0.46817696070562104,-0.19953993757450317,0.8608101688393387
680677.3205845,117,1.0,0.32753868890533877,0.40768332020317943,680677.320581-0 680677.320588-1,-9.698789979964298,1.321206717832525,34.79080352634557,20.19698578878386,14.221001233066888,-22.666909849764444,-0.4527201811990529,-0.19934050345306625,0.8690844614985211,-39.9285369492929,14.465860560051933,-20.736611777694094,0.46817696070562104,-0.19953993757450317,0.8608101688393387
680677.324502,117,1.0,0.3288035782023578,0.4074621513913782,680677.328416-0 680677.320588-1,-9.647916637833465,1.3315620672813626,34.891145455608665,20.19698578878386,14.221001233066888,-22.666909849764444,-0.4515189709081953,-0.1985005515204847,0.8699012300003188,-39.9285369492929,14.465860560051933,-20.736611777694094,0.46817696070562104,-0.19953993757450317,0.8608101688393387
680677.3284165,117,1.0,0.3304555652226392,0.403290096023315,680677.328416-0 680677.328417-1,-9.43706564599668,1.4506836088732618,34.491463465916475,20.19698578878386,14.221001233066888,-22.666909849764444,-0.4515189709081953,-0.1985005515204847,0.8699012300003188,-39.9285369492929,14.465860560051933,-20.736611777694094,0.47340258974959026,-0.19810580992067214,0.8582797190275763
680677.332749,117,1.0,0.3319715234016319,0.40145132286184126,680677.337081-0 680677.328417-1,-9.378418794946226,1.5148447270866612,34.61646556431194,20.19698578878386,14.221001233066888,-22.666909849764444,-0.4501315161991286,-0.19594236254452377,0.8711992933219951,-39.9285369492929,14.465860560051933,-20.736611777694094,0.47340258974959026,-0.19810580992067214,0.8582797190275763
680677.3383905,117,1.0,0.3331726817062786,0.3990331479171949,680677.337081-0 680677.3397-1,-9.22578088857169,1.5791301137002458,34.32050791893337,20.19698578878386,14.221001233066888,-22.666909849764444,-0.4501315161991286,-0.19594236254452377,0.8711992933219951,-39.9285369492929,14.465860560051933,-20.736611777694094,0.47720107904316095,-0.1977312667248784,0.8562601685932948
680677.3425075,117,1.0,0.33350863995906854,0.394206837674403,680677.345315-0 680677.3397-1,-9.219197333319137,1.7368710663296003,34.365440474268866,20.19698578878386,14.221001233066888,-22.666909849764444,-0.44996341110185484,-0.19103041844534524,0.8723762421674374,-39.9285369492929,14.465860560051933,-20.736611777694094,0.47720107904316095,-0.1977312667248784,0.8562601685932948
680677.345615,118,1.0,0.3342498274512334,0.39315456850676656,680677.345315-0 680677.345915-1,-9.124005836185393,1.760613498020838,34.17675097275952,20.19698578878386,14.221001233066888,-22.666909849764444,-0.44996341110185484,-0.19103041844534524,0.8723762421674374,-39.9285369492929,14.465860560051933,-20.736611777694094,0.47957609794510875,-0.19798984477979692,0.8548723809106334
680677.3493095,118,1.0,0.33315395006519183,0.389199372096918,680677.352704-0 680677.345915-1,-9.173922506329054,1.884808825768756,34.10868736034689,20.19698578878386,14.221001233066888,-22.666909849764444,-0.45112961538121416,-0.18769192035887144,0.8724986035278203,-39.9285369492929,14.465860560051933,-20.736611777694094,0.47957609794510875,-0.19798984477979692,0.8548723809106334
680677.353912,118,1.0,0.33362565784910475,0.388281833131933,680677.352704-0 680677.35512-1,-9.11509637106933,1.9074784342500282,33.994466952778,20.19698578878386,14.221001233066888,-22.666909849764444,-0.45112961538121416,-0.18769192035887144,0.8724986035278203,-39.9285369492929,14.465860560051933,-20.736611777694094,0.48104696395566154,-0.19789358500799856,0.8540678822445688
680677.3577139999,118,1.0,0.33374315298116103,0.38604558890210594,680677.360308-0 680677.35512-1,-9.11360686594291,1.979923301690678,34.011642760780504,20.19698578878386,14.221001233066888,-22.666909849764444,-0.45108847314548267,-0.18543923232658524,0.8730014206800604,-39.9285369492929,14.465860560051933,-20.736611777694094,0.48104696395566154,-0.19789358500799856,0.8540678822445688
680677.3607365,118,1.0,0.33412193420502423,0.38683690303449314,680677.360308-0 680677.361165-1,-9.0577577087217,1.9472815198043092,33.889678530241284,20.19698578878386,14.221001233066888,-22.666909849764444,-0.45108847314548267,-0.18543923232658524,0.8730014206800604,-39.9285369492929,14.465860560051933,-20.736611777694094,0.4824416510264969,-0.1994863195154912,0.8529098789913218
680677.367231,118,1.0,0.33210871163779326,0.38619016546965323,680677.373297-0 680677.361165-1,-9.139288906005161,1.9609361668719414,33.741564196613936,20.19698578878386,14.221001233066888,-22.666909849764444,-0.45301215528700794,-0.18580852758975283,0.8719261311815053,-39.9285369492929,14.465860560051933,-20.736611777694094,0.4824416510264969,-0.1994863195154912,0.8529098789913218
680677.371188,118,1.0,0.3334038222342065,0.3848122126004163,680677.373297-0 680677.369079-1,-8.973327109194244,1.984012540530875,33.410807542193865,20.19698578878386,14.221001233066888,-22.666909849764444,-0.45301215528700794,-0.18580852758975283,0.8719261311815053,-39.9285369492929,14.465860560051933,-20.736611777694094,0.48660419991369847,-0.2004800652329288,0.8503082359183344
680677.3757974999,118,1.0,0.3342026402142616,0.38323961976259013,680677.373297-0 680677.378298-1,-8.876885283835337,2.0214917878556014,33.224653289951945,20.19698578878386,14.221001233066888,-22.666909849764444,-0.45301215528700794,-0.18580852758975283,0.8719261311815053,-39.9285369492929,14.465860560051933,-20.736611777694094,0.48903197907044255,-0.20030303160252938,0.848956075999979
680677.378775,118,1.0,0.33494524474785825,0.37956291962994904,680677.379252-0 680677.378298-1,-8.852708774212251,2.1401993251548603,33.29189302543814,20.19698578878386,14.221001233066888,-22.666909849764444,-0.45243055971652546,-0.18187078348590496,0.8730576193750412,-39.9285369492929,14.465860560051933,-20.736611777694094,0.48903197907044255,-0.20030303160252938,0.848956075999979
680677.3820195,119,1.0,0.33562039056138665,0.37704190091347,680677.379252-0 680677.384787-1,-8.779191427846559,2.2098591277101383,33.16011995123591,20.19698578878386,14.221001233066888,-22.666909849764444,-0.45243055971652546,-0.18187078348590496,0.8730576193750412,-39.9285369492929,14.465860560051933,-20.736611777694094,0.4908892268351127,-0.19886609813866327,0.8482216938915961
680677.3851675,119,1.0,0.3417895210245371,0.3798856058404968,680677.385548-0 680677.384787-1,-8.528132852872186,2.1439979043475015,33.60089518664057,20.19698578878386,14.221001233066888,-22.666909849764444,-0.4465193100304732,-0.18155215735507824,0.8761616973650622,-39.9285369492929,14.465860560051933,-20.736611777694094,0.4908892268351127,-0.19886609813866327,0.8482216938915961
680677.3889725,119,1.0,0.3417549330582389,0.3785577400072143,680677.385548-0 680677.392397-1,-8.539658477131397,2.188197248872994,33.63575348562361,20.19698578878386,14.221001233066888,-22.666909849764444,-0.4465193100304732,-0.18155215735507824,0.8761616973650622,-39.9285369492929,14.465860560051933,-20.736611777694094,0.4906013677729515,-0.1973636734018778,0.8487389930718547
680677.393178,119,1.0,0.3433322109931521,0.3806144968345614,680677.393959-0 680677.392397-1,-8.472818680529159,2.1288345475864343,33.745100809111044,20.19698578878386,14.221001233066888,-22.666909849764444,-0.4449547090978677,-0.18276644717465318,0.8767050431238471,-39.9285369492929,14.465860560051933,-20.736611777694094,0.4906013677729515,-0.1973636734018778,0.8487389930718547
680677.3973095,119,1.0,0.34279115423815326,0.38215949716381403,680677.393959-0 680677.40066-1,-8.533090524109744,2.087415883922099,33.859697778108924,20.19698578878386,14.221001233066888,-22.666909849764444,-0.4449547090978677,-0.18276644717465318,0.8767050431238471,-39.9285369492929,14.465860560051933,-20.736611777694094,0.48907877083719364,-0.1980301835045963,0.8494621841715592
680677.40066,119,1.0,0.34185152580645883,0.3840806394427999,680677.40066-0 680677.40066-1,-8.568617071258505,2.022501442755029,33.782482336556924,20.19698578878386,14.221001233066888,-22.666909849764444,-0.44579400719453904,-0.18511441689009517,0.8757855649694595,-39.9285369492929,14.465860560051933,-20.736611777694094,0.48907877083719364,-0.1980301835045963,0.8494621841715592
680677.404631,119,1.0,0.3405229744101,0.38666464506688036,680677.40066-0 680677.408602-1,-8.72563166249681,1.959365704453437,34.091468799007586,20.19698578878386,14.221001233066888,-22.666909849764444,-0.44579400719453904,-0.18511441689009517,0.8757855649694595,-39.9285369492929,14.465860560051933,-20.736611777694094,0.48512570022550383,-0.19835839254070373,0.8516495776370598
680677.408662,119,1.0,0.34326142516176616,0.38850173416810097,680677.408722-0 680677.408602-1,-8.61098094672904,1.909758214592805,34.29220770394715,20.19698578878386,14.221001233066888,-22.666909849764444,-0.4431107656292371,-0.18554377957890195,0.8770555029432554,-39.9285369492929,14.465860560051933,-20.736611777694094,0.48512570022550383,-0.19835839254070373,0.8516495776370598
680677.4131785,120,1.0,0.34283570830847154,0.3902420973278844,680677.408722-0 680677.417635-1,-8.656683039052922,1.8585890159423695,34.37463620715742,20.19698578878386,14.221001233066888,-22.666909849764444,-0.4431107656292371,-0.18554377957890195,0.8770555029432554,-39.9285369492929,14.465860560051933,-20.736611777694094,0.4839753563911001,-0.19946330870476822,0.8520459159497531
680677.41753,120,1.0,0.3451071979445185,0.39442206103359645,680677.417425-0 680677.417635-1,-8.557169262357899,1.7303892716040652,34.53254043064868,20.19698578878386,14.221001233066888,-22.666909849764444,-0.4407948436753997,-0.18851706104632396,0.8775882995366543,-39.9285369492929,14.465860560051933,-20.736611777694094,0.4839753563911001,-0.19946330870476822,0.8520459159497531
680677.421998,120,1.0,0.3491263770016637,0.4023981166888706,680677.4263609999-0 680677.417635-1,-8.378879886060057,1.4824160998354357,34.811013143227484,20.19698578878386,14.221001233066888,-22.666909849764444,-0.43666074604194066,-0.19436226071143387,0.8783795901984722,-39.9285369492929,14.465860560051933,-20.736611777694094,0.4839753563911001,-0.19946330870476822,0.8520459159497531
680677.426381,120,1.0,0.34889766776641934,0.40289041702770556,680677.4263609999-0 680677.426401-1,-8.405330577494952,1.4687625997452551,34.86374745879681,20.19698578878386,14.221001233066888,-22.666909849764444,-0.43666074604194066,-0.19436226071143387,0.8783795901984722,-39.9285369492929,14.465860560051933,-20.736611777694094,0.4833107197360216,-0.19959473069536016,0.8523923343548412
680677.4302385,120,1.0,0.35504046837314707,0.4124323848543334,680677.434076-0 680677.426401-1,-8.132456080207099,1.1704747879616546,35.30619118920551,20.19698578878386,14.221001233066888,-22.666909849764444,-0.43036138341155195,-0.2007289566046362,0.8800550923939415,-39.9285369492929,14.465860560051933,-20.736611777694094,0.4833107197360216,-0.19959473069536016,0.8523923343548412
680677.434212,120,1.0,0.3542644985493168,0.41386223945483447,680677.434076-0 680677.434348-1,-8.222172860485724,1.129649112099294,35.489913961464225,20.19698578878386,14.221001233066888,-22.666909849764444,-0.43036138341155195,-0.2007289566046362,0.8800550923939415,-39.9285369492929,14.465860560051933,-20.736611777694094,0.48105802670938147,-0.1998335976967682,0.8536098102587869
680677.4384725,120,1.0,0.36023932361852556,0.42005701452596245,680677.4425969999-0 680677.434348-1,-7.955355770396725,0.935028451609238,35.9454766551547,20.19698578878386,14.221001233066888,-22.666909849764444,-0.4242363353975819,-0.20391883192556445,0.8822928321790582,-39.9285369492929,14.465860560051933,-20.736611777694094,0.48105802670938147,-0.1998335976967682,0.8536098102587869
680677.442372,120,1.0,0.35967630258022326,0.4174924945283184,680677.4425969999-0 680677.442147-1,-8.034480660201007,1.0264070423648084,36.14242151182843,20.19698578878386,14.221001233066888,-22.666909849764444,-0.4242363353975819,-0.20391883192556445,0.8822928321790582,-39.9285369492929,14.465860560051933,-20.736611777694094,0.47908083441232485,-0.19617369308517257,0.8555684871710242
680677.4454989999,121,1.0,0.3575952446192514,0.4204710234002157,680677.4425969999-0 680677.448401-1,-8.28165984146467,0.940479687398283,36.6646379221565,20.19698578878386,14.221001233066888,-22.666909849764444,-0.4242363353975819,-0.20391883192556445,0.8822928321790582,-39.9285369492929,14.465860560051933,-20.736611777694094,0.47290984165703,-0.19596818544780337,0.8590417638020973
680677.448501,121,1.0,0.3668986910483599,0.43085520401230537,680677.448601-0 680677.448401-1,-7.850650441952633,0.5969375095193463,37.411809570395576,20.19698578878386,14.221001233066888,-22.666909849764444,-0.41444500634572046,-0.20972120337360717,0.8855802355352232,-39.9285369492929,14.465860560051933,-20.736611777694094,0.47290984165703,-0.19596818544780337,0.8590417638020973
680677.4533665,121,1.0,0.3659861253176683,0.4341670226683141,680677.448601-0 680677.4581319999-1,-7.9507835859916245,0.48492708957686936,37.610547684474426,20.19698578878386,14.221001233066888,-22.666909849764444,-0.41444500634572046,-0.20972120337360717,0.8855802355352232,-39.9285369492929,14.465860560051933,-20.736611777694094,0.47041359939880717,-0.19811566814350248,0.8599193145503314
680677.45809,121,1.0,0.3702056341823963,0.4345610833239445,680677.458048-0 680677.4581319999-1,-7.755632929235681,0.4752521936180596,37.98314106962417,20.19698578878386,14.221001233066888,-22.666909849764444,-0.41003838136485726,-0.20801553798487032,0.8880304396610247,-39.9285369492929,14.465860560051933,-20.736611777694094,0.47041359939880717,-0.19811566814350248,0.8599193145503314
680677.4612799999,121,0.9078601896762848,0.38021162751779036,0.4364020607015805,680677.464428-0 680677.4581319999-1,-7.2791217010087745,0.41912711741460473,38.88526965748595,20.19698578878386,14.221001233066888,-22.666909849764444,-0.39937902394825625,-0.20484188311037385,0.8936085262316682,-39.9285369492929,14.465860560051933,-20.736611777694094,0.47041359939880717,-0.19811566814350248,0.8599193145503314
680677.464428,121,0.9078601896762848,0.3800219253247,0.438951270040163,680677.464428-0 680677.464428-1,-7.2935063428762135,0.3278437603894888,38.89626771023593,20.19698578878386,14.221001233066888,-22.666909849764444,-0.39937902394825625,-0.20484188311037385,0.8936085262316682,-39.9285369492929,14.465860560051933,-20.736611777694094,0.47005103551631566,-0.20059753253733353,0.8595421187760217
680677.4704675,121,0.89065882563591,0.37909027484926083,0.44311180555093743,680677.464428-0 680677.476507-1,-7.391219800251571,0.17957519413637435,39.08977918550002,20.19698578878386,14.221001233066888,-22.666909849764444,-0.39937902394825625,-0.20484188311037385,0.8936085262316682,-39.9285369492929,14.465860560051933,-20.736611777694094,0.4676134293917333,-0.20372752549304085,0.8601353242420549
680677.4745855001,121,0.8647549306100464,0.36775355366757667,0.4169743667095739,680677.472664-0 680677.476507-1,-7.958475662792113,1.0998116545910834,38.181719382356704,20.19698578878386,14.221001233066888,-22.666909849764444,-0.41201320980849065,-0.18386224151293207,0.892434754527828,-39.9285369492929,14.465860560051933,-20.736611777694094,0.4676134293917333,-0.20372752549304085,0.8601353242420549
680677.476507,121,0.9655972719192505,0.29259200026612886,0.3971524736901717,680677.476507-1,-69.70096478691775,9.897167493636857,203.1963757359876,,,,,,,9.575460237977627,101.13021567902764,-281.97553127643863,-0.15855285004979072,-0.18246609637078168,0.9703438140248524
680677.482035,122,0.35450144600720485,0.43545302919252993,0.5316003565901553,680677.482035-0,-18.879670377720373,-15.023362728222693,196.92469653754563,25.463075978137837,294.96000294773955,-192.8752955735659,-0.0886854927117164,-0.6199667313519246,0.7795999842222232,,,,,,
680677.482366,122,1.0,0.2961493371525045,0.41322200895862016,680677.482366-1,-68.18287813401916,6.745816532490522,202.83909929010395,,,,,,,9.575460237977627,101.13021567902764,-281.97553127643863,-0.15551667674399353,-0.18876879829307427,0.9696292611330851
680677.494176,122,0.2782340115440449,0.596556265573535,0.33204725708465344,680677.494176-0,38.04919567176488,24.37124986020755,227.39047307002988,25.463075978137837,294.96000294773955,-192.8752955735659,0.025172239387254047,-0.541177506175064,0.8405315372871914,,,,,,
680677.498059,122,0.5321231798003387,0.2543079630748246,0.4101596823468384,680677.498059-1,-83.59767538236079,7.428649116205889,200.24722142437196,,,,,,,9.575460237977627,101.13021567902764,-281.97553127643863,-0.18634627124067682,-0.18740313312564352,0.9644455054016212
680677.4994325,122,0.9454692852497101,0.6064871260864688,0.22766232237206607,680677.507003-0 680677.491862-1,14.782929282112093,16.39054759365417,79.17679842723209,20.19698578878386,14.221001233066888,-22.666909849764444,-0.051024960547977144,0.240801551355591,0.969232204513355,-39.9285369492929,14.465860560051933,-20.736611777694094,0.4677017052704615,-0.20357577869801632,0.8601232569897169
680677.5139349999,123,0.3414090764293689,0.22187978383373194,0.586789818203576,680677.5139349999-1,-93.19449908825305,-26.69657138681802,190.35766464409772,,,,,,,9.575460237977627,101.13021567902764,-281.97553127643863,-0.20553991865246135,-0.2556535741316914,0.9446663918410727
680677.515881,123,0.8904786706675762,0.6236885017072288,0.18669842551736215,680677.507003-0 680677.5247589999-1,15.293515624934876,17.42965496813384,70.045353954549,20.19698578878386,14.221001233066888,-22.666909849764444,-0.051024960547977144,0.240801551355591,0.969232204513355,-39.9285369492929,14.465860560051933,-20.736611777694094,0.5076133801036791,-0.1797340144211844,0.8426294205638462
680677.5168249999,123,0.4445661307510322,0.5492807811057063,-0.30613904263401337,680677.5168249999-0,36.33207993608377,282.1928256204485,306.84348928053146,25.463075978137837,294.96000294773955,-192.8752955735659,0.021738007915891887,-0.02553435465458214,0.9994375697081948,,,,,,
680677.5247589999,123,0.7909573413351526,0.3548069930312102,0.3373509922780378,680677.5247589999-1,-48.26393482380347,21.53620533053555,208.24829300746063,,,,,,,9.575460237977627,101.13021567902764,-281.97553127643863,-0.11567879012356216,-0.15918802069698423,0.9804476485677985
680677.529838,123,0.3689246009389912,0.5596596821137139,-0.2980637500262613,680677.529838-0,42.93658625532787,277.2719810187963,306.50613211356193,25.463075978137837,294.96000294773955,-192.8752955735659,0.034947020554380016,-0.035376043857886674,0.9987628553742557,,,,,,
680677.533188,123,0.27449573649493025,0.30601610133851537,0.13398553520140155,680677.533188-1,-69.78110675574233,65.45480475499531,210.39607668889957,,,,,,,9.575460237977627,101.13021567902764,-281.97553127643863,-0.15871313398743986,-0.07135082184806461,0.9847432159306764
680677.541924,123,0.35744946375801345,0.6391688004109455,-0.30790819946063475,680677.541924-0,98.6165338419039,290.3746823506255,301.7230732446054,25.463075978137837,294.96000294773955,-192.8752955735659,0.14630691572753213,-0.009170641194228113,0.9891967376363426,,,,,,
680677.5507235001,124,0.7949999999999999,0.34268326652987147,0.34363764577472544,680677.554815-0 680677.546632-1,-9.776173950046674,3.786097125558438,38.66037757459572,20.19698578878386,14.221001233066888,-22.666909849764444,-0.4325123075140016,-0.08650945010071748,0.8974682272326886,-39.9285369492929,14.465860560051933,-20.736611777694094,0.44537270404542917,-0.22225143974881478,0.8673220001941846
680677.5569465,124,0.99,0.35126967106094387,0.3366928585394683,680677.554815-0 680677.559078-1,-8.593665211932262,3.7621755308491442,36.11601450101303,20.19698578878386,14.221001233066888,-22.666909849764444,-0.4325123075140016,-0.08650945010071748,0.8974682272326886,-39.9285369492929,14.465860560051933,-20.736611777694094,0.4743254730416947,-0.2331314722156904,0.8489199386787408
680677.564435,124,0.3331754237524011,0.42057639320595086,0.15364813572247848,680677.564435-0,-31.027868017005773,69.54189103704266,249.83843593829263,25.463075978137837,294.96000294773955,-192.8752955735659,-0.11298188799028726,-0.4508362238213938,0.8854274630237171,,,,,,
680677.5679949999,124,0.99,0.37635257386989246,0.3948883105992079,680677.576912-0 680677.559078-1,-7.394455374837673,1.8742818060802513,38.12907738922701,20.19698578878386,14.221001233066888,-22.666909849764444,-0.40533029739635895,-0.13226681042420665,0.904551182008396,-39.9285369492929,14.465860560051933,-20.736611777694094,0.4743254730416947,-0.2331314722156904,0.8489199386787408
680677.5716464999,124,0.995,0.379427321267109,0.3871407782689995,680677.576912-0 680677.566381-1,-7.066520967380384,2.1068010191464506,37.43179104876713,20.19698578878386,14.221001233066888,-22.666909849764444,-0.40533029739635895,-0.13226681042420665,0.904551182008396,-39.9285369492929,14.465860560051933,-20.736611777694094,0.4825747195454619,-0.22974988753668327,0.8451843758804938
680677.5752745,124,0.995,0.3819462624364281,0.38274485129471947,680677.576912-0 680677.5736369999-1,-6.799771493215696,2.2221121246486453,36.842834936755104,20.19698578878386,14.221001233066888,-22.666909849764444,-0.40533029739635895,-0.13226681042420665,0.904551182008396,-39.9285369492929,14.465860560051933,-20.736611777694094,0.48933601282123934,-0.2291531767326362,0.8414505856849543
680677.5790685,124,0.995,0.3845198627913808,0.37602889965269837,680677.576912-0 680677.581225-1,-6.54483529528839,2.413785411748182,36.303735152357376,20.19698578878386,14.221001233066888,-22.666909849764444,-0.40533029739635895,-0.13226681042420665,0.904551182008396,-39.9285369492929,14.465860560051933,-20.736611777694094,0.4958493984392,-0.22610830950720198,0.8384559657127371
680677.582388,125,0.8,0.3190856493549849,0.46448232576052817,680677.583551-0 680677.581225-1,-9.137193394171618,-0.480755261659608,31.09726862760471,20.19698578878386,14.221001233066888,-22.666909849764444,-0.4658629859852165,-0.24788001370603138,0.8494275584733729,-39.9285369492929,14.465860560051933,-20.736611777694094,0.4958493984392,-0.22610830950720198,0.8384559657127371
680677.585827,125,0.8,0.32028420210237507,0.46132270295453326,680677.583551-0 680677.588103-1,-8.996252226264025,-0.38474535569252755,30.84620974962478,20.19698578878386,14.221001233066888,-22.666909849764444,-0.4658629859852165,-0.24788001370603138,0.8494275584733729,-39.9285369492929,14.465860560051933,-20.736611777694094,0.4994237788377864,-0.22477991016860813,0.8366898356714859
680677.5923275,125,1.0,0.41054338273901425,0.3987021476841468,680677.596552-0 680677.588103-1,-5.193445244630762,1.719559703200261,38.0083205137917,20.19698578878386,14.221001233066888,-22.666909849764444,-0.37845203802225996,-0.14521003372988966,0.9141597787153852,-39.9285369492929,14.465860560051933,-20.736611777694094,0.4994237788377864,-0.22477991016860813,0.8366898356714859
680677.5953220001,125,1.0,0.41163271641488536,0.39825164128984125,680677.596552-0 680677.594092-1,-5.089757652319225,1.7229462249021559,37.74663308238607,20.19698578878386,14.221001233066888,-22.666909849764444,-0.37845203802225996,-0.14521003372988966,0.9141597787153852,-39.9285369492929,14.465860560051933,-20.736611777694094,0.5021203860497687,-0.22589363555405714,0.834773731815635
680677.5999169999,125,1.0,0.4120741561624229,0.3970344040732835,680677.596552-0 680677.6032819999-1,-5.050637417060589,1.7608322227825077,37.65859218279937,20.19698578878386,14.221001233066888,-22.666909849764444,-0.37845203802225996,-0.14521003372988966,0.9141597787153852,-39.9285369492929,14.465860560051933,-20.736611777694094,0.5031422952959591,-0.22523238526007622,0.834336984266172
680677.6040739999,125,1.0,0.4168984822522866,0.4055504578241036,680677.604866-0 680677.6032819999-1,-4.7988895040687165,1.480662898465276,38.052221937033146,20.19698578878386,14.221001233066888,-22.666909849764444,-0.37297379014088244,-0.15122774480121245,0.9154347169898486,-39.9285369492929,14.465860560051933,-20.736611777694094,0.5031422952959591,-0.22523238526007622,0.834336984266172
680677.6078224999,125,1.0,0.41669552543809696,0.40601364424210296,680677.604866-0 680677.610779-1,-4.8168749010467256,1.466199013239402,38.09436152115902,20.19698578878386,14.221001233066888,-22.666909849764444,-0.37297379014088244,-0.15122774480121245,0.9154347169898486,-39.9285369492929,14.465860560051933,-20.736611777694094,0.5026712201404983,-0.22544070262401497,0.8345646374265167
680677.6122175,125,0.9758651852607727,0.4151815861501861,0.4006021354053222,680677.613656-0 680677.610779-1,-4.8982556557786445,1.6505920158180727,37.98089515455415,20.19698578878386,14.221001233066888,-22.666909849764444,-0.3747354939662201,-0.14655148638235774,0.9154758169394834,-39.9285369492929,14.465860560051933,-20.736611777694094,0.5026712201404983,-0.22544070262401497,0.8345646374265167
680677.616777,126,0.9758651852607727,0.41431112950705157,0.40059153624417965,680677.613656-0 680677.619898-1,-4.980779958365369,1.6605589112227497,38.195284733302444,20.19698578878386,14.221001233066888,-22.666909849764444,-0.3747354939662201,-0.14655148638235774,0.9154758169394834,-39.9285369492929,14.465860560051933,-20.736611777694094,0.5005197866890143,-0.22417076881810696,0.836198187955632
680677.6206065,126,1.0,0.41648123632109746,0.4035199096600417,680677.621315-0 680677.619898-1,-4.866880592596974,1.5648974980354078,38.37943604791373,20.19698578878386,14.221001233066888,-22.666909849764444,-0.3722649109371538,-0.14835070750478715,0.9161937042284135,-39.9285369492929,14.465860560051933,-20.736611777694094,0.5005197866890143,-0.22417076881810696,0.836198187955632
680677.6240920001,126,1.0,0.41987728133175467,0.4056864762299557,680677.621315-0 680677.626869-1,-4.547991327262842,1.4545769576794862,37.522400630222734,20.19698578878386,14.221001233066888,-22.666909849764444,-0.3722649109371538,-0.14835070750478715,0.9161937042284135,-39.9285369492929,14.465860560051933,-20.736611777694094,0.5088673100868791,-0.23127371909427907,0.8291963142593219
680677.6275895,126,1.0,0.42060815436559407,0.4047119433661398,680677.62831-0 680677.626869-1,-4.5111690709680765,1.4905465370188766,37.590299891772325,20.19698578878386,14.221001233066888,-22.666909849764444,-0.3714615273253428,-0.14697450618955063,0.9167414184204079,-39.9285369492929,14.465860560051933,-20.736611777694094,0.5088673100868791,-0.23127371909427907,0.8291963142593219
680677.6306085,126,1.0,0.4213898598603635,0.4015233923053547,680677.62831-0 680677.632907-1,-4.447397631007938,1.594333552252472,37.456061941962375,20.19698578878386,14.221001233066888,-22.666909849764444,-0.3714615273253428,-0.14697450618955063,0.9167414184204079,-39.9285369492929,14.465860560051933,-20.736611777694094,0.5105552945219717,-0.22897827446169552,0.8287956569988327
680677.6353265,126,1.0,0.42240618219861403,0.407611477875092,680677.637746-0 680677.632907-1,-4.391428407019953,1.3877634561909904,37.520098326967684,20.19698578878386,14.221001233066888,-22.666909849764444,-0.3702536882880557,-0.15255888984034552,0.9163176258480311,-39.9285369492929,14.465860560051933,-20.736611777694094,0.5105552945219717,-0.22897827446169552,0.8287956569988327
680677.640351,126,1.0,0.42384512020326764,0.4061065196031497,680677.637746-0 680677.6429559999-1,-4.267212127554734,1.4271085081474766,37.20841241573812,20.19698578878386,14.221001233066888,-22.666909849764444,-0.3702536882880557,-0.15255888984034552,0.9163176258480311,-39.9285369492929,14.465860560051933,-20.736611777694094,0.5138429308564422,-0.22935204044581622,0.8266577792243912
680677.645097,126,1.0,0.41876636736591505,0.4088389291272855,680677.647238-0 680677.6429559999-1,-4.522617865249687,1.3193098959006413,36.762163187744164,20.19698578878386,14.221001233066888,-22.666909849764444,-0.3758411107171453,-0.1579860585146749,0.9131176620840821,-39.9285369492929,14.465860560051933,-20.736611777694094,0.5138429308564422,-0.22935204044581622,0.8266577792243912
680677.6506225,127,1.0,0.4191594432466997,0.40768676758319455,680677.647238-0 680677.654007-1,-4.490127797437811,1.3553055877145876,36.689751988021584,20.19698578878386,14.221001233066888,-22.666909849764444,-0.3758411107171453,-0.1579860585146749,0.9131176620840821,-39.9285369492929,14.465860560051933,-20.736611777694094,0.5147038666312583,-0.22867965213208277,0.8263083845487599
680677.655545,127,1.0,0.3634595382337733,0.42047710486847767,680677.6570829999-0 680677.654007-1,-6.986311127977038,0.8287086858952231,32.37740952749681,20.19698578878386,14.221001233066888,-22.666909849764444,-0.43237511924037203,-0.1975798528956176,0.8797806306072099,-39.9285369492929,14.465860560051933,-20.736611777694094,0.5147038666312583,-0.22867965213208277,0.8263083845487599
680677.659709,127,1.0,0.36363613430775016,0.41804464992625867,680677.6570829999-0 680677.662335-1,-6.97730334625027,0.9017579435455048,32.37937964497463,20.19698578878386,14.221001233066888,-22.666909849764444,-0.43237511924037203,-0.1975798528956176,0.8797806306072099,-39.9285369492929,14.465860560051933,-20.736611777694094,0.5149421403202392,-0.22647331250667346,0.8267674587480242
680677.662861,127,1.0,0.39092064094203594,0.45574873636609703,680677.663387-0 680677.662335-1,-5.779762105065997,-0.24039830099929915,34.165741253973394,20.19698578878386,14.221001233066888,-22.666909849764444,-0.40494100638678815,-0.22077826026978703,0.8872878569769234,-39.9285369492929,14.465860560051933,-20.736611777694094,0.5149421403202392,-0.22647331250667346,0.8267674587480242
680677.665998,127,1.0,0.39107043911255335,0.4545578171320802,680677.663387-0 680677.668609-1,-5.768567616643793,-0.20289515165953187,34.150470897568624,20.19698578878386,14.221001233066888,-22.666909849764444,-0.40494100638678815,-0.22077826026978703,0.8872878569769234,-39.9285369492929,14.465860560051933,-20.736611777694094,0.5152363542448991,-0.22546772498801504,0.8268589990156445
680677.670955,127,1.0,0.39361794462208266,0.4723758866807961,680677.673301-0 680677.668609-1,-5.638440834748469,-0.7638357264183613,34.23716304155163,20.19698578878386,14.221001233066888,-22.666909849764444,-0.40204937374148325,-0.23652025149087838,0.8845419558781666,-39.9285369492929,14.465860560051933,-20.736611777694094,0.5152363542448991,-0.22546772498801504,0.8268589990156445
680677.6741770001,127,1.0,0.39351153986112275,0.4725697770022308,680677.673301-0 680677.675053-1,-5.6479607441179915,-0.770422999669405,34.257816990374565,20.19698578878386,14.221001233066888,-22.666909849764444,-0.40204937374148325,-0.23652025149087838,0.8845419558781666,-39.9285369492929,14.465860560051933,-20.736611777694094,0.5149874192187277,-0.2255364170873603,0.826995334094353
680677.677902,127,1.0,0.3910730587055056,0.482687122006612,680677.680751-0 680677.675053-1,-5.746891841360963,-1.0818606952847025,34.007505624148706,20.19698578878386,14.221001233066888,-22.666909849764444,-0.404323022200739,-0.2470795067384484,0.8806103627986361,-39.9285369492929,14.465860560051933,-20.736611777694094,0.5149874192187277,-0.2255364170873603,0.826995334094353
680677.6824515,128,1.0,0.3907621614308023,0.48383530597612023,680677.680751-0 680677.684152-1,-5.77358285978233,-1.1195972316420892,34.0593154497102,20.19698578878386,14.221001233066888,-22.666909849764444,-0.404323022200739,-0.2470795067384484,0.8806103627986361,-39.9285369492929,14.465860560051933,-20.736611777694094,0.5142895212558062,-0.22631669033476134,0.827216443261613
680677.6871745,128,1.0,0.3886462805192678,0.47978987745623125,680677.6901969999-0 680677.684152-1,-5.870795259450899,-0.9894216305448573,33.92588504874223,20.19698578878386,14.221001233066888,-22.666909849764444,-0.40651507594560515,-0.24417168590993904,0.880412222103281,-39.9285369492929,14.465860560051933,-20.736611777694094,0.5142895212558062,-0.22631669033476134,0.827216443261613
680677.6907505,128,1.0,0.38824923954820345,0.48192219136438263,680677.6901969999-0 680677.691304-1,-5.903554496646574,-1.057911486929096,33.98235901705556,20.19698578878386,14.221001233066888,-22.666909849764444,-0.40651507594560515,-0.24417168590993904,0.880412222103281,-39.9285369492929,14.465860560051933,-20.736611777694094,0.5134330094005142,-0.2279646611278922,0.827295991852237
680677.6936804999,128,1.0,0.3904922564740184,0.48398925514454805,680677.696057-0 680677.691304-1,-5.802530642978752,-1.1271265473574301,34.13878292122782,20.19698578878386,14.221001233066888,-22.666909849764444,-0.40423057594585293,-0.24517261883895117,0.8811855811587784,-39.9285369492929,14.465860560051933,-20.736611777694094,0.5134330094005142,-0.2279646611278922,0.827295991852237
680677.6966915,128,1.0,0.3894421440215732,0.48935410799928747,680677.696057-0 680677.697326-1,-5.8901641359416494,-1.30201561257394,34.29324839322112,20.19698578878386,14.221001233066888,-22.666909849764444,-0.40423057594585293,-0.24517261883895117,0.8811855811587784,-39.9285369492929,14.465860560051933,-20.736611777694094,0.5111436557598443,-0.23207951835796672,0.8275694897319473
680677.699695,128,0.9826722741127014,0.389694725829684,0.4894769372576663,680677.702064-0 680677.697326-1,-5.878822965148556,-1.3065166925162677,34.31178047856524,20.19698578878386,14.221001233066888,-22.666909849764444,-0.40397429066136303,-0.2451832340960508,0.8813001498938087,-39.9285369492929,14.465860560051933,-20.736611777694094,0.5111436557598443,-0.23207951835796672,0.8275694897319473
680677.7053139999,128,0.9826722741127014,0.3904275638830697,0.48729352978331486,680677.702064-0 680677.708564-1,-5.813921694400463,-1.2325336582924917,34.180645827148666,20.19698578878386,14.221001233066888,-22.666909849764444,-0.40397429066136303,-0.2451832340960508,0.8813001498938087,-39.9285369492929,14.465860560051933,-20.736611777694094,0.5128358099223247,-0.23074325327115983,0.8268959929345132
680677.7106905,128,1.0,0.39171778473523766,0.49075185447226033,680677.712817-0 680677.708564-1,-5.753317350348956,-1.3439444039877344,34.25622869401526,20.19698578878386,14.221001233066888,-22.666909849764444,-0.40261456257037814,-0.24789779777946014,0.8811629791714792,-39.9285369492929,14.465860560051933,-20.736611777694094,0.5128358099223247,-0.23074325327115983,0.8268959929345132
680677.7145285,129,1.0,0.39203388785449245,0.49188837078258707,680677.712817-0 680677.71624-1,-5.72084455857212,-1.3761936369941745,34.169333646705354,20.19698578878386,14.221001233066888,-22.666909849764444,-0.40261456257037814,-0.24789779777946014,0.8811629791714792,-39.9285369492929,14.465860560051933,-20.736611777694094,0.513680171522243,-0.2322069240118537,0.8259616370182286
680677.7176824999,129,1.0,0.3915951439406625,0.4898310022211162,680677.719125-0 680677.71624-1,-5.742251617241251,-1.3108400429267357,34.14959074194547,20.19698578878386,14.221001233066888,-22.666909849764444,-0.40309198205178576,-0.2461482871236235,0.8814351222589607,-39.9285369492929,14.465860560051933,-20.736611777694094,0.513680171522243,-0.2322069240118537,0.8259616370182286
680677.722538,129,1.0,0.391041410372453,0.48998265669760943,680677.719125-0 680677.725951-1,-5.794403077219085,-1.3204500380568671,34.270379900710026,20.19698578878386,14.221001233066888,-22.666909849764444,-0.40309198205178576,-0.2461482871236235,0.8814351222589607,-39.9285369492929,14.465860560051933,-20.736611777694094,0.5123214019508423,-0.23174546954352898,0.8269345913971505
680677.7261544999,129,1.0,0.39044259840631784,0.4887954355591355,680677.726358-0 680677.725951-1,-5.822145171898173,-1.2817531764096053,34.232453694133916,20.19698578878386,14.221001233066888,-22.666909849764444,-0.40371572467406996,-0.24528048365645772,0.8813915690475741,-39.9285369492929,14.465860560051933,-20.736611777694094,0.5123214019508423,-0.23174546954352898,0.8269345913971505
680677.7293479999,129,1.0,0.390951656217762,0.48754258860128097,680677.726358-0 680677.732338-1,-5.776638238797801,-1.2386447473923123,34.137589222903614,20.19698578878386,14.221001233066888,-22.666909849764444,-0.40371572467406996,-0.24528048365645772,0.8813915690475741,-39.927132905853725,14.458357115696426,-20.75339205887884,0.513400010711912,-0.2309257561975661,0.8264948421651468
680677.733125,129,1.0,0.3886061907300732,0.48486781134370505,680677.733912-0 680677.732338-1,-5.882802408199646,-1.1498489599388941,33.97739891561511,20.19698578878386,14.221001233066888,-22.666909849764444,-0.4061141778082074,-0.24374675777873464,0.8807149326856667,-39.927132905853725,14.458357115696426,-20.75339205887884,0.513400010711912,-0.2309257561975661,0.8264948421651468
680677.7371179999,129,1.0,0.3895831806646545,0.48304642164586886,680677.733912-0 680677.740324-1,-5.794436734030482,-1.086498941631043,33.788865433452486,20.19698578878386,14.221001233066888,-22.666909849764444,-0.4061141778082074,-0.24374675777873464,0.8807149326856667,-39.927132905853725,14.458357115696426,-20.75339205887884,0.5157053796864373,-0.23023522936720947,0.8252512953765634
680677.7413870001,129,1.0,0.38762928060266705,0.4831143074200409,680677.74245-0 680677.740324-1,-5.880011455816662,-1.0845011377174183,33.6439956059312,20.151742341310893,14.167491135813156,-22.898463810818964,-0.4062550424532782,-0.2431351072661203,0.8808190280051729,-39.927132905853725,14.458357115696426,-20.75339205887884,0.5157053796864373,-0.23023522936720947,0.8252512953765634
680677.745915,129,1.0,0.38791587845687603,0.4845151235147599,680677.74245-0 680677.7493799999-1,-5.8492939974220715,-1.1250046862571708,33.55940792157773,20.151742341310893,14.167491135813156,-22.898463810818964,-0.4062550424532782,-0.2431351072661203,0.8808190280051729,-39.927132905853725,14.458357115696426,-20.75339205887884,0.5165057256482158,-0.23192977476437268,0.8242756911072636
680677.749818,130,1.0,0.38990921571388387,0.48571299052762573,680677.750256-0 680677.7493799999-1,-5.761139626705427,-1.1662928379631516,33.69965575706456,20.151742341310893,14.167491135813156,-22.898463810818964,-0.40425983405125393,-0.2434289202860534,0.8816554584083393,-39.927132905853725,14.458357115696426,-20.75339205887884,0.5165057256482158,-0.23192977476437268,0.8242756911072636
680677.753893,130,1.0,0.3903256674364073,0.4841073966894829,680677.750256-0 680677.75753-1,-5.725828745397745,-1.1141046758916318,33.632113256873936,20.151742341310893,14.167491135813156,-22.898463810818964,-0.40425983405125393,-0.2434289202860534,0.8816554584083393,-39.927132905853725,14.458357115696426,-20.75339205887884,0.51743360417904,-0.2308240811923347,0.8240040708685866
680677.757777,130,1.0,0.3923213144576099,0.4868072486028475,680677.758024-0 680677.75753-1,-5.635692569792429,-1.201784323212081,33.7633898004898,20.151742341310893,14.167491135813156,-22.898463810818964,-0.40222905535713716,-0.24511979339705267,0.882115680572277,-39.927132905853725,14.458357115696426,-20.75339205887884,0.51743360417904,-0.2308240811923347,0.8240040708685866
680677.761156,130,1.0,0.39279197310871994,0.48488537876387183,680677.758024-0 680677.764288-1,-5.596388960970543,-1.1394025127560754,33.6889100421645,20.151742341310893,14.167491135813156,-22.898463810818964,-0.40222905535713716,-0.24511979339705267,0.882115680572277,-39.927132905853725,14.458357115696426,-20.75339205887884,0.5184683907956588,-0.2294658794375608,0.823732928757681
680677.7642875,130,1.0,0.3954343854042067,0.48827663858820736,680677.7642869999-0 680677.764288-1,-5.476441948323428,-1.2502208309523555,33.864457453413415,20.151742341310893,14.167491135813156,-22.898463810818964,-0.39953181922138425,-0.2471890120119945,0.8827637950041818,-39.927132905853725,14.458357115696426,-20.75339205887884,0.5184683907956588,-0.2294658794375608,0.823732928757681
680677.7698095,130,1.0,0.3975494114754701,0.4914484012146042,680677.775331-0 680677.764288-1,-5.379296274674768,-1.3538685426201535,34.00289227833578,20.151742341310893,14.167491135813156,-22.898463810818964,-0.39735477800081725,-0.24927764531058358,0.8831590094362011,-39.927132905853725,14.458357115696426,-20.75339205887884,0.5184683907956588,-0.2294658794375608,0.823732928757681
680677.7755575,130,1.0,0.39855341986420745,0.4886512254375972,680677.775331-0 680677.7757839999-1,-5.2942021899849525,-1.2595179779975778,33.826191993205555,20.151742341310893,14.167491135813156,-22.898463810818964,-0.39735477800081725,-0.24927764531058358,0.8831590094362011,-39.927132905853725,14.458357115696426,-20.75339205887884,0.5207141807844295,-0.22781444451905983,0.8227741614796084
680677.7793725,130,1.0,0.4010005676851067,0.49099400782865377,680677.782961-0 680677.7757839999-1,-5.182417669016848,-1.338259627717929,33.99495672407245,20.151742341310893,14.167491135813156,-22.898463810818964,-0.3948488634030885,-0.25045407855674684,0.8839497325094792,-39.927132905853725,14.458357115696426,-20.75339205887884,0.5207141807844295,-0.22781444451905983,0.8227741614796084
680677.782989,131,1.0,0.4018167080908853,0.4874579633439253,680677.782961-0 680677.783017-1,-5.116828278193312,-1.2230790796419448,33.87029773696205,20.151742341310893,14.167491135813156,-22.898463810818964,-0.3948488634030885,-0.25045407855674684,0.8839497325094792,-39.927132905853725,14.458357115696426,-20.75339205887884,0.5224526557038777,-0.22523899662734986,0.8223810655324393
680677.78789,131,1.0,0.40243224398886285,0.48760732601514445,680677.792763-0 680677.783017-1,-5.088986739352478,-1.2291987144221244,33.9156870039013,20.151742341310893,14.167491135813156,-22.898463810818964,-0.39422364769123625,-0.2503388262572119,0.8842613797227477,-39.927132905853725,14.458357115696426,-20.75339205887884,0.5224526557038777,-0.22523899662734986,0.8223810655324393
680677.792659,131,1.0,0.40306006734634536,0.4867613520149624,680677.792763-0 680677.7925549999-1,-5.0354001305331995,-1.1983819823231494,33.794507759243416,20.151742341310893,14.167491135813156,-22.898463810818964,-0.39422364769123625,-0.2503388262572119,0.8842613797227477,-39.927132905853725,14.458357115696426,-20.75339205887884,0.523872127358975,-0.22508314937215418,0.8215202797527851
680677.7958694999,131,1.0,0.403207131104764,0.4875587150395514,680677.792763-0 680677.7989759999-1,-5.021014760456607,-1.2215641306940084,33.75251177005591,20.151742341310893,14.167491135813156,-22.898463810818964,-0.39422364769123625,-0.2503388262572119,0.8842613797227477,-39.927132905853725,14.458357115696426,-20.75339205887884,0.5242518347403728,-0.22601266360755934,0.8210227095886988
680677.799045,131,1.0,0.405855954815023,0.4899677578078474,680677.7991139999-0 680677.7989759999-1,-4.899347933631027,-1.3024978477428268,33.9355224622937,20.151742341310893,14.167491135813156,-22.898463810818964,-0.3915013082785916,-0.2514878305968309,0.8851443931234333,-39.927132905853725,14.458357115696426,-20.75339205887884,0.5242518347403728,-0.22601266360755934,0.8210227095886988
680677.803147,131,1.0,0.4060862875701444,0.49220474072576137,680677.7991139999-0 680677.80718-1,-4.875355515767559,-1.3689183612020308,33.856423989988784,20.151742341310893,14.167491135813156,-22.898463810818964,-0.3915013082785916,-0.2514878305968309,0.8851443931234333,-39.927132905853725,14.458357115696426,-20.75339205887884,0.5248849070084617,-0.22842038724389274,0.8199511943317531
680677.80737,131,1.0,0.4091930786576536,0.49285381979422793,680677.80756-0 680677.80718-1,-4.733182956141347,-1.3976403922690546,34.08733010027862,20.151742341310893,14.167491135813156,-22.898463810818964,-0.3883207146216985,-0.25081787488402457,0.8867341293952516,-39.927132905853725,14.458357115696426,-20.75339205887884,0.5248849070084617,-0.22842038724389274,0.8199511943317531
680677.811793,131,1.0,0.4090561677919867,0.49477534485253183,680677.80756-0 680677.816026-1,-4.741553752508574,-1.457882382112726,34.08962023860569,20.151742341310893,14.167491135813156,-22.898463810818964,-0.3883207146216985,-0.25081787488402457,0.8867341293952516,-39.927132905853725,14.458357115696426,-20.75339205887884,0.524659328368187,-0.23014442609747254,0.819613404168397
680677.8163745,132,0.965594619512558,0.4122995706804927,0.4939243616784553,680677.816723-0 680677.816026-1,-4.592513287179738,-1.4409835370285862,34.344093971116095,20.151742341310893,14.167491135813156,-22.898463810818964,-0.38499256768923273,-0.2486897386259215,0.8887823899730588,-39.927132905853725,14.458357115696426,-20.75339205887884,0.524659328368187,-0.23014442609747254,0.819613404168397
680677.8202285001,132,0.965594619512558,0.4127857265457287,0.496145142752655,680677.816723-0 680677.823734-1,-4.547708426227068,-1.5049677323179713,34.21182224620385,20.151742341310893,14.167491135813156,-22.898463810818964,-0.38499256768923273,-0.2486897386259215,0.8887823899730588,-39.927132905853725,14.458357115696426,-20.75339205887884,0.525849651473378,-0.23279182744339771,0.8181015273918575
680677.8241995,132,1.0,0.41597773572463825,0.49466843627769075,680677.824665-0 680677.823734-1,-4.399911341300392,-1.468645548390226,34.46817690392807,20.151742341310893,14.167491135813156,-22.898463810818964,-0.38169996886094826,-0.24599382888155488,0.8909501500778497,-39.927132905853725,14.458357115696426,-20.75339205887884,0.525849651473378,-0.23279182744339771,0.8181015273918575
680677.827643,132,1.0,0.4166202101367021,0.49495513524295376,680677.824665-0 680677.830621-1,-4.346020805602029,-1.4716216035047847,34.3305728639744,20.151742341310893,14.167491135813156,-22.898463810818964,-0.38169996886094826,-0.24599382888155488,0.8909501500778497,-39.927132905853725,14.458357115696426,-20.75339205887884,0.5272896324274204,-0.23371390386790117,0.8169109221165924
680677.830618,132,1.0,0.4181159691586199,0.49753594775362875,680677.830615-0 680677.830621-1,-4.273956679419859,-1.5568098431086543,34.42844309526319,20.151742341310893,14.167491135813156,-22.898463810818964,-0.38011054505801595,-0.24779053951204033,0.8911317647037558,-39.927132905853725,14.458357115696426,-20.75339205887884,0.5272896324274204,-0.23371390386790117,0.8169109221165924
680677.8361655,132,0.9870831072330475,0.41690330553827504,0.49561279146884263,680677.84171-0 680677.830621-1,-4.332289134016277,-1.4929844073875733,34.34790457406036,20.151742341310893,14.167491135813156,-22.898463810818964,-0.38139752067415095,-0.24649177321397103,0.8909420502824201,-39.927132905853725,14.458357115696426,-20.75339205887884,0.5272896324274204,-0.23371390386790117,0.8169109221165924
680677.8412665,132,0.9870831072330475,0.4172119455532924,0.4965505646771723,680677.84171-0 680677.840823-1,-4.305336353595729,-1.5190161105704671,34.27125301282326,20.151742341310893,14.167491135813156,-22.898463810818964,-0.38139752067415095,-0.24649177321397103,0.8909420502824201,-39.927132905853725,14.458357115696426,-20.75339205887884,0.5280094120117946,-0.23492895300033043,0.8160970823799869
680677.8443865,132,0.9870831072330475,0.41776014660530836,0.49848467755932147,680677.84171-0 680677.847063-1,-4.257325674683738,-1.5731861175562907,34.132024848966175,20.151742341310893,14.167491135813156,-22.898463810818964,-0.38139752067415095,-0.24649177321397103,0.8909420502824201,-39.927132905853725,14.458357115696426,-20.75339205887884,0.5292922563857578,-0.23733783761012953,0.8145676510693393
680677.8473415,133,0.9518176317214966,0.41909614408431695,0.4974227061033941,680677.84762-0 680677.847063-1,-4.195479910290391,-1.5445320539176874,34.24171511915064,20.151742341310893,14.167491135813156,-22.898463810818964,-0.38001979335616837,-0.24495592814717376,0.8919537823918298,-39.927132905853725,14.458357115696426,-20.75339205887884,0.5292922563857578,-0.23733783761012953,0.8145676510693393
680677.852372,133,0.9518176317214966,0.419072366548896,0.49848892795548516,680677.84762-0 680677.857124-1,-4.195796009012074,-1.5775398062904982,34.23194647261011,20.151742341310893,14.167491135813156,-22.898463810818964,-0.38001979335616837,-0.24495592814717376,0.8919537823918298,-39.927132905853725,14.458357115696426,-20.75339205887884,0.5292819884301463,-0.23834473994812294,0.8142802721805876
680677.8570254999,133,0.9967084527015686,0.41736243853283594,0.4974867643359825,680677.856927-0 680677.857124-1,-4.276499381237295,-1.54099335142815,34.107839649682866,20.151742341310893,14.167491135813156,-22.898463810818964,-0.3818089770371371,-0.24472120602844546,0.8912538563023656,-39.927132905853725,14.458357115696426,-20.75339205887884,0.5292819884301463,-0.23834473994812294,0.8142802721805876
680677.860145,133,0.9598374664783478,0.4167067878970049,0.49564105463325814,680677.863166-0 680677.857124-1,-4.308321099224541,-1.4818570268255016,34.07033130825976,20.151742341310893,14.167491135813156,-22.898463810818964,-0.3825100003497154,-0.24327131029984148,0.8913501944900549,-39.927132905853725,14.458357115696426,-20.75339205887884,0.5292819884301463,-0.23834473994812294,0.8142802721805876
680677.8634065,133,0.9598374664783478,0.41616274404386705,0.49677814942805953,680677.863166-0 680677.8636469999-1,-4.35131207810185,-1.521801475831416,34.1664662499327,20.151742341310893,14.167491135813156,-22.898463810818964,-0.3825100003497154,-0.24327131029984148,0.8913501944900549,-39.927132905853725,14.458357115696426,-20.75339205887884,0.5281291674283249,-0.2389048470173759,0.8148644406176211
680677.867273,133,1.0,0.4177090802048804,0.4962163581401542,680677.870899-0 680677.8636469999-1,-4.279405246231237,-1.5091545552316452,34.28888018927644,20.151742341310893,14.167491135813156,-22.898463810818964,-0.3809098650482537,-0.24211217429652415,0.8923504747386705,-39.927132905853725,14.458357115696426,-20.75339205887884,0.5281291674283249,-0.2389048470173759,0.8148644406176211
680677.871157,133,1.0,0.41701067307634654,0.49847059962854934,680677.870899-0 680677.871415-1,-4.333510826564487,-1.5854161991721263,34.402137747355205,20.151742341310893,14.167491135813156,-22.898463810818964,-0.3809098650482537,-0.24211217429652415,0.8923504747386705,-39.927132905853725,14.458357115696426,-20.75339205887884,0.5266773068717157,-0.24039871427860296,0.8153646255507724
680677.8756265,133,1.0,0.4176540475377478,0.49576258303169074,680677.8798379999-0 680677.871415-1,-4.305082831810809,-1.5028167351093158,34.47015833792102,20.151742341310893,14.167491135813156,-22.898463810818964,-0.3802693876763004,-0.23931165568349544,0.8933784887998567,-39.927132905853725,14.458357115696426,-20.75339205887884,0.5266773068717157,-0.24039871427860296,0.8153646255507724
680677.8801859999,134,1.0,0.4184142434038568,0.4949115559405526,680677.8798379999-0 680677.880534-1,-4.2437572702243145,-1.4694887491947162,34.32437772708705,20.151742341310893,14.167491135813156,-22.898463810818964,-0.3802693876763004,-0.23931165568349544,0.8933784887998567,-39.927132905853725,14.458357115696426,-20.75339205887884,0.5283206813266587,-0.24032920272764702,0.8143212707518013
680677.8843024999,134,0.999885231256485,0.41856567950970647,0.49347525337351383,680677.888071-0 680677.880534-1,-4.237597127617043,-1.4251718096167458,34.34559551024665,20.151742341310893,14.167491135813156,-22.898463810818964,-0.380127497735871,-0.23790554751875587,0.8938143184827967,-39.927132905853725,14.458357115696426,-20.75339205887884,0.5283206813266587,-0.24032920272764702,0.8143212707518013
680677.889621,134,0.999885231256485,0.4190885485752657,0.4921872277261804,680677.888071-0 680677.891171-1,-4.196841304596305,-1.3809052971413207,34.255819833617196,20.151742341310893,14.167491135813156,-22.898463810818964,-0.380127497735871,-0.23790554751875587,0.8938143184827967,-39.927132905853725,14.458357115696426,-20.75339205887884,0.5294156758224047,-0.23960272522239076,0.8138240450241747
680677.8924235,134,1.0,0.42027231022971206,0.494445108383084,680677.893676-0 680677.891171-1,-4.139606732737507,-1.454644946346943,34.33189813049243,20.151742341310893,14.167491135813156,-22.898463810818964,-0.37886607130764266,-0.23952482834376468,0.8939174215881477,-39.927132905853725,14.458357115696426,-20.75339205887884,0.5294156758224047,-0.23960272522239076,0.8138240450241747
680677.896327,134,1.0,0.4205476049387089,0.4951463414667109,680677.893676-0 680677.898978-1,-4.116213165179623,-1.4737708033940615,34.265727092013584,20.151742341310893,14.167491135813156,-22.898463810818964,-0.37886607130764266,-0.23952482834376468,0.8939174215881477,-39.927132905853725,14.458357115696426,-20.75339205887884,0.5300426034050496,-0.2405529942850229,0.8131353488295211
680677.90044,134,1.0,0.420406674784594,0.4964774194097865,680677.901902-0 680677.898978-1,-4.121982117132957,-1.5147039652937622,34.24596617353114,20.151742341310893,14.167491135813156,-22.898463810818964,-0.37899886485781004,-0.24082537930265482,0.8935116099526764,-39.927132905853725,14.458357115696426,-20.75339205887884,0.5300426034050496,-0.2405529942850229,0.8131353488295211
680677.9053354999,134,1.0,0.4204481448127641,0.4958781692900208,680677.901902-0 680677.908769-1,-4.119530867758918,-1.495889920851437,34.24577722945445,20.151742341310893,14.167491135813156,-22.898463810818964,-0.37899886485781004,-0.24082537930265482,0.8935116099526764,-39.927132905853725,14.458357115696426,-20.75339205887884,0.5301095027677367,-0.24001453217034532,0.8132508465549808
680677.9089019999,134,1.0,0.4214587718275262,0.4933722356654543,680677.909035-0 680677.908769-1,-4.073458989923903,-1.4209662172967903,34.340368841570566,20.151742341310893,14.167491135813156,-22.898463810818964,-0.3779685188283281,-0.23806608718630998,0.8946867255674021,-39.927132905853725,14.458357115696426,-20.75339205887884,0.5301095027677367,-0.24001453217034532,0.8132508465549808
680677.9128195001,134,1.0,0.42034836169164835,0.4935104719796721,680677.909035-0 680677.916604-1,-4.1635349999185305,-1.4350197627715913,34.56736587984274,20.151742341310893,14.167491135813156,-22.898463810818964,-0.3779685188283281,-0.23806608718630998,0.8946867255674021,-39.927132905853725,14.458357115696426,-20.75339205887884,0.5276910867750259,-0.23904564893962343,0.8151069222262969
680677.9163875,134,0.8849676847457886,0.42086616169746627,0.49266224134101766,680677.916171-0 680677.916604-1,-4.139478253316389,-1.4099198016470247,34.61342562872685,20.151742341310893,14.167491135813156,-22.898463810818964,-0.3774333302836251,-0.23705295528968032,0.8951815333101105,-39.927132905853725,14.458357115696426,-20.75339205887884,0.5276910867750259,-0.23904564893962343,0.8151069222262969
680677.9212495,135,0.989145040512085,0.4220192702416875,0.48992577668369075,680677.925895-0 680677.916604-1,-4.086239952497246,-1.3270968903508047,34.72183445753229,20.151742341310893,14.167491135813156,-22.898463810818964,-0.3762470922090904,-0.2339934771550981,0.8964849012967653,-39.927132905853725,14.458357115696426,-20.75339205887884,0.5276910867750259,-0.23904564893962343,0.8151069222262969
680677.925097,135,0.989145040512085,0.4223289127619426,0.4868899952590049,680677.925895-0 680677.924299-1,-4.065585118461389,-1.2298115860250656,34.69963593643346,20.151742341310893,14.167491135813156,-22.898463810818964,-0.3762470922090904,-0.2339934771550981,0.8964849012967653,-39.927132905853725,14.458357115696426,-20.75339205887884,0.5282510273655663,-0.2363972037074814,0.8155165321233575
680677.9321455,135,0.989145040512085,0.42341224627388796,0.48335337040476456,680677.925895-0 680677.938396-1,-3.9832366208964594,-1.1117337595364223,34.52459942128469,20.151742341310893,14.167491135813156,-22.898463810818964,-0.3762470922090904,-0.2339934771550981,0.8964849012967653,-39.927132905853725,14.458357115696426,-20.75339205887884,0.5304712459938314,-0.23405278542590272,0.8147512201943166
680677.938386,135,1.0,0.4221035741093475,0.47907252170636694,680677.938376-0 680677.938396-1,-4.0483237670153205,-0.9747755942453731,34.450739782439335,20.151742341310893,14.167491135813156,-22.898463810818964,-0.37767217981052886,-0.2305306028913755,0.896782786257465,-39.927132905853725,14.458357115696426,-20.75339205887884,0.5304712459938314,-0.23405278542590272,0.8147512201943166
680677.9424709999,135,1.0,0.42207040703535814,0.4752900782231946,680677.946546-0 680677.938396-1,-4.052380011377213,-0.8562126660817801,34.47221635289288,20.151742341310893,14.167491135813156,-22.898463810818964,-0.37774875522127405,-0.22698589974998873,0.897654320573051,-39.927132905853725,14.458357115696426,-20.75339205887884,0.5304712459938314,-0.23405278542590272,0.8147512201943166
680677.9469445,135,1.0,0.42254011196241026,0.47359242509874144,680677.946546-0 680677.947343-1,-4.017102852612307,-0.8009632531925073,34.3990805390229,20.151742341310893,14.167491135813156,-22.898463810818964,-0.37774875522127405,-0.22698589974998873,0.897654320573051,-39.927132905853725,14.458357115696426,-20.75339205887884,0.5314233740242252,-0.23288902062722974,0.8144641806807701
680677.9523819999,135,1.0,0.4217617820353429,0.4675694342379815,680677.957421-0 680677.947343-1,-4.057969253257951,-0.6113649616859123,34.37632283394704,20.151742341310893,14.167491135813156,-22.898463810818964,-0.3786341216719453,-0.22165648142740887,0.8986126007056294,-39.927132905853725,14.458357115696426,-20.75339205887884,0.5314233740242252,-0.23288902062722974,0.8144641806807701
680677.9564565,135,1.0,0.42226735807584237,0.4653808956145903,680677.957421-0 680677.955492-1,-4.020681009316162,-0.5414288982233977,34.30283656422026,20.151742341310893,14.167491135813156,-22.898463810818964,-0.3786341216719453,-0.22165648142740887,0.8986126007056294,-39.927132905853725,14.458357115696426,-20.75339205887884,0.532431006998211,-0.23129230180926674,0.8142610723291652
680677.9608205,136,1.0,0.42265285812679165,0.4637317454559312,680677.957421-0 680677.96422-1,-3.9923377287405923,-0.48892478185162513,34.24671229183139,20.151742341310893,14.167491135813156,-22.898463810818964,-0.3786341216719453,-0.22165648142740887,0.8986126007056294,-39.927132905853725,14.458357115696426,-20.75339205887884,0.5331975102260346,-0.23009611463432886,0.8140983927750647
680677.9645634999,136,1.0,0.4249986182692324,0.458611814213717,680677.964907-0 680677.96422-1,-3.884147665861386,-0.3306986937771308,34.45820967842666,20.151742341310893,14.167491135813156,-22.898463810818964,-0.37621831946362466,-0.21577533725773398,0.9010553700696073,-39.927132905853725,14.458357115696426,-20.75339205887884,0.5331975102260346,-0.23009611463432886,0.8140983927750647
680677.9685475,136,1.0,0.4256714105982802,0.4555895742841851,680677.964907-0 680677.972188-1,-3.835332777398561,-0.234961842163532,34.36216446767855,20.151742341310893,14.167491135813156,-22.898463810818964,-0.37621831946362466,-0.21577533725773398,0.9010553700696073,-39.927132905853725,14.458357115696426,-20.75339205887884,0.5345213213001259,-0.22786875488121142,0.8138567365479344
680677.9722455,136,1.0,0.42451819872886054,0.45071815511343905,680677.9723029999-0 680677.972188-1,-3.893400285158185,-0.08207852414949723,34.30195145801283,20.151742341310893,14.167491135813156,-22.898463810818964,-0.37748977617023277,-0.2116980464511128,0.9014906577528854,-39.927132905853725,14.458357115696426,-20.75339205887884,0.5345213213001259,-0.22786875488121142,0.8138567365479344
680677.9753165,136,1.0,0.4243236069291564,0.4503936768327025,680677.9723029999-0 680677.97833-1,-3.909343693128198,-0.07201446374583309,34.34585428239351,20.151742341310893,14.167491135813156,-22.898463810818964,-0.37748977617023277,-0.2116980464511128,0.9014906577528854,-39.927132905853725,14.458357115696426,-20.75339205887884,0.534091652298449,-0.22733081416959813,0.8142891426723681
680677.9793644999,136,1.0,0.42453314461958636,0.4484585789818365,680677.980399-0 680677.97833-1,-3.900622479256496,-0.011359321037584635,34.373111392330905,20.151742341310893,14.167491135813156,-22.898463810818964,-0.3772901182987974,-0.2097698878355265,0.9020248116274573,-39.927132905853725,14.458357115696426,-20.75339205887884,0.534091652298449,-0.22733081416959813,0.8142891426723681
680677.983616,136,1.0,0.42611189922190673,0.4456715144088882,680677.980399-0 680677.986833-1,-3.7804697400053158,0.07543853291574276,34.09189031271697,20.151742341310893,14.167491135813156,-22.898463810818964,-0.3772901182987974,-0.2097698878355265,0.9020248116274573,-39.927132905853725,14.458357115696426,-20.75339205887884,0.5373446775753405,-0.22637353242926522,0.8124135161953854
680677.988103,136,0.9821788966655731,0.4255720087301326,0.44295394633190643,680677.989373-0 680677.986833-1,-3.8077971297459765,0.15987030506585231,34.0662123576435,20.151742341310893,14.167491135813156,-22.898463810818964,-0.3778887067079113,-0.20745567389231212,0.9023094085248744,-39.927132905853725,14.458357115696426,-20.75339205887884,0.5373446775753405,-0.22637353242926522,0.8124135161953854
680677.991616,136,0.9821788966655731,0.42578604101208306,0.4416534947461853,680677.989373-0 680677.993859-1,-3.793024350293358,0.20014230928756938,34.04071486373894,20.151742341310893,14.167491135813156,-22.898463810818964,-0.3778887067079113,-0.20745567389231212,0.9023094085248744,-39.927132905853725,14.458357115696426,-20.75339205887884,0.5377471063688524,-0.2253396475142859,0.8124346698966406
680677.9950975,137,1.0,0.42677014574605776,0.44226954488942616,680677.996336-0 680677.993859-1,-3.7459487244182164,0.181356723750695,34.11205599645374,20.151742341310893,14.167491135813156,-22.898463810818964,-0.3768446627225585,-0.2075793469832495,0.9027175166592971,-39.927132905853725,14.458357115696426,-20.75339205887884,0.5377471063688524,-0.2253396475142859,0.8124346698966406
680677.9982990001,137,1.0,0.4270882590866802,0.4420079880288277,680677.996336-0 680678.000262-1,-3.7216174137376985,0.18915473087609236,34.052053761892076,20.151742341310893,14.167491135813156,-22.898463810818964,-0.3768446627225585,-0.2075793469832495,0.9027175166592971,-39.927132905853725,14.458357115696426,-20.75339205887884,0.5384068668803089,-0.22544434127449417,0.8119685305992089
680678.0030355,137,0.9866194427013397,0.4278292436016648,0.44206603864929395,680678.005809-0 680678.000262-1,-3.6863458360732135,0.18763808277942395,34.108085623529135,20.151742341310893,14.167491135813156,-22.898463810818964,-0.37606163923678043,-0.2072890883627426,0.9031106672718955,-39.927132905853725,14.458357115696426,-20.75339205887884,0.5384068668803089,-0.22544434127449417,0.8119685305992089
680678.0076595,137,0.9866194427013397,0.4277189784126416,0.44296064997242923,680678.005809-0 680678.00951-1,-3.693591148636557,0.1598526761290744,34.11824435266214,20.151742341310893,14.167491135813156,-22.898463810818964,-0.37606163923678043,-0.2072890883627426,0.9031106672718955,-39.927132905853725,14.458357115696426,-20.75339205887884,0.5382086182428208,-0.22619819709830422,0.8118902997810914
680678.010912,137,0.949743926525116,0.4302791667875422,0.4457658780470546,680678.0123139999-0 680678.00951-1,-3.5693441023227255,0.07289951107231918,34.29830259547348,20.151742341310893,14.167491135813156,-22.898463810818964,-0.37331720999825785,-0.2087495572543575,0.9039125417125412,-39.927132905853725,14.458357115696426,-20.75339205887884,0.5382086182428208,-0.22619819709830422,0.8118902997810914
680678.013882,137,0.949743926525116,0.4301480874807126,0.44728025712033137,680678.0123139999-0 680678.01545-1,-3.5773430019035004,0.025541830629191686,34.304540276721056,20.151742341310893,14.167491135813156,-22.898463810818964,-0.37331720999825785,-0.2087495572543575,0.9039125417125412,-39.927132905853725,14.458357115696426,-20.75339205887884,0.5379883955869302,-0.22753937397648985,0.8116614562144661
680678.0182604999,137,0.9990641474723816,0.4333471087473962,0.45023983678720725,680678.021071-0 680678.01545-1,-3.42080477323592,-0.06745182005867445,34.53502183172836,20.151742341310893,14.167491135813156,-22.898463810818964,-0.3698699713908586,-0.21006820579116828,0.9050235097382857,-39.927132905853725,14.458357115696426,-20.75339205887884,0.5379883955869302,-0.22753937397648985,0.8116614562144661
680678.0232645001,137,0.9990641474723816,0.4342463816077279,0.45145363776984937,680678.021071-0 680678.025458-1,-3.351126308902982,-0.10504855052987949,34.34060939155716,20.151742341310893,14.167491135813156,-22.898463810818964,-0.3698699713908586,-0.21006820579116828,0.9050235097382857,-39.927132905853725,14.458357115696426,-20.75339205887884,0.5398842643516828,-0.22971246321079944,0.8097883460207793
680678.0288975,138,0.9873480498790741,0.43693935628346264,0.45779697260654617,680678.032337-0 680678.025458-1,-3.216288236147971,-0.30496917586254835,34.51186583463308,20.151742341310893,14.167491135813156,-22.898463810818964,-0.3669202043488771,-0.21482631966649582,0.9051072953076486,-39.927132905853725,14.458357115696426,-20.75339205887884,0.5398842643516828,-0.22971246321079944,0.8097883460207793
680678.0319625,138,0.9873480498790741,0.437523273109952,0.45657112978038916,680678.032337-0 680678.031588-1,-3.1742545767815216,-0.26563837321847483,34.41273714430631,20.151742341310893,14.167491135813156,-22.898463810818964,-0.3669202043488771,-0.21482631966649582,0.9051072953076486,-39.927132905853725,14.458357115696426,-20.75339205887884,0.5410357449998672,-0.22913501759003024,0.8091832093824336
680678.0355720001,138,0.9873480498790741,0.43753129590534395,0.45649814465048,680678.032337-0 680678.038807-1,-3.173743843371632,-0.26334515719388474,34.41209706225743,20.151742341310893,14.167491135813156,-22.898463810818964,-0.3669202043488771,-0.21482631966649582,0.9051072953076486,-39.927132905853725,14.458357115696426,-20.75339205887884,0.541049851454413,-0.2290723035063801,0.8091915335737507
680678.0395275,138,1.0,0.44053908856489715,0.4596581012788513,680678.040248-0 680678.038807-1,-3.023992116870483,-0.3645292812177141,34.62775864022916,20.151742341310893,14.167491135813156,-22.898463810818964,-0.36364130179572707,-0.2164364267932246,0.9060465091733922,-39.927132905853725,14.458357115696426,-20.75339205887884,0.541049851454413,-0.2290723035063801,0.8091915335737507
680678.043627,138,1.0,0.4400298173505514,0.4603244749101404,680678.040248-0 680678.047006-1,-3.0608207131559677,-0.38659099477531633,34.71949465369703,20.151742341310893,14.167491135813156,-22.898463810818964,-0.36364130179572707,-0.2164364267932246,0.9060465091733922,-39.927132905853725,14.458357115696426,-20.75339205887884,0.5400392383413657,-0.22918999777557159,0.8098330482088953
680678.0484765,138,1.0,0.4409600371742789,0.46458859329963553,680678.049947-0 680678.047006-1,-3.0124260510910705,-0.5220743998472486,34.766354207821365,20.151742341310893,14.167491135813156,-22.898463810818964,-0.3625957542090993,-0.22005136505179448,0.9055946752098183,-39.927132905853725,14.458357115696426,-20.75339205887884,0.5400392383413657,-0.22918999777557159,0.8098330482088953
680678.0529344999,138,1.0,0.44099882996364564,0.4645742384816751,680678.049947-0 680678.055922-1,-3.00958333323063,-0.5215052692783928,34.758893170199435,20.151742341310893,14.167491135813156,-22.898463810818964,-0.3625957542090993,-0.22005136505179448,0.9055946752098183,-39.927132905853725,14.458357115696426,-20.75339205887884,0.5401172086419102,-0.2292160431012291,0.8097736761057912
680678.0565545,138,0.9881556034088135,0.44347642963485934,0.4678417903796086,680678.0571869999-0 680678.055922-1,-2.8840890200084743,-0.6279214031849678,34.935011881277795,20.151742341310893,14.167491135813156,-22.898463810818964,-0.3598645492060124,-0.22202390987230433,0.9062024551223464,-39.927132905853725,14.458357115696426,-20.75339205887884,0.5401172086419102,-0.2292160431012291,0.8097736761057912
680678.0607934999,139,0.9881556034088135,0.44420385354961545,0.4674891638204619,680678.0571869999-0 680678.0644-1,-2.8314767708921273,-0.6142059303970147,34.79665119739104,20.151742341310893,14.167491135813156,-22.898463810818964,-0.3598645492060124,-0.22202390987230433,0.9062024551223464,-39.927132905853725,14.458357115696426,-20.75339205887884,0.5415644654687513,-0.2296116047672192,0.80869428135592
680678.0644014999,139,0.9679832756519318,0.44468498007956525,0.47157161821570515,680678.0644029999-0 680678.0644-1,-2.8053845875081294,-0.7437687896868166,34.808380417579954,20.151742341310893,14.167491135813156,-22.898463810818964,-0.35930902844997875,-0.22566861492470744,0.9055223345187551,-39.927132905853725,14.458357115696426,-20.75339205887884,0.5415644654687513,-0.2296116047672192,0.80869428135592
680678.0685399999,139,0.9679832756519318,0.4456775938398401,0.4707833858405248,680678.0644029999-0 680678.072677-1,-2.7347126463638514,-0.7149198365468559,34.62538747745615,20.151742341310893,14.167491135813156,-22.898463810818964,-0.35930902844997875,-0.22566861492470744,0.9055223345187551,-39.927132905853725,14.458357115696426,-20.75339205887884,0.543513050419708,-0.22983690508576768,0.8073218447955312
680678.0732859999,139,1.0,0.4465787517815111,0.4736091877187766,680678.073895-0 680678.072677-1,-2.6882139543041035,-0.8051499702693379,34.67800232378129,20.151742341310893,14.167491135813156,-22.898463810818964,-0.3583035582040507,-0.22793012779647157,0.9053543046901585,-39.927132905853725,14.458357115696426,-20.75339205887884,0.543513050419708,-0.22983690508576768,0.8073218447955312
680678.0776035,139,1.0,0.44713776026236046,0.4733100901321071,680678.073895-0 680678.0813119999-1,-2.6487332078682044,-0.7932696761564202,34.57407492701881,20.151742341310893,14.167491135813156,-22.898463810818964,-0.3583035582040507,-0.22793012779647157,0.9053543046901585,-39.927132905853725,14.458357115696426,-20.75339205887884,0.544603855766489,-0.23009751078849316,0.8065121051870283
680678.08082,139,0.9631451368331909,0.4507784927880638,0.474755431230265,680678.080328-0 680678.0813119999-1,-2.464146934337565,-0.8452080647188591,34.85355285740844,20.151742341310893,14.167491135813156,-22.898463810818964,-0.354286840457781,-0.22766856091368975,0.9069993721331522,-39.927132905853725,14.458357115696426,-20.75339205887884,0.544603855766489,-0.23009751078849316,0.8065121051870283
680678.0858515,139,1.0,0.45177811656203726,0.4751686675535106,680678.090391-0 680678.0813119999-1,-2.412972312708723,-0.8601320125541445,34.93090931533015,20.151742341310893,14.167491135813156,-22.898463810818964,-0.35317660584708294,-0.22761154241217907,0.9074465663845355,-39.927132905853725,14.458357115696426,-20.75339205887884,0.544603855766489,-0.23009751078849316,0.8065121051870283
680678.090309,140,1.0,0.453384996098412,0.4750759921131815,680678.090391-0 680678.090227-1,-2.301606365846819,-0.8495487086337006,34.62536489684283,20.151742341310893,14.167491135813156,-22.898463810818964,-0.35317660584708294,-0.22761154241217907,0.9074465663845355,-39.927132905853725,14.458357115696426,-20.75339205887884,0.5476985752339683,-0.23156143854432742,0.8039935141939658
680678.0947945,140,1.0,0.4540806307762407,0.4752898130586031,680678.090391-0 680678.099198-1,-2.253822459435419,-0.8529210239298965,34.49168434953096,20.151742341310893,14.167491135813156,-22.898463810818964,-0.35317660584708294,-0.22761154241217907,0.9074465663845355,-39.927132905853725,14.458357115696426,-20.75339205887884,0.5490288109688292,-0.2324344709011427,0.8028334705672525
680678.0980080001,140,1.0,0.45466640903633726,0.4727819753039958,680678.096818-0 680678.099198-1,-2.225004993646179,-0.7755881834433849,34.55460284120558,20.151742341310893,14.167491135813156,-22.898463810818964,-0.35254082490673305,-0.22499318574441413,0.9083463178450494,-39.927132905853725,14.458357115696426,-20.75339205887884,0.5490288109688292,-0.2324344709011427,0.8028334705672525
680678.102033,140,0.9743773937225342,0.45392936587847127,0.47482696500398713,680678.104868-0 680678.099198-1,-2.2616812569184805,-0.8381928544704556,34.48285176878193,20.151742341310893,14.167491135813156,-22.898463810818964,-0.353346122266766,-0.22724416148432178,0.9074726491472495,-39.927132905853725,14.458357115696426,-20.75339205887884,0.5490288109688292,-0.2324344709011427,0.8028334705672525
680678.105548,140,0.9743773937225342,0.4542973072828548,0.4739177505270403,680678.104868-0 680678.106228-1,-2.237292063936236,-0.8082728233590801,34.424750314141804,20.151742341310893,14.167491135813156,-22.898463810818964,-0.353346122266766,-0.22724416148432178,0.9074726491472495,-39.927132905853725,14.458357115696426,-20.75339205887884,0.5497098774492598,-0.2319120458561357,0.8025184444120529
680678.10939,140,1.0,0.45261326556698256,0.46886688160906476,680678.112552-0 680678.106228-1,-2.324408038099591,-0.6483457153199303,34.326007921379976,20.151742341310893,14.167491135813156,-22.898463810818964,-0.355228800243685,-0.22325774524180883,0.9077270948181373,-39.927132905853725,14.458357115696426,-20.75339205887884,0.5497098774492598,-0.2319120458561357,0.8025184444120529
680678.1125459999,140,1.0,0.4530167327874306,0.467090696528358,680678.112552-0 680678.11254-1,-2.29825226037911,-0.591923456978793,34.27185879923818,20.151742341310893,14.167491135813156,-22.898463810818964,-0.355228800243685,-0.22325774524180883,0.9077270948181373,-39.927132905853725,14.458357115696426,-20.75339205887884,0.5504409828217995,-0.23059642473195813,0.8023964190666664
680678.1174979999,140,1.0,0.45354598459319934,0.46715770637154863,680678.112552-0 680678.122444-1,-2.262271772844011,-0.5922608350675338,34.17262018595001,20.151742341310893,14.167491135813156,-22.898463810818964,-0.355228800243685,-0.22325774524180883,0.9077270948181373,-39.927132905853725,14.458357115696426,-20.75339205887884,0.5514433926918106,-0.23117792636006493,0.8015403614418962
680678.121773,141,0.9944462776184082,0.45372941135324113,0.4663326858643164,680678.121102-0 680678.122444-1,-2.253371857076198,-0.5669321091246484,34.192197242928486,20.151742341310893,14.167491135813156,-22.898463810818964,-0.3550315302749731,-0.22240241271442526,0.9080141955550107,-39.927132905853725,14.458357115696426,-20.75339205887884,0.5514433926918106,-0.23117792636006493,0.8015403614418962
680678.125553,141,0.9939784407615662,0.4525508616932171,0.4644307114109001,680678.128662-0 680678.122444-1,-2.313294178954383,-0.5066715445009145,34.11306782074243,20.151742341310893,14.167491135813156,-22.898463810818964,-0.3563355587210871,-0.22115277608898645,0.9078085807146047,-39.927132905853725,14.458357115696426,-20.75339205887884,0.5514433926918106,-0.23117792636006493,0.8015403614418962
680678.1290205,141,0.9939784407615662,0.45324275839410805,0.4621492314566248,680678.128662-0 680678.1293789999-1,-2.268230494985474,-0.4345662523689571,34.012215753419056,20.151742341310893,14.167491135813156,-22.898463810818964,-0.3563355587210871,-0.22115277608898645,0.9078085807146047,-39.927132905853725,14.458357115696426,-20.75339205887884,0.5527029909562589,-0.2296682374227227,0.8011066748611856
680678.1335679999,141,1.0,0.4519599919133689,0.4622830266631225,680678.1377569999-0 680678.1293789999-1,-2.3321590943520683,-0.43748061093498514,33.912839257101986,20.151742341310893,14.167491135813156,-22.898463810818964,-0.35773724211975977,-0.22185804696263417,0.9070849313038299,-39.927132905853725,14.458357115696426,-20.75339205887884,0.5527029909562589,-0.2296682374227227,0.8011066748611856
680678.1374619999,141,1.0,0.4535898694398425,0.4607228436027301,680678.1377569999-0 680678.137167-1,-2.2240218915784506,-0.386087923933208,33.63364663644417,20.151742341310893,14.167491135813156,-22.898463810818964,-0.35773724211975977,-0.22185804696263417,0.9070849313038299,-39.927132905853725,14.458357115696426,-20.75339205887884,0.5557212737543284,-0.22978091158305367,0.7989834782828287
680678.141826,141,1.0,0.4538062569709078,0.4592806899458288,680678.1377569999-0 680678.145895-1,-2.210724093502506,-0.34174667580182483,33.61131497277476,20.151742341310893,14.167491135813156,-22.898463810818964,-0.35773724211975977,-0.22185804696263417,0.9070849313038299,-39.927132905853725,14.458357115696426,-20.75339205887884,0.5560951579910802,-0.22861690850681,0.7990572472630886
680678.1451399999,141,0.9779309034347534,0.45257522164135666,0.4559195760927911,680678.144385-0 680678.145895-1,-2.272895326393046,-0.23854700693900632,33.5395532256535,20.151742341310893,14.167491135813156,-22.898463810818964,-0.3590938736525644,-0.21929103970150893,0.9071730980423894,-39.927132905853725,14.458357115696426,-20.75339205887884,0.5560951579910802,-0.22861690850681,0.7990572472630886
680678.1491415,141,1.0,0.4401710269665312,0.4490264842852886,680678.1523879999-0 680678.145895-1,-2.8724435695995627,-0.027644774342873824,32.669863386385316,20.151742341310893,14.167491135813156,-22.898463810818964,-0.3723663018845737,-0.21851541608475047,0.9019946508456215,-39.927132905853725,14.458357115696426,-20.75339205887884,0.5560951579910802,-0.22861690850681,0.7990572472630886
680678.1532765,142,1.0,0.43422703177251876,0.4519405779872163,680678.1523879999-0 680678.154165-1,-3.2934039439527183,-0.11817768274187035,33.738128850511195,20.151742341310893,14.167491135813156,-22.898463810818964,-0.3723663018845737,-0.21851541608475047,0.9019946508456215,-39.927132905853725,14.458357115696426,-20.75339205887884,0.5445235894536709,-0.22516111583365095,0.8079582491967237
680678.158268,142,1.0,0.4092119042320279,0.44841431136158083,680678.162371-0 680678.154165-1,-4.433613881453065,-0.009322975914090925,31.962108055069894,20.151742341310893,14.167491135813156,-22.898463810818964,-0.39798915072291824,-0.22633462211360197,0.8890316500212707,-39.927132905853725,14.458357115696426,-20.75339205887884,0.5445235894536709,-0.22516111583365095,0.8079582491967237
680678.1627760001,142,0.995,0.3922158784844054,0.47269285162367625,680678.162371-0 680678.163181-1,-5.8804997484983215,-0.7959713965752053,35.20515861853188,20.151742341310893,14.167491135813156,-22.898463810818964,-0.39798915072291824,-0.22633462211360197,0.8890316500212707,-39.927132905853725,14.458357115696426,-20.75339205887884,0.5061958410517661,-0.2292643957204522,0.8313865571181861
680678.1660075,142,0.995,0.3619628315770155,0.4638571968998827,680678.168834-0 680678.163181-1,-7.198187348286442,-0.4819582233897064,32.97280611059199,20.151742341310893,14.167491135813156,-22.898463810818964,-0.427983505003573,-0.23102223217406703,0.8737613219215921,-39.927132905853725,14.458357115696426,-20.75339205887884,0.5061958410517661,-0.2292643957204522,0.8313865571181861
680678.1702215,142,0.995,0.34742114062632423,0.4868190782556422,680678.168834-0 680678.171609-1,-8.868763728767188,-1.314555888218841,36.404015918234826,20.151742341310893,14.167491135813156,-22.898463810818964,-0.427983505003573,-0.23102223217406703,0.8737613219215921,-39.927132905853725,14.458357115696426,-20.75339205887884,0.4640410162866778,-0.23292238627277465,0.8546420871783835
680678.173979,142,0.995,0.3136536404856301,0.4797186001337129,680678.176349-0 680678.171609-1,-10.254129786486727,-1.0096615377040896,33.75482598288851,20.151742341310893,14.167491135813156,-22.898463810818964,-0.4603595689325539,-0.23863002648388879,0.855058347571984,-39.927132905853725,14.458357115696426,-20.75339205887884,0.4640410162866778,-0.23292238627277465,0.8546420871783835
680678.1789094999,142,0.995,0.3033887477039372,0.49849221857963066,680678.176349-0 680678.18147-1,-11.883313708107952,-1.7644317986778084,36.80744086018017,20.151742341310893,14.167491135813156,-22.898463810818964,-0.4603595689325539,-0.23863002648388879,0.855058347571984,-39.927132905853725,14.458357115696426,-20.75339205887884,0.4246921291330858,-0.23584179700800756,0.8740796544002384
680678.183285,142,0.9764130067825317,0.28840771527286446,0.5012099965235899,680678.1851-0 680678.18147-1,-12.46493847840244,-1.808895216996774,35.514608366429265,20.151742341310893,14.167491135813156,-22.898463810818964,-0.4743630031409696,-0.24782722037884203,0.8447256419041493,-39.927132905853725,14.458357115696426,-20.75339205887884,0.4246921291330858,-0.23584179700800756,0.8740796544002384
680678.1870919999,143,0.9764130067825317,0.28123431360565804,0.5196837975180323,680678.1851-0 680678.189084-1,-13.869388409950478,-2.6213913190939637,37.99351676582762,20.151742341310893,14.167491135813156,-22.898463810818964,-0.4743630031409696,-0.24782722037884203,0.8447256419041493,-39.927132905853725,14.458357115696426,-20.75339205887884,0.3920270716501002,-0.24298220704256981,0.8872848596443923
680678.1907879999,143,0.995,0.2524042472404294,0.5137914920171096,680678.192492-0 680678.189084-1,-14.954383722128629,-2.2852158185110065,35.446358518186585,20.151742341310893,14.167491135813156,-22.898463810818964,-0.5013399503342061,-0.2544765279590335,0.8269824368853371,-39.927132905853725,14.458357115696426,-20.75339205887884,0.3920270716501002,-0.24298220704256981,0.8872848596443923
680678.1951639999,143,1.0,0.2497835471312153,0.5220504460466572,680678.192492-0 680678.197836-1,-15.607878090889194,-2.6560955035208123,36.513558576696646,20.151742341310893,14.167491135813156,-22.898463810818964,-0.5013399503342061,-0.2544765279590335,0.8269824368853371,-39.927132905853725,14.458357115696426,-20.75339205887884,0.37709495647160224,-0.2464262057725384,0.8927897394752198
680678.1992585,143,1.0,0.24195683652186717,0.5242770308771001,680678.200681-0 680678.197836-1,-15.88318905194196,-2.6980857205082254,35.79968690428264,20.151742341310893,14.167491135813156,-22.898463810818964,-0.5083749253659341,-0.26017628257220643,0.8208917329624461,-39.927132905853725,14.458357115696426,-20.75339205887884,0.37709495647160224,-0.2464262057725384,0.8927897394752198
680678.203291,143,1.0,0.2416796386663737,0.5267867746176891,680678.200681-0 680678.205901-1,-15.934910784180591,-2.7929577517511897,35.86318242162462,20.151742341310893,14.167491135813156,-22.898463810818964,-0.5083749253659341,-0.26017628257220643,0.8208917329624461,-39.927132905853725,14.458357115696426,-20.75339205887884,0.3759116983505676,-0.24865669069062027,0.8926702891986386
680678.2076544999,143,1.0,0.24256362059735664,0.5296248982530725,680678.209408-0 680678.205901-1,-15.899429920545353,-2.8973396321941793,35.9245490988151,20.151742341310893,14.167491135813156,-22.898463810818964,-0.507468000535742,-0.2626617981097883,0.8206613237176398,-39.927132905853725,14.458357115696426,-20.75339205887884,0.3759116983505676,-0.24865669069062027,0.8926702891986386
680678.2121585,143,1.0,0.24398214014692488,0.5296955410708932,680678.209408-0 680678.214909-1,-15.4572628527374,-2.8351538768601943,35.15924466039063,20.151742341310893,14.167491135813156,-22.898463810818964,-0.507468000535742,-0.2626617981097883,0.8206613237176398,-39.927132905853725,14.458357115696426,-20.75339205887884,0.3859762691408474,-0.2520447416905725,0.8874095829132366
680678.2158349999,144,1.0,0.2491887934564599,0.530601857630213,680678.216761-0 680678.214909-1,-15.271791053131404,-2.8923027119368365,35.60412596311794,20.151742341310893,14.167491135813156,-22.898463810818964,-0.5027532799882422,-0.26134322361005674,0.8239774626372784,-39.927132905853725,14.458357115696426,-20.75339205887884,0.3859762691408474,-0.2520447416905725,0.8874095829132366
680678.2195059999,144,1.0,0.25001972964810065,0.5293240471098242,680678.216761-0 680678.222251-1,-15.047568622879329,-2.815240715530213,35.22447409926773,20.151742341310893,14.167491135813156,-22.898463810818964,-0.5027532799882422,-0.26134322361005674,0.8239774626372784,-39.927132905853725,14.458357115696426,-20.75339205887884,0.3911206343699023,-0.2524248807569469,0.8850459473637096
680678.224411,144,1.0,0.2559247661887043,0.5306965327609782,680678.226571-0 680678.222251-1,-14.834031711446192,-2.8919696365880077,35.72519469550914,20.151742341310893,14.167491135813156,-22.898463810818964,-0.4973688546630574,-0.2602065673433835,0.8275969820646589,-39.927132905853725,14.458357115696426,-20.75339205887884,0.3911206343699023,-0.2524248807569469,0.8850459473637096
680678.2276359999,144,1.0,0.25658010122369024,0.5310914697181854,680678.226571-0 680678.228701-1,-14.650079993213113,-2.8776585939839245,35.393966510776416,20.151742341310893,14.167491135813156,-22.898463810818964,-0.4973688546630574,-0.2602065673433835,0.8275969820646589,-39.927132905853725,14.458357115696426,-20.75339205887884,0.3953482083180649,-0.25423196390679675,0.8826470997560626
680678.2306855,144,1.0,0.2544247267919296,0.5268583980502939,680678.2326699999-0 680678.228701-1,-14.733714135457237,-2.721874290460904,35.235861122059546,20.151742341310893,14.167491135813156,-22.898463810818964,-0.49946295398471385,-0.2569022940672185,0.827368097584058,-39.927132905853725,14.458357115696426,-20.75339205887884,0.3953482083180649,-0.25423196390679675,0.8826470997560626
680678.235382,144,1.0,0.25495366386602036,0.5278034788735485,680678.2326699999-0 680678.238094-1,-14.577262863738225,-2.731289706698276,34.94889504079783,20.151742341310893,14.167491135813156,-22.898463810818964,-0.49946295398471385,-0.2569022940672185,0.827368097584058,-39.927132905853725,14.458357115696426,-20.75339205887884,0.3989613767778094,-0.2564114269688591,0.8803879826300153
680678.240571,144,1.0,0.2488711073761701,0.5218063613814783,680678.243048-0 680678.238094-1,-14.801694506892309,-2.5012727291791252,34.47742668202556,20.151742341310893,14.167491135813156,-22.898463810818964,-0.5051058832164385,-0.25353572024776533,0.824977384719477,-39.927132905853725,14.458357115696426,-20.75339205887884,0.3989613767778094,-0.2564114269688591,0.8803879826300153
680678.244676,144,1.0,0.24984572136260746,0.5196152538220479,680678.243048-0 680678.246304-1,-14.55931696496315,-2.3967023222820805,34.076151491379925,20.151742341310893,14.167491135813156,-22.898463810818964,-0.5051058832164385,-0.25353572024776533,0.824977384719477,-39.927132905853725,14.458357115696426,-20.75339205887884,0.40461719805544544,-0.2561167893646973,0.8778890096380519
680678.247724,144,1.0,0.24684826074271768,0.5164274965239266,680678.249144-0 680678.246304-1,-14.66873845963621,-2.2792204141582344,33.85205921869555,20.151742341310893,14.167491135813156,-22.898463810818964,-0.5078609296203963,-0.25167229367904026,0.8238557718189741,-39.927132905853725,14.458357115696426,-20.75339205887884,0.40461719805544544,-0.2561167893646973,0.8778890096380519
680678.2525454999,145,1.0,0.24787572966221902,0.5098425097866996,680678.249144-0 680678.255947-1,-14.474485439707168,-2.040831185318676,33.580468111527125,20.151742341310893,14.167491135813156,-22.898463810818964,-0.5078609296203963,-0.25167229367904026,0.8238557718189741,-39.927132905853725,14.458357115696426,-20.75339205887884,0.40920022086526797,-0.2510685243570593,0.8772227626555209
680678.2565355,145,1.0,0.24677008992047084,0.5091923142578498,680678.257124-0 680678.255947-1,-14.513802944269143,-2.015806418642236,33.49640907730897,20.151742341310893,14.167491135813156,-22.898463810818964,-0.5088516937610454,-0.2515061497358976,0.8232949716848386,-39.927132905853725,14.458357115696426,-20.75339205887884,0.40920022086526797,-0.2510685243570593,0.8772227626555209
680678.2595975,145,1.0,0.24757442440164978,0.504852954707798,680678.257124-0 680678.262071-1,-14.352856535117427,-1.857945811117422,33.25955991949436,20.151742341310893,14.167491135813156,-22.898463810818964,-0.5088516937610454,-0.2515061497358976,0.8232949716848386,-39.927132905853725,14.458357115696426,-20.75339205887884,0.4130111145820035,-0.24806752312964506,0.8762900907804753
680678.2636714999,145,1.0,0.23574103439484442,0.4933511791104789,680678.265272-0 680678.262071-1,-14.77408395957306,-1.4554195327381727,32.40664675289947,20.151742341310893,14.167491135813156,-22.898463810818964,-0.5194959585446807,-0.24539854506260775,0.8184763302239706,-39.927132905853725,14.458357115696426,-20.75339205887884,0.4130111145820035,-0.24806752312964506,0.8762900907804753
680678.2669315,145,1.0,0.2364046901105064,0.4891666922468191,680678.265272-0 680678.268591-1,-14.64488537379351,-1.3127305063119517,32.22734656260099,20.151742341310893,14.167491135813156,-22.898463810818964,-0.5194959585446807,-0.24539854506260775,0.8184763302239706,-39.927132905853725,14.458357115696426,-20.75339205887884,0.4160977016305647,-0.24504157965524692,0.8756810646221732
680678.2708865,145,1.0,0.23932441262998988,0.4909678850450968,680678.273182-0 680678.268591-1,-14.54374585876179,-1.3763484449243988,32.43914810483088,20.151742341310893,14.167491135813156,-22.898463810818964,-0.5169322250970365,-0.24588403539117673,0.8199525082564093,-39.927132905853725,14.458357115696426,-20.75339205887884,0.4160977016305647,-0.24504157965524692,0.8756810646221732
680678.2758255,145,1.0,0.23959925335074347,0.4884528801373328,680678.273182-0 680678.278469-1,-14.503715714371126,-1.2934781598577159,32.39444941660486,20.151742341310893,14.167491135813156,-22.898463810818964,-0.5169322250970365,-0.24588403539117673,0.8199525082564093,-39.927132905853725,14.458357115696426,-20.75339205887884,0.41705989879053884,-0.2428904099964886,0.8758226358987091
680678.2801635,145,1.0,0.24161241814328474,0.4871257388405169,680678.281858-0 680678.278469-1,-14.43783284948082,-1.2551817710260949,32.55360119541989,20.151742341310893,14.167491135813156,-22.898463810818964,-0.5152604700863256,-0.24373333039584213,0.8216451251121555,-39.927132905853725,14.458357115696426,-20.75339205887884,0.41705989879053884,-0.2428904099964886,0.8758226358987091
680678.2835995,146,1.0,0.2417393033542393,0.4874712128882408,680678.281858-0 680678.285341-1,-14.396916547387777,-1.2633294869745377,32.48023831004935,20.151742341310893,14.167491135813156,-22.898463810818964,-0.5152604700863256,-0.24373333039584213,0.8216451251121555,-39.927132905853725,14.458357115696426,-20.75339205887884,0.41803172784632187,-0.24360957675157285,0.875159327567694
680678.287802,146,1.0,0.24012916382467772,0.4852532698434613,680678.290263-0 680678.285341-1,-14.455029599938504,-1.1894600021215966,32.36930171393202,20.151742341310893,14.167491135813156,-22.898463810818964,-0.5167266587022494,-0.2422838533187707,0.8211529057413226,-39.927132905853725,14.458357115696426,-20.75339205887884,0.41803172784632187,-0.24360957675157285,0.875159327567694
680678.2909925,146,1.0,0.24019804701371816,0.48447116038759463,680678.290263-0 680678.291722-1,-14.447578539803468,-1.164154343044152,32.36387871006156,20.151742341310893,14.167491135813156,-22.898463810818964,-0.5167266587022494,-0.2422838533187707,0.8211529057413226,-39.927132905853725,14.458357115696426,-20.75339205887884,0.4182123283865979,-0.24289679305241216,0.8752711558770311
680678.2940555001,146,1.0,0.23950935046152622,0.48509015072251926,680678.296389-0 680678.291722-1,-14.469776251428405,-1.1825735070340988,32.308998094603346,20.151742341310893,14.167491135813156,-22.898463810818964,-0.5172905437161984,-0.24317918850054682,0.8205329826777317,-39.927132905853725,14.458357115696426,-20.75339205887884,0.4182123283865979,-0.24289679305241216,0.8752711558770311
680678.298092,146,1.0,0.23951035980670032,0.4835856403322897,680678.296389-0 680678.299795-1,-14.492874570328453,-1.1363269274674792,32.362359955517036,20.151742341310893,14.167491135813156,-22.898463810818964,-0.5172905437161984,-0.24317918850054682,0.8205329826777317,-39.927132905853725,14.458357115696426,-20.75339205887884,0.4176684068485299,-0.24118049885264972,0.8760051762939517
680678.3028555,146,1.0,0.23697886682866262,0.48159378999678804,680678.305916-0 680678.299795-1,-14.581319882270066,-1.0685533752635994,32.18129609959008,20.151742341310893,14.167491135813156,-22.898463810818964,-0.5195303302092202,-0.24235170161685587,0.8193618789741886,-39.927132905853725,14.458357115696426,-20.75339205887884,0.4176684068485299,-0.24118049885264972,0.8760051762939517
680678.30735,146,1.0,0.23755650388271987,0.47767302386979027,680678.305916-0 680678.308784-1,-14.476530870883494,-0.9388980835612859,32.03934769156883,20.151742341310893,14.167491135813156,-22.898463810818964,-0.5195303302092202,-0.24235170161685587,0.8193618789741886,-39.927132905853725,14.458357115696426,-20.75339205887884,0.4201846333439139,-0.2382493373794493,0.8756038642787582
680678.311092,146,1.0,0.23583023348769977,0.4797426245406615,680678.3134-0 680678.308784-1,-14.530631173337712,-1.001579738232512,31.9013184225671,20.151742341310893,14.167491135813156,-22.898463810818964,-0.5209081661422634,-0.245091406812705,0.8176704010497585,-39.927132905853725,14.458357115696426,-20.75339205887884,0.4201846333439139,-0.2382493373794493,0.8756038642787582
680678.315986,147,1.0,0.23609933308358505,0.4779450371007743,680678.3134-0 680678.318572-1,-14.481134278089453,-0.9424940206677448,31.83383988699331,20.151742341310893,14.167491135813156,-22.898463810818964,-0.5209081661422634,-0.245091406812705,0.8176704010497585,-39.927132905853725,14.458357115696426,-20.75339205887884,0.4213757494589478,-0.23692676139723617,0.8753903058074879
680678.320864,147,1.0,0.23767490664971902,0.47945387878155854,680678.323156-0 680678.318572-1,-14.425965475582162,-0.9923615592604387,31.943360656919573,20.151742341310893,14.167491135813156,-22.898463810818964,-0.5195117929335843,-0.2458601089875993,0.8183277484061858,-39.927132905853725,14.458357115696426,-20.75339205887884,0.4213757494589478,-0.23692676139723617,0.8753903058074879
680678.3241069999,147,1.0,0.238009275639034,0.47826347344446407,680678.323156-0 680678.3250579999-1,-14.349286259141126,-0.9508801734844416,31.823990383387212,20.151742341310893,14.167491135813156,-22.898463810818964,-0.5195117929335843,-0.2458601089875993,0.8183277484061858,-39.927132905853725,14.458357115696426,-20.75339205887884,0.42321585161257524,-0.23646742350736272,0.8746264920316742
680678.3274079999,147,1.0,0.23891593711681525,0.4790918810168917,680678.329758-0 680678.3250579999-1,-14.317559797737376,-0.9782605779685518,31.886947559035928,20.151742341310893,14.167491135813156,-22.898463810818964,-0.5187100787504464,-0.24626400588350858,0.8187147815991312,-39.927132905853725,14.458357115696426,-20.75339205887884,0.42321585161257524,-0.23646742350736272,0.8746264920316742
680678.3303294999,147,1.0,0.23900377590757627,0.48258477813119427,680678.329758-0 680678.330901-1,-14.23970067156028,-1.0828648102821132,31.72314322796431,20.151742341310893,14.167491135813156,-22.898463810818964,-0.5187100787504464,-0.24626400588350858,0.8187147815991312,-39.927132905853725,14.458357115696426,-20.75339205887884,0.42506739915450126,-0.24066128317300373,0.8725822900778762
680678.334186,147,0.9866790771484375,0.23950256171963344,0.48118212044432507,680678.337471-0 680678.330901-1,-14.225421554300487,-1.0398403783201875,31.76641324749142,20.151742341310893,14.167491135813156,-22.898463810818964,-0.5183455671828896,-0.24470943877954748,0.8194114738969959,-39.927132905853725,14.458357115696426,-20.75339205887884,0.42506739915450126,-0.24066128317300373,0.8725822900778762
680678.3394665001,147,0.9866790771484375,0.23945026142451012,0.48336898140346407,680678.337471-0 680678.341462-1,-14.206486492207624,-1.1068167043335704,31.714204526498893,20.151742341310893,14.167491135813156,-22.898463810818964,-0.5183455671828896,-0.24470943877954748,0.8194114738969959,-39.927132905853725,14.458357115696426,-20.75339205887884,0.42551278729813735,-0.24300209683475646,0.8717160367801441
680678.34415,147,1.0,0.2408865791032658,0.4859457432174408,680678.346838-0 680678.341462-1,-14.154110054813478,-1.189926674312332,31.80700744240857,20.151742341310893,14.167491135813156,-22.898463810818964,-0.5170277661622635,-0.2465607715853413,0.8196890111087867,-39.927132905853725,14.458357115696426,-20.75339205887884,0.42551278729813735,-0.24300209683475646,0.8717160367801441
680678.347293,147,1.0,0.2409892656502554,0.48699093443320374,680678.346838-0 680678.347748-1,-14.110277400741541,-1.2194708825473706,31.72255903244018,20.151742341310893,14.167491135813156,-22.898463810818964,-0.5170277661622635,-0.2465607715853413,0.8196890111087867,-39.927132905853725,14.458357115696426,-20.75339205887884,0.42656041654560717,-0.24443962590760956,0.8708016308681249
680678.3515705,148,1.0,0.24168448120399857,0.4882307833876529,680678.355393-0 680678.347748-1,-14.08492469805661,-1.259507224250643,31.767323170643916,20.151742341310893,14.167491135813156,-22.898463810818964,-0.5163906925592707,-0.24744966715917904,0.8198227338034536,-39.927132905853725,14.458357115696426,-20.75339205887884,0.42656041654560717,-0.24443962590760956,0.8708016308681249
680678.35674,148,1.0,0.2417834260649523,0.4883754100389097,680678.355393-0 680678.358087-1,-14.055865427128893,-1.261928361325503,31.716310672193003,20.151742341310893,14.167491135813156,-22.898463810818964,-0.5163906925592707,-0.24744966715917904,0.8198227338034536,-39.927132905853725,14.458357115696426,-20.75339205887884,0.42725759373794786,-0.24484963691839548,0.8703445317195878
680678.3607495,148,1.0,0.24338831620329673,0.4907629238062947,680678.363412-0 680678.358087-1,-13.9980419635642,-1.3396792349672415,31.82181936844902,20.151742341310893,14.167491135813156,-22.898463810818964,-0.5149383266772345,-0.24904962017111265,0.8202516726051061,-39.927132905853725,14.458357115696426,-20.75339205887884,0.42725759373794786,-0.24484963691839548,0.8703445317195878
680678.3639395,148,1.0,0.24370901943029835,0.49028591993610315,680678.363412-0 680678.364467-1,-13.919250708752845,-1.3189356990829708,31.69108619686919,20.151742341310893,14.167491135813156,-22.898463810818964,-0.5149383266772345,-0.24904962017111265,0.8202516726051061,-39.927132905853725,14.458357115696426,-20.75339205887884,0.42915272003712396,-0.2451011602975734,0.8693407640882375
680678.3679915001,148,1.0,0.24637572482558717,0.4946952488594597,680678.371516-0 680678.364467-1,-13.822186074696782,-1.4620702947817144,31.863340306260007,20.151742341310893,14.167491135813156,-22.898463810818964,-0.5125072210398925,-0.2521288908782491,0.8208333392147704,-39.927132905853725,14.458357115696426,-20.75339205887884,0.42915272003712396,-0.2451011602975734,0.8693407640882375
680678.371539,148,1.0,0.2467026705644962,0.4939003768222905,680678.371516-0 680678.371562-1,-13.748316013964084,-1.4313459408090674,31.74329799220654,20.151742341310893,14.167491135813156,-22.898463810818964,-0.5125072210398925,-0.2521288908782491,0.8208333392147704,-39.927132905853725,14.458357115696426,-20.75339205887884,0.43093236453844824,-0.24498991350938187,0.8684913583173798
680678.376199,148,1.0,0.2397963305213388,0.4909209968572973,680678.380836-0 680678.371562-1,-13.984258555835845,-1.3244002781068387,31.259966352746538,20.151742341310893,14.167491135813156,-22.898463810818964,-0.5184405799126733,-0.2521793774164078,0.8170831822438174,-39.927132905853725,14.458357115696426,-20.75339205887884,0.43093236453844824,-0.24498991350938187,0.8684913583173798
680678.3811540001,148,1.0,0.23817389649701334,0.49145100837431677,680678.380836-0 680678.381472-1,-14.427860078209955,-1.3745713817269412,32.00831207845166,20.151742341310893,14.167491135813156,-22.898463810818964,-0.5184405799126733,-0.2521793774164078,0.8170831822438174,-39.927132905853725,14.458357115696426,-20.75339205887884,0.42028548688431844,-0.2414841694563227,0.8746687975550526
680678.3853025,148,0.9923970997333527,0.22423206520867067,0.49238231602289795,680678.3891329999-0 680678.381472-1,-14.884834210048801,-1.3739483242091133,30.98187463758412,20.151742341310893,14.167491135813156,-22.898463810818964,-0.5300792301610616,-0.2589609340753677,0.807437455394948,-39.927132905853725,14.458357115696426,-20.75339205887884,0.42028548688431844,-0.2414841694563227,0.8746687975550526
680678.389251,149,0.9923970997333527,0.22163737816341098,0.5017693094102231,680678.3891329999-0 680678.389369-1,-15.577805131172545,-1.7259546712169387,32.03457116806232,20.151742341310893,14.167491135813156,-22.898463810818964,-0.5300792301610616,-0.2589609340753677,0.807437455394948,-39.927132905853725,14.458357115696426,-20.75339205887884,0.4037517568460828,-0.24479268499127838,0.8815106693730157
680678.393515,149,1.0,0.2142252405843979,0.4956827891173713,680678.397661-0 680678.389369-1,-15.828558708727307,-1.5139197376543443,31.504031320967663,20.151742341310893,14.167491135813156,-22.898463810818964,-0.5365564926542733,-0.2562743596204438,0.804009068849149,-39.927132905853725,14.458357115696426,-20.75339205887884,0.4037517568460828,-0.24479268499127838,0.8815106693730157
680678.396617,149,1.0,0.2129585658707296,0.4989238193974209,680678.397661-0 680678.395573-1,-16.240986228886115,-1.6516413910720704,32.13982988868204,20.151742341310893,14.167491135813156,-22.898463810818964,-0.5365564926542733,-0.2562743596204438,0.804009068849149,-39.927132905853725,14.458357115696426,-20.75339205887884,0.3940152824497029,-0.2445423172606804,0.8859746115238615
680678.4013189999,149,1.0,0.21268046218121378,0.5003923266049397,680678.397661-0 680678.404977-1,-16.317997590241582,-1.70570641016357,32.25032756139306,20.151742341310893,14.167491135813156,-22.898463810818964,-0.5365564926542733,-0.2562743596204438,0.804009068849149,-39.927132905853725,14.458357115696426,-20.75339205887884,0.3922034654215881,-0.2453843056361107,0.8865455342275325
680678.4050004999,149,1.0,0.21223401901818018,0.4977921799138698,680678.405024-0 680678.404977-1,-16.336919130367967,-1.6202682730023916,32.22847636888927,20.151742341310893,14.167491135813156,-22.898463810818964,-0.5370475444702418,-0.2539280952791253,0.8044255449738024,-39.927132905853725,14.458357115696426,-20.75339205887884,0.3922034654215881,-0.2453843056361107,0.8865455342275325
680678.40807,149,1.0,0.21247928621142026,0.4956195524978674,680678.405024-0 680678.411116-1,-16.28776687709123,-1.546157636532599,32.169511049622216,20.151742341310893,14.167491135813156,-22.898463810818964,-0.5370475444702418,-0.2539280952791253,0.8044255449738024,-39.927132905853725,14.458357115696426,-20.75339205887884,0.3933658452914896,-0.24359662264816848,0.886523545763178
680678.41192,149,1.0,0.2137141035774436,0.49349982133711745,680678.4127239999-0 680678.411116-1,-16.251507165906553,-1.4804203276532304,32.27611522485181,20.151742341310893,14.167491135813156,-22.898463810818964,-0.5360985130878453,-0.25130940924952255,0.8058796219583029,-39.927132905853725,14.458357115696426,-20.75339205887884,0.3933658452914896,-0.24359662264816848,0.886523545763178
680678.4168669999,149,1.0,0.2142371163687181,0.4882955974173384,680678.4127239999-0 680678.4210099999-1,-16.161510983059863,-1.3060193300888292,32.17849356434793,20.151742341310893,14.167491135813156,-22.898463810818964,-0.5360985130878453,-0.25130940924952255,0.8058796219583029,-39.927132905853725,14.458357115696426,-20.75339205887884,0.39550232040915206,-0.23909390728851748,0.8867987472073279
680678.4215285,149,1.0,0.21653826840607127,0.4882472618453425,680678.422047-0 680678.4210099999-1,-16.0868549829993,-1.3091510764452439,32.357718059525645,20.151742341310893,14.167491135813156,-22.898463810818964,-0.5341552098208293,-0.25024058314622,0.8075009983696028,-39.927132905853725,14.458357115696426,-20.75339205887884,0.39550232040915206,-0.23909390728851748,0.8867987472073279
680678.425579,150,1.0,0.2171412171895561,0.48505179078246974,680678.422047-0 680678.429111-1,-15.929355057314014,-1.1958309047424294,32.13056113388133,20.151742341310893,14.167491135813156,-22.898463810818964,-0.5341552098208293,-0.25024058314622,0.8075009983696028,-39.927132905853725,14.458357115696426,-20.75339205887884,0.39921967434597594,-0.23724569970343712,0.8856286634856164
680678.4294895,150,1.0,0.21691595000857763,0.48268009309378457,680678.429868-0 680678.429111-1,-15.940895862363792,-1.1190540134144058,32.124333751726695,20.151742341310893,14.167491135813156,-22.898463810818964,-0.5344514711856022,-0.24802601506932817,0.8079880697116599,-39.927132905853725,14.458357115696426,-20.75339205887884,0.39921967434597594,-0.23724569970343712,0.8856286634856164
680678.4341915,150,1.0,0.21738321033337318,0.4809435869289014,680678.429868-0 680678.4385149999-1,-15.80602133649128,-1.0556941558940212,31.920472920807423,20.151742341310893,14.167491135813156,-22.898463810818964,-0.5344514711856022,-0.24802601506932817,0.8079880697116599,-39.927132905853725,14.458357115696426,-20.75339205887884,0.40240980350957634,-0.2367072019361085,0.8843280220545783
680678.4385595,150,1.0,0.21700961982387276,0.47967918279170607,680678.438604-0 680678.4385149999-1,-15.82040605019146,-1.0146544535294524,31.897829210060646,20.151742341310893,14.167491135813156,-22.898463810818964,-0.534822379747672,-0.24696153290070985,0.8080686996712396,-39.927132905853725,14.458357115696426,-20.75339205887884,0.40240980350957634,-0.2367072019361085,0.8843280220545783
680678.4415875,150,1.0,0.21721842495217708,0.47992274887755515,680678.438604-0 680678.4445709999-1,-15.739801649960084,-1.0180263834454468,31.764501664400097,20.151742341310893,14.167491135813156,-22.898463810818964,-0.534822379747672,-0.24696153290070985,0.8080686996712396,-39.927132905853725,14.458357115696426,-20.75339205887884,0.40431552263684706,-0.23768780123850114,0.883195033555613
680678.4445084999,150,1.0,0.21769037898212176,0.4791146985179965,680678.444446-0 680678.4445709999-1,-15.725942366465398,-0.9930165362733945,31.80390844764626,20.151742341310893,14.167491135813156,-22.898463810818964,-0.5344622694603463,-0.24596809161205782,0.8086097825478109,-39.927132905853725,14.458357115696426,-20.75339205887884,0.40431552263684706,-0.23768780123850114,0.883195033555613
680678.447831,150,1.0,0.2132730664157311,0.4720047800789343,680678.451091-0 680678.4445709999-1,-15.881357316380647,-0.7610902571573837,31.502468409156847,20.151742341310893,14.167491135813156,-22.898463810818964,-0.5384806635431966,-0.24102840446412238,0.8074304200558448,-39.927132905853725,14.458357115696426,-20.75339205887884,0.40431552263684706,-0.23768780123850114,0.883195033555613
680678.451137,150,1.0,0.21332024241227954,0.4709361920502644,680678.451091-0 680678.451183-1,-15.887384744232149,-0.7275165203990719,31.52174461003101,20.151742341310893,14.167491135813156,-22.898463810818964,-0.5384806635431966,-0.24102840446412238,0.8074304200558448,-39.927132905853725,14.458357115696426,-20.75339205887884,0.40417740206055264,-0.2365537182135019,0.8835626554257198
680678.4555774999,150,1.0,0.21097252508443498,0.46889766055464865,680678.459972-0 680678.451183-1,-15.966407404231601,-0.6604788101066088,31.354511631862408,20.151742341310893,14.167491135813156,-22.898463810818964,-0.5405317761988121,-0.24010097307861206,0.8063354895116923,-39.927132905853725,14.458357115696426,-20.75339205887884,0.40417740206055264,-0.2365537182135019,0.8835626554257198
680678.4596770001,151,1.0,0.2111763901327947,0.46907424836492084,680678.459972-0 680678.459382-1,-15.883863706907109,-0.6631082585641703,31.220224764947705,20.151742341310893,14.167491135813156,-22.898463810818964,-0.5405317761988121,-0.24010097307861206,0.8063354895116923,-39.927132905853725,14.458357115696426,-20.75339205887884,0.40613890240982997,-0.2375121262478489,0.8824053387387025
680678.4629805,151,1.0,0.2113040556413508,0.46714863877262447,680678.459972-0 680678.4659889999-1,-15.879270772354102,-0.6024310830840411,31.229877499626383,20.151742341310893,14.167491135813156,-22.898463810818964,-0.5405317761988121,-0.24010097307861206,0.8063354895116923,-39.927132905853725,14.458357115696426,-20.75339205887884,0.40625701279685006,-0.23561883750894477,0.882858427475387
680678.4662869999,151,1.0,0.2083557832281882,0.46214196733577784,680678.4665849999-0 680678.4659889999-1,-15.98248452630248,-0.4427012477359078,31.03215654445695,20.151742341310893,14.167491135813156,-22.898463810818964,-0.5432085733475527,-0.23657601833896857,0.8055781981835134,-39.927132905853725,14.458357115696426,-20.75339205887884,0.40625701279685006,-0.23561883750894477,0.882858427475387
680678.4700485,151,1.0,0.2083821746558082,0.46169914544853374,680678.4665849999-0 680678.4735119999-1,-15.982836625032757,-0.42882616702539345,31.036607097406876,20.151742341310893,14.167491135813156,-22.898463810818964,-0.5432085733475527,-0.23657601833896857,0.8055781981835134,-39.927132905853725,14.458357115696426,-20.75339205887884,0.4062506356314493,-0.23516964550114206,0.8829811203439802
680678.4733765,151,1.0,0.20795136316156954,0.4613931900685967,680678.473241-0 680678.4735119999-1,-15.997094513768952,-0.4189521752034864,31.006035841021735,20.151742341310893,14.167491135813156,-22.898463810818964,-0.5435794596450076,-0.23647401156872563,0.805357940858992,-39.927132905853725,14.458357115696426,-20.75339205887884,0.4062506356314493,-0.23516964550114206,0.8829811203439802
680678.4773619999,151,1.0,0.2054053857170301,0.4616374287459386,680678.481212-0 680678.4735119999-1,-16.077286136939023,-0.42501581535775124,30.81769804410302,20.151742341310893,14.167491135813156,-22.898463810818964,-0.5456708372085325,-0.23785880527050238,0.8035337741348697,-39.927132905853725,14.458357115696426,-20.75339205887884,0.4062506356314493,-0.23516964550114206,0.8829811203439802
680678.4811084999,151,1.0,0.20580671831277816,0.45909685621645846,680678.481212-0 680678.481005-1,-15.978391710493574,-0.34382614412762713,30.68258528986775,20.151742341310893,14.167491135813156,-22.898463810818964,-0.5456708372085325,-0.23785880527050238,0.8035337741348697,-39.927132905853725,14.458357115696426,-20.75339205887884,0.4086248850486286,-0.2335813508879287,0.8823068943606669
680678.48553,152,1.0,0.20609718698009133,0.4564541520765849,680678.481212-0 680678.489848-1,-15.927629271956297,-0.2609144055125743,30.624574510374405,20.151742341310893,14.167491135813156,-22.898463810818964,-0.5456708372085325,-0.23785880527050238,0.8035337741348697,-39.927132905853725,14.458357115696426,-20.75339205887884,0.4098518045779947,-0.23143075012309405,0.8823045427637916
680678.4898999999,152,1.0,0.20522504450477846,0.4586915216593671,680678.489952-0 680678.489848-1,-15.950844343793053,-0.3299667579359449,30.55246616766658,20.151742341310893,14.167491135813156,-22.898463810818964,-0.5462790457482809,-0.2404060853123571,0.8023615882637546,-39.927132905853725,14.458357115696426,-20.75339205887884,0.4098518045779947,-0.23143075012309405,0.8823045427637916
680678.4940605001,152,1.0,0.20530486229141837,0.45866468599857724,680678.489952-0 680678.498169-1,-15.919400760967982,-0.3285747980605702,30.502825468028924,20.151742341310893,14.167491135813156,-22.898463810818964,-0.5462790457482809,-0.2404060853123571,0.8023615882637546,-39.927132905853725,14.458357115696426,-20.75339205887884,0.4106051501585885,-0.2317126319416178,0.8818801884961082
680678.49928,152,1.0,0.20521410692647532,0.4572026046559453,680678.500391-0 680678.498169-1,-15.92504770109416,-0.28327907812669295,30.502058128060018,20.151742341310893,14.167491135813156,-22.898463810818964,-0.5464237158122618,-0.23904071149872397,0.8026709544041717,-39.927132905853725,14.458357115696426,-20.75339205887884,0.4106051501585885,-0.2317126319416178,0.8818801884961082
680678.502629,152,1.0,0.20506088668894823,0.45738763606843025,680678.500391-0 680678.504867-1,-15.98227676278234,-0.2898998058118645,30.591248361213815,20.151742341310893,14.167491135813156,-22.898463810818964,-0.5464237158122618,-0.23904071149872397,0.8026709544041717,-39.927132905853725,14.458357115696426,-20.75339205887884,0.40923360501924905,-0.23133371486250937,0.8826168868149193
680678.5065475,152,1.0,0.20445976245457054,0.4583040800831901,680678.508228-0 680678.504867-1,-15.999439372690945,-0.3180747580435117,30.54399707720154,20.151742341310893,14.167491135813156,-22.898463810818964,-0.5468725015932965,-0.24019407085413963,0.8020207449484122,-39.927132905853725,14.458357115696426,-20.75339205887884,0.40923360501924905,-0.23133371486250937,0.8826168868149193
680678.510302,152,1.0,0.20425106727042613,0.458528995971894,680678.508228-0 680678.5123759999-1,-16.07906687148814,-0.3264442573329589,30.668155492462954,20.151742341310893,14.167491135813156,-22.898463810818964,-0.5468725015932965,-0.24019407085413963,0.8020207449484122,-39.927132905853725,14.458357115696426,-20.75339205887884,0.4073278996700951,-0.23077883768246266,0.8836430898435637
680678.515026,152,1.0,0.2044435807636535,0.45791905797636634,680678.517676-0 680678.5123759999-1,-16.07417163811433,-0.3075311832831442,30.684630981663524,20.151742341310893,14.167491135813156,-22.898463810818964,-0.5467438419931574,-0.23951831996653275,0.8023105045074326,-39.927132905853725,14.458357115696426,-20.75339205887884,0.4073278996700951,-0.23077883768246266,0.8836430898435637
680678.519933,153,1.0,0.20419144716006699,0.4586501890309843,680678.517676-0 680678.5221899999-1,-16.15939896495883,-0.3318060490817967,30.813365468061797,20.151742341310893,14.167491135813156,-22.898463810818964,-0.5467438419931574,-0.23951831996653275,0.8023105045074326,-39.927132905853725,14.458357115696426,-20.75339205887884,0.4052896498821084,-0.23068039040919106,0.8846054810926174
680678.52357,153,1.0,0.20394287780178644,0.4572687786663473,680678.52495-0 680678.5221899999-1,-16.169868835318095,-0.28846148377490355,30.800533840927994,20.151742341310893,14.167491135813156,-22.898463810818964,-0.5470153744569022,-0.23829357540208,0.8024900946615279,-39.927132905853725,14.458357115696426,-20.75339205887884,0.4052896498821084,-0.23068039040919106,0.8846054810926174
680678.5267195,153,1.0,0.20356280637103485,0.4580475559911641,680678.52495-0 680678.5284889999-1,-16.308587083265266,-0.31513529258576334,31.013393190977535,20.151742341310893,14.167491135813156,-22.898463810818964,-0.5470153744569022,-0.23829357540208,0.8024900946615279,-39.927132905853725,14.458357115696426,-20.75339205887884,0.40198176275352393,-0.23011116555808353,0.8862615380907997
680678.5306684999,153,1.0,0.20618961087894405,0.46127351322965326,680678.532848-0 680678.5284889999-1,-16.21931940948624,-0.4184039223976699,31.19633206147907,20.151742341310893,14.167491135813156,-22.898463810818964,-0.5446846886535219,-0.24023486627346421,0.8034959856607787,-39.927132905853725,14.458357115696426,-20.75339205887884,0.40198176275352393,-0.23011116555808353,0.8862615380907997
680678.5350114999,153,1.0,0.2059714453589898,0.46327436813227163,680678.532848-0 680678.537175-1,-16.25924610104388,-0.48259315427488847,31.242567295042782,20.151742341310893,14.167491135813156,-22.898463810818964,-0.5446846886535219,-0.24023486627346421,0.8034959856607787,-39.927132905853725,14.458357115696426,-20.75339205887884,0.40102432448215974,-0.231751869865695,0.8862677710417892
680678.5387164999,153,1.0,0.20877093320511791,0.46393284107974,680678.540258-0 680678.537175-1,-16.168879874718986,-0.505561488764454,31.450237596913755,20.151742341310893,14.167491135813156,-22.898463810818964,-0.5423246944556072,-0.2396051658413618,0.8052783930329721,-39.927132905853725,14.458357115696426,-20.75339205887884,0.40102432448215974,-0.231751869865695,0.8862677710417892
680678.542364,153,1.0,0.20861685699887356,0.4648017421544879,680678.540258-0 680678.54447-1,-16.209663015338965,-0.5342999178150469,31.507897942795797,20.151742341310893,14.167491135813156,-22.898463810818964,-0.5423246944556072,-0.2396051658413618,0.8052783930329721,-39.927132905853725,14.458357115696426,-20.75339205887884,0.40005414486405083,-0.2322435563493743,0.8865774707893768
680678.546362,153,1.0,0.21132939897273667,0.4663268041351061,680678.548254-0 680678.54447-1,-16.119923493482943,-0.5852782931612133,31.70717642300637,20.151742341310893,14.167491135813156,-22.898463810818964,-0.5399853495625494,-0.23986270246712602,0.8067724005089527,-39.927132905853725,14.458357115696426,-20.75339205887884,0.40005414486405083,-0.2322435563493743,0.8865774707893768
680678.550517,154,1.0,0.21125353698645952,0.46709251710942923,680678.548254-0 680678.55278-1,-16.13186891192147,-0.610106171270691,31.71966070381814,20.151742341310893,14.167491135813156,-22.898463810818964,-0.5399853495625494,-0.23986270246712602,0.8067724005089527,-39.927132905853725,14.458357115696426,-20.75339205887884,0.3997681261227065,-0.2329076769382553,0.886532266395062
680678.5548735,154,1.0,0.21235925758445134,0.46567846088056697,680678.556967-0 680678.55278-1,-16.0988701751608,-0.5658114024203407,31.809784383449834,20.151742341310893,14.167491135813156,-22.898463810818964,-0.5391231762633284,-0.23797761662194292,0.8079064641421551,-39.927132905853725,14.458357115696426,-20.75339205887884,0.3997681261227065,-0.2329076769382553,0.886532266395062
680678.5586560001,154,1.0,0.21245735520795078,0.46505218923685476,680678.556967-0 680678.560345-1,-16.075372958885346,-0.545086523825792,31.777405305179105,20.151742341310893,14.167491135813156,-22.898463810818964,-0.5391231762633284,-0.23797761662194292,0.8079064641421551,-39.927132905853725,14.458357115696426,-20.75339205887884,0.40032642750725783,-0.2324949902442745,0.8863886455447129
680678.562302,154,1.0,0.21404439693598673,0.464064821164204,680678.564259-0 680678.560345-1,-16.02593829834027,-0.5147078442770949,31.90250429030704,20.151742341310893,14.167491135813156,-22.898463810818964,-0.5378347056723233,-0.2362887340592371,0.809259824488432,-39.927132905853725,14.458357115696426,-20.75339205887884,0.40032642750725783,-0.2324949902442745,0.8863886455447129
680678.5663020001,154,1.0,0.21405974987972715,0.465433387245065,680678.564259-0 680678.568345-1,-15.989350556094024,-0.5574871867536588,31.83111565355553,20.151742341310893,14.167491135813156,-22.898463810818964,-0.5378347056723233,-0.2362887340592371,0.809259824488432,-39.927132905853725,14.458357115696426,-20.75339205887884,0.4011851400809632,-0.2342351228302676,0.8855418627094416
680678.571264,154,1.0,0.21801965287849373,0.46634273413544136,680678.574183-0 680678.568345-1,-15.859132065981502,-0.590192563995247,32.13000701013542,20.151742341310893,14.167491135813156,-22.898463810818964,-0.534454170366665,-0.23538067205531446,0.8117602349219062,-39.927132905853725,14.458357115696426,-20.75339205887884,0.4011851400809632,-0.2342351228302676,0.8855418627094416
680678.575299,154,1.0,0.21807796565298357,0.46694668278665064,680678.574183-0 680678.576415-1,-15.825007418162937,-0.6085107263740381,32.06883668788029,20.151742341310893,14.167491135813156,-22.898463810818964,-0.534454170366665,-0.23538067205531446,0.8117602349219062,-39.927132905853725,14.458357115696426,-20.75339205887884,0.4019884357068946,-0.23517372560974653,0.8849285939219929
680678.578353,154,1.0,0.21979693485637877,0.46910214590299015,680678.580291-0 680678.576415-1,-15.765027442302575,-0.6796188130879193,32.191482352971825,20.151742341310893,14.167491135813156,-22.898463810818964,-0.532904014055386,-0.23671390241805715,0.8123914328731386,-39.927132905853725,14.458357115696426,-20.75339205887884,0.4019884357068946,-0.23517372560974653,0.8849285939219929
680678.5823635,154,1.0,0.2195624595270632,0.47250552536621393,680678.580291-0 680678.584436-1,-15.777911299720296,-0.789546631788359,32.18171553750907,20.151742341310893,14.167491135813156,-22.898463810818964,-0.532904014055386,-0.23671390241805715,0.8123914328731386,-39.927132905853725,14.458357115696426,-20.75339205887884,0.4016693715269394,-0.23850905557650667,0.8841804942347214
680678.5863884999,155,1.0,0.22194946494182824,0.47255812918982787,680678.588341-0 680678.584436-1,-15.69952296985766,-0.7941879159691538,32.36529293546455,20.151742341310893,14.167491135813156,-22.898463810818964,-0.530875813905618,-0.235690022239141,0.8140154074874508,-39.927132905853725,14.458357115696426,-20.75339205887884,0.4016693715269394,-0.23850905557650667,0.8841804942347214
680678.5903314999,155,1.0,0.22205938327317706,0.47288409925732233,680678.588341-0 680678.592322-1,-15.654384577077852,-0.8027671616445513,32.287889815172605,20.151742341310893,14.167491135813156,-22.898463810818964,-0.530875813905618,-0.235690022239141,0.8140154074874508,-39.927132905853725,14.458357115696426,-20.75339205887884,0.4027328440822659,-0.23926199274326956,0.8834930419227583
680678.594295,155,1.0,0.22510708101509716,0.4734653259774425,680678.596268-0 680678.592322-1,-15.552832889586801,-0.8254446638240687,32.52053100389735,20.151742341310893,14.167491135813156,-22.898463810818964,-0.5282559667402252,-0.23488896246605687,0.8159490234781638,-39.927132905853725,14.458357115696426,-20.75339205887884,0.4027328440822659,-0.23926199274326956,0.8834930419227583
680678.5983335,155,1.0,0.22517258520540406,0.4750274641689922,680678.596268-0 680678.600399-1,-15.499899561793466,-0.8734450027240284,32.418164115505775,20.151742341310893,14.167491135813156,-22.898463810818964,-0.5282559667402252,-0.23488896246605687,0.8159490234781638,-39.927132905853725,14.458357115696426,-20.75339205887884,0.4039749290143117,-0.24134148197855074,0.8823596465185148
680678.6023764999,155,1.0,0.22842918205620827,0.4773717551787787,680678.604354-0 680678.600399-1,-15.387788493298103,-0.9540350431950628,32.65953888365373,20.151742341310893,14.167491135813156,-22.898463810818964,-0.5253759217214701,-0.23572933243148908,0.8175645679129689,-39.927132905853725,14.458357115696426,-20.75339205887884,0.4039749290143117,-0.24134148197855074,0.8823596465185148
680678.607063,155,1.0,0.22890076983566066,0.4762919947969281,680678.604354-0 680678.609772-1,-15.253870299775171,-0.9124970842956284,32.44571402663863,20.151742341310893,14.167491135813156,-22.898463810818964,-0.5253759217214701,-0.23572933243148908,0.8175645679129689,-39.927132905853725,14.458357115696426,-20.75339205887884,0.40714107065624566,-0.24149014047073258,0.8808624527361304
680678.6114225,155,1.0,0.2324641373751672,0.47739623681825794,680678.613073-0 680678.609772-1,-15.132955920059393,-0.9534430729764489,32.7153699914686,20.151742341310893,14.167491135813156,-22.898463810818964,-0.522280092064558,-0.2352233902324608,0.8196910772483644,-39.927132905853725,14.458357115696426,-20.75339205887884,0.40714107065624566,-0.24149014047073258,0.8808624527361304
680678.6148844999,155,1.0,0.23291058641200207,0.47450302192327076,680678.613073-0 680678.616696-1,-15.04443350175383,-0.8558083350079295,32.59310582688096,20.151742341310893,14.167491135813156,-22.898463810818964,-0.522280092064558,-0.2352233902324608,0.8196910772483644,-39.927132905853725,14.458357115696426,-20.75339205887884,0.40924537449648773,-0.23938954430996665,0.8804606007813727
680678.6187054999,156,1.0,0.23441696356949687,0.4760674617800176,680678.620715-0 680678.616696-1,-14.991199491224688,-0.9084699311262145,32.70205970791087,20.151742341310893,14.167491135813156,-22.898463810818964,-0.5209235832891412,-0.2360826200020598,0.8203070260007308,-39.927132905853725,14.458357115696426,-20.75339205887884,0.40924537449648773,-0.23938954430996665,0.8804606007813727
680678.6232985,156,1.0,0.23496843169386095,0.472536285285276,680678.620715-0 680678.625882-1,-14.883277485393979,-0.7898435523807619,32.55202814254616,20.151742341310893,14.167491135813156,-22.898463810818964,-0.5209235832891412,-0.2360826200020598,0.8203070260007308,-39.927132905853725,14.458357115696426,-20.75339205887884,0.4118152009567685,-0.23683935192946645,0.8799519087078377
680678.6271035,156,1.0,0.2367553847705806,0.4736044451834628,680678.6283249999-0 680678.625882-1,-14.821281658356671,-0.8265696195621786,32.68425119224382,20.151742341310893,14.167491135813156,-22.898463810818964,-0.5193462760005978,-0.23633080964157435,0.8212351636519643,-39.927132905853725,14.458357115696426,-20.75339205887884,0.4118152009567685,-0.23683935192946645,0.8799519087078377
680678.6303035,156,1.0,0.2366336784526207,0.4750842022067091,680678.6283249999-0 680678.632282-1,-14.833089556549968,-0.8747565225614427,32.690688136281665,20.151742341310893,14.167491135813156,-22.898463810818964,-0.5193462760005978,-0.23633080964157435,0.8212351636519643,-39.927132905853725,14.458357115696426,-20.75339205887884,0.41152946208151403,-0.23822250666399056,0.8797121910929874
680678.634801,156,1.0,0.23949288131463714,0.4768658002783368,680678.63732-0 680678.632282-1,-14.733271837294604,-0.9365340566105003,32.903070152356904,20.151742341310893,14.167491135813156,-22.898463810818964,-0.5168111430147615,-0.23680387595809588,0.8226968863360296,-39.927132905853725,14.458357115696426,-20.75339205887884,0.41152946208151403,-0.23822250666399056,0.8797121910929874
680678.6408325001,156,1.0,0.23935797384140253,0.4773175986177235,680678.63732-0 680678.644345-1,-14.76555186075916,-0.9528099330402489,32.95404463438516,20.151742341310893,14.167491135813156,-22.898463810818964,-0.5168111430147615,-0.23680387595809588,0.8226968863360296,-39.927132905853725,14.458357115696426,-20.75339205887884,0.4107641993864434,-0.23837685828949745,0.880027980199745
680678.6443235,156,1.0,0.24112386323483617,0.4772943379485749,680678.644302-0 680678.644345-1,-14.705419073757012,-0.9547682922636422,33.09146279975321,20.151742341310893,14.167491135813156,-22.898463810818964,-0.5152838119843423,-0.23599759398720985,0.8238857498094823,-39.927132905853725,14.458357115696426,-20.75339205887884,0.4107641993864434,-0.23837685828949745,0.880027980199745
680678.6485645,156,1.0,0.24286019083349136,0.47619160443541886,680678.652784-0 680678.644345-1,-14.647807315103906,-0.9214400459190211,33.232143721691116,20.151742341310893,14.167491135813156,-22.898463810818964,-0.5138200978966124,-0.23414403961265468,0.825327496034988,-39.927132905853725,14.458357115696426,-20.75339205887884,0.4107641993864434,-0.23837685828949745,0.880027980199745
680678.652796,157,1.0,0.24282413841587586,0.4761111205162617,680678.652784-0 680678.652808-1,-14.659384407419317,-0.919397440446148,33.25284699397419,20.151742341310893,14.167491135813156,-22.898463810818964,-0.5138200978966124,-0.23414403961265468,0.825327496034988,-39.927132905853725,14.458357115696426,-20.75339205887884,0.410491181408591,-0.23818620227537343,0.8802069773816916
680678.6565075,157,1.0,0.24226847240843594,0.47245018827511875,680678.660207-0 680678.652808-1,-14.684493192101257,-0.798964849375424,33.22598744269887,20.151742341310893,14.167491135813156,-22.898463810818964,-0.5144485996889486,-0.23079521577100773,0.8258790508635591,-39.927132905853725,14.458357115696426,-20.75339205887884,0.410491181408591,-0.23818620227537343,0.8802069773816916
680678.6601994999,157,1.0,0.2421329903925778,0.47137596570938056,680678.660207-0 680678.660192-1,-14.740777093549655,-0.7662753255724377,33.33294489187449,20.151742341310893,14.167491135813156,-22.898463810818964,-0.5144485996889486,-0.23079521577100773,0.8258790508635591,-39.927132905853725,14.458357115696426,-20.75339205887884,0.40916715031257467,-0.23655692015992083,0.8812622008401015
680678.6645465,157,1.0,0.24253126187973423,0.4702706822999987,680678.660207-0 680678.6688859999-1,-14.643588297340447,-0.7262618632258846,33.175868043981055,20.151742341310893,14.167491135813156,-22.898463810818964,-0.5144485996889486,-0.23079521577100773,0.8258790508635591,-39.927132905853725,14.458357115696426,-20.75339205887884,0.41146608552098285,-0.23636366498770056,0.8802430791205468
680678.668891,157,1.0,0.24360568386344617,0.46841983117732733,680678.668896-0 680678.6688859999-1,-14.609772837117466,-0.6670063361197851,33.26801789623354,20.151742341310893,14.167491135813156,-22.898463810818964,-0.5135873221363475,-0.22849227179259898,0.8270546198842447,-39.927132905853725,14.458357115696426,-20.75339205887884,0.41146608552098285,-0.23636366498770056,0.8802430791205468
680678.673091,157,1.0,0.2441104316097594,0.4666611305420105,680678.668896-0 680678.677286-1,-14.494649753556766,-0.6057675793970763,33.08545845709978,20.151742341310893,14.167491135813156,-22.898463810818964,-0.5135873221363475,-0.22849227179259898,0.8270546198842447,-39.927132905853725,14.458357115696426,-20.75339205887884,0.4141970683574256,-0.23569639763771194,0.8791404874675716
680678.6778899999,157,1.0,0.24616810170176948,0.4642798760946655,680678.678494-0 680678.677286-1,-14.427753299894945,-0.5300690524726184,33.25572420474414,20.151742341310893,14.167491135813156,-22.898463810818964,-0.5118900888449542,-0.2252258784752773,0.8290005070006558,-39.927132905853725,14.458357115696426,-20.75339205887884,0.4141970683574256,-0.23569639763771194,0.8791404874675716
680678.6816105,157,1.0,0.24645068306029488,0.46215247891318567,680678.678494-0 680678.684727-1,-14.382464634144457,-0.4595647244967358,33.19674257532141,20.151742341310893,14.167491135813156,-22.898463810818964,-0.5118900888449542,-0.2252258784752773,0.8290005070006558,-39.927132905853725,14.458357115696426,-20.75339205887884,0.4152781467889317,-0.23398289082107826,0.8790882024021036
680678.6846924999,158,1.0,0.24705828361591003,0.45882343009428306,680678.684658-0 680678.684727-1,-14.366999977923655,-0.3513802747679726,33.258042670472214,20.151742341310893,14.167491135813156,-22.898463810818964,-0.5114915154325318,-0.2216754205085603,0.8302026485038969,-39.927132905853725,14.458357115696426,-20.75339205887884,0.4152781467889317,-0.23398289082107826,0.8790882024021036
680678.688458,158,1.0,0.2512624879907331,0.4607261496496713,680678.692189-0 680678.684727-1,-14.217652300698465,-0.41631410970550053,33.57885518459934,20.151742341310893,14.167491135813156,-22.898463810818964,-0.507732171445309,-0.22163736782689394,0.8325172185980283,-39.927132905853725,14.458357115696426,-20.75339205887884,0.4152781467889317,-0.23398289082107826,0.8790882024021036
680678.6922175,158,1.0,0.25160158729077414,0.4592089178452192,680678.692189-0 680678.6922459999-1,-14.149897654212575,-0.3651498700097191,33.47386487426371,20.151742341310893,14.167491135813156,-22.898463810818964,-0.507732171445309,-0.22163736782689394,0.8325172185980283,-39.927132905853725,14.458357115696426,-20.75339205887884,0.41688886013089604,-0.23311725797490082,0.8785556455529868
680678.6962974999,158,1.0,0.2528250314587937,0.45900805105713904,680678.7003489999-0 680678.6922459999-1,-14.107415251563397,-0.35928647210161024,33.5705374372593,20.151742341310893,14.167491135813156,-22.898463810818964,-0.5066640852260648,-0.2208823492044821,0.8333681614700335,-39.927132905853725,14.458357115696426,-20.75339205887884,0.41688886013089604,-0.23311725797490082,0.8785556455529868
680678.7003484999,158,1.0,0.25271110223517057,0.46051080553798907,680678.7003489999-0 680678.700348-1,-14.115531773749264,-0.4087118694859262,33.57086575288001,20.151742341310893,14.167491135813156,-22.898463810818964,-0.5066640852260648,-0.2208823492044821,0.8333681614700335,-39.927132905853725,14.458357115696426,-20.75339205887884,0.416691124545102,-0.2345661239585294,0.878263764604011
680678.7043,158,1.0,0.25245037682582644,0.46182121195496983,680678.7003489999-0 680678.708251-1,-14.165159101525447,-0.45287969767163894,33.64607024271389,20.151742341310893,14.167491135813156,-22.898463810818964,-0.5066640852260648,-0.2208823492044821,0.8333681614700335,-39.927132905853725,14.458357115696426,-20.75339205887884,0.4155110880829734,-0.2354048800276569,0.8785983599684601
680678.708251,158,1.0,0.25454033195296727,0.4645713433976403,680678.708251-0 680678.708251-1,-14.08724242747472,-0.5451833169418983,33.799208280751046,20.151742341310893,14.167491135813156,-22.898463810818964,-0.504714592363737,-0.2226493009491419,0.8340806130356736,-39.927132905853725,14.458357115696426,-20.75339205887884,0.4155110880829734,-0.2354048800276569,0.8785983599684601
680678.7122705,158,1.0,0.2547254032961007,0.4643154438620555,680678.708251-0 680678.71629-1,-14.042804506197713,-0.5354446495264087,33.7229462338908,20.151742341310893,14.167491135813156,-22.898463810818964,-0.504714592363737,-0.2226493009491419,0.8340806130356736,-39.927132905853725,14.458357115696426,-20.75339205887884,0.41656359709685914,-0.23558421419904213,0.8780517340077093
680678.7163,158,1.0,0.25446126158862115,0.4648751969403194,680678.7163099999-0 680678.71629-1,-14.051203782698103,-0.5536230369368083,33.699676598993854,20.151742341310893,14.167491135813156,-22.898463810818964,-0.5049266366500484,-0.22332092678027532,0.8337726640177575,-39.927132905853725,14.458357115696426,-20.75339205887884,0.41656359709685914,-0.23558421419904213,0.8780517340077093
680678.7207615,159,1.0,0.25444268982714674,0.4657598701559126,680678.7163099999-0 680678.725213-1,-14.043531817301195,-0.5824127700518398,33.677778672402134,20.151742341310893,14.167491135813156,-22.898463810818964,-0.5049266366500484,-0.22332092678027532,0.8337726640177575,-39.927132905853725,14.458357115696426,-20.75339205887884,0.4167421129723807,-0.23656019714743937,0.8777045541643728
680678.724811,159,1.0,0.2550345611834474,0.46701202613501325,680678.724409-0 680678.725213-1,-14.020685491880506,-0.6241694831340538,33.71888299003501,20.151742341310893,14.167491135813156,-22.898463810818964,-0.5043569995864643,-0.2242881177327513,0.833857815944684,-39.927132905853725,14.458357115696426,-20.75339205887884,0.4167421129723807,-0.23656019714743937,0.8777045541643728
680678.7287075,159,1.0,0.2554878916049931,0.46728237483940605,680678.732202-0 680678.725213-1,-14.00427118021186,-0.6335350047689028,33.75344317111005,20.151742341310893,14.167491135813156,-22.898463810818964,-0.5039463363758971,-0.22435030822666097,0.834089341288997,-39.927132905853725,14.458357115696426,-20.75339205887884,0.4167421129723807,-0.23656019714743937,0.8777045541643728
680678.732211,159,1.0,0.25570870312908234,0.4673154898066314,680678.732202-0 680678.73222-1,-13.947155022619022,-0.6326217316880296,33.65184541111925,20.151742341310893,14.167491135813156,-22.898463810818964,-0.5039463363758971,-0.22435030822666097,0.834089341288997,-39.927132905853725,14.458357115696426,-20.75339205887884,0.418095149115317,-0.23715554725847168,0.8769000471494888
680678.7369319999,159,1.0,0.2557915352750872,0.4677514722954196,680678.7416439999-0 680678.73222-1,-13.943539517998598,-0.6470129751878417,33.6564110303254,20.151742341310893,14.167491135813156,-22.898463810818964,-0.5038569119233404,-0.22474211579659875,0.834037885047402,-39.927132905853725,14.458357115696426,-20.75339205887884,0.418095149115317,-0.23715554725847168,0.8769000471494888
680678.7409639999,159,1.0,0.25588376690373577,0.4694265438277343,680678.7416439999-0 680678.7402839999-1,-13.893962752422487,-0.6998677229560624,33.55074054940288,20.151742341310893,14.167491135813156,-22.898463810818964,-0.5038569119233404,-0.22474211579659875,0.834037885047402,-39.92369410653439,14.38964612090696,-21.02906333457489,0.4177088189327808,-0.23737495215097393,0.8770247856686286
680678.745511,159,1.0,0.2557558587850097,0.4697807186159827,680678.7416439999-0 680678.749378-1,-13.921682566867865,-0.7125156306568163,33.59654599329322,20.151742341310893,14.167491135813156,-22.898463810818964,-0.5038569119233404,-0.22474211579659875,0.834037885047402,-39.92369410653439,14.38964612090696,-21.02906333457489,0.41705243716822143,-0.23746311015297314,0.8773132484856954
680678.749157,159,1.0,0.25668847697671054,0.4714128714469722,680678.7489359999-0 680678.749378-1,-13.886083590029491,-0.7671241844202621,33.661980699765195,20.144859377881406,14.176725729741936,-22.709634870330007,-0.5040512060223797,-0.22658917432595385,0.8334204987793776,-39.92369410653439,14.38964612090696,-21.02906333457489,0.41705243716822143,-0.23746311015297314,0.8773132484856954
680678.7528555,160,1.0,0.25650297126165067,0.4743461977893605,680678.756333-0 680678.749378-1,-13.887845603110787,-0.8629834499605789,33.63362217911836,20.144859377881406,14.176725729741936,-22.709634870330007,-0.5041009710640765,-0.22955298615792424,0.83257890768277,-39.92369410653439,14.38964612090696,-21.02906333457489,0.41705243716822143,-0.23746311015297314,0.8773132484856954
680678.7563865001,160,1.0,0.2563050910295935,0.47337136264788093,680678.756333-0 680678.75644-1,-13.950207942338539,-0.83399998696063,33.75287650118379,20.144859377881406,14.176725729741936,-22.709634870330007,-0.5041009710640765,-0.22955298615792424,0.83257890768277,-39.92369410653439,14.38964612090696,-21.02906333457489,0.4155848022823538,-0.2358788294040013,0.8784363664779226
680678.7603675,160,1.0,0.2574050795479952,0.4747009427475182,680678.764295-0 680678.75644-1,-13.909266576862006,-0.8793118029443434,33.83376184222023,20.144859377881406,14.176725729741936,-22.709634870330007,-0.5030744579776676,-0.2303730144093884,0.832973207229625,-39.92369410653439,14.38964612090696,-21.02906333457489,0.4155848022823538,-0.2358788294040013,0.8784363664779226
680678.764287,160,1.0,0.2570702993738807,0.47671824640524485,680678.764295-0 680678.764279-1,-13.967379154288482,-0.9485494424620464,33.91793296237266,20.144859377881406,14.176725729741936,-22.709634870330007,-0.5030744579776676,-0.2303730144093884,0.832973207229625,-39.92369410653439,14.38964612090696,-21.02906333457489,0.41421137896003624,-0.2373709094289643,0.8786830969677815
680678.7686185,160,1.0,0.2569933031907423,0.4774832238022686,680678.764295-0 680678.772942-1,-13.976918859638456,-0.9742327655957324,33.92767169228381,20.144859377881406,14.176725729741936,-22.709634870330007,-0.5030744579776676,-0.2303730144093884,0.832973207229625,-39.92369410653439,14.38964612090696,-21.02906333457489,0.41398486908081,-0.2380565369646082,0.8786043554299982
680678.772661,160,1.0,0.2578439886262246,0.47695014511928435,680678.77238-0 680678.772942-1,-13.947692119466808,-0.957997132381827,33.998168510641264,20.144859377881406,14.176725729741936,-22.709634870330007,-0.5023391443874599,-0.2294703400773359,0.8336658485513643,-39.92369410653439,14.38964612090696,-21.02906333457489,0.41398486908081,-0.2380565369646082,0.8786043554299982
680678.776882,160,1.0,0.26009095668153703,0.4790149287824995,680678.780822-0 680678.772942-1,-13.864585782201532,-1.0301501645679547,34.168319042291955,20.144859377881406,14.176725729741936,-22.709634870330007,-0.5002576445660221,-0.23051187671788803,0.834629596734535,-39.92369410653439,14.38964612090696,-21.02906333457489,0.41398486908081,-0.2380565369646082,0.8786043554299982
680678.780564,160,1.0,0.26034253791855755,0.4768259371872363,680678.780822-0 680678.780306-1,-13.829735166030346,-0.9558821409130651,34.126680482891516,20.144859377881406,14.176725729741936,-22.709634870330007,-0.5002576445660221,-0.23051187671788803,0.834629596734535,-39.92369410653439,14.38964612090696,-21.02906333457489,0.41481001484108687,-0.23616284980918484,0.8787262144476751
680678.7846615,161,1.0,0.2606571647054066,0.47639277043437,680678.780822-0 680678.788501-1,-13.758022353294661,-0.9378558201595002,34.0027771705889,20.144859377881406,14.176725729741936,-22.709634870330007,-0.5002576445660221,-0.23051187671788803,0.834629596734535,-39.92369410653439,14.38964612090696,-21.02906333457489,0.4164986472142229,-0.23640548141946474,0.8778617916412317
680678.7885075,161,1.0,0.26285875560150335,0.4758406680283441,680678.788514-0 680678.788501-1,-13.680358768267642,-0.9230528948830141,34.18152385859064,20.144859377881406,14.176725729741936,-22.709634870330007,-0.4983136093560194,-0.22899154927303914,0.8362095533370264,-39.92369410653439,14.38964612090696,-21.02906333457489,0.4164986472142229,-0.23640548141946474,0.8778617916412317
680678.7924019999,161,1.0,0.26278869675965544,0.47636566400503866,680678.788514-0 680678.79629-1,-13.690889367424859,-0.9409471295619634,34.19549505898944,20.144859377881406,14.176725729741936,-22.709634870330007,-0.4983136093560194,-0.22899154927303914,0.8362095533370264,-39.92369410653439,14.38964612090696,-21.02906333457489,0.41624936841485255,-0.23683787166535342,0.8778634779048856
680678.7963725,161,1.0,0.26744833315598765,0.4789958165823972,680678.796455-0 680678.79629-1,-13.518877357027748,-1.0363161900214326,34.55892095594084,20.144859377881406,14.176725729741936,-22.709634870330007,-0.49402780997747026,-0.22952343888502588,0.8386033114478237,-39.92369410653439,14.38964612090696,-21.02906333457489,0.41624936841485255,-0.23683787166535342,0.8778634779048856
680678.80043,161,1.0,0.26786845219714045,0.47843415840713044,680678.796455-0 680678.804405-1,-13.427425278069483,-1.0124776535038444,34.3983693265257,20.144859377881406,14.176725729741936,-22.709634870330007,-0.49402780997747026,-0.22952343888502588,0.8386033114478237,-39.92369410653439,14.38964612090696,-21.02906333457489,0.41840227092454135,-0.237135977197388,0.8767588425581042
680678.804852,161,1.0,0.27091655924194297,0.4801800479731829,680678.805299-0 680678.804405-1,-13.31390190165962,-1.0761073699600496,34.636448857735914,20.144859377881406,14.176725729741936,-22.709634870330007,-0.49121143594248967,-0.22990050890963945,0.8401530105893843,-39.92369410653439,14.38964612090696,-21.02906333457489,0.41840227092454135,-0.237135977197388,0.8767588425581042
680678.8093355,161,1.0,0.2709798489476379,0.47927270633103736,680678.805299-0 680678.813372-1,-13.309456331308356,-1.045637823789371,34.63691695192993,20.144859377881406,14.176725729741936,-22.709634870330007,-0.49121143594248967,-0.22990050890963945,0.8401530105893843,-39.92369410653439,14.38964612090696,-21.02906333457489,0.4185093391828967,-0.23625620275863193,0.8769452318558824
680678.8128315001,161,1.0,0.2719312439837442,0.4797212827770104,680678.812291-0 680678.813372-1,-13.273977938082515,-1.0623618212031616,34.71210236277963,20.144859377881406,14.176725729741936,-22.709634870330007,-0.490332759121163,-0.2299230878143779,0.8406599544539572,-39.92369410653439,14.38964612090696,-21.02906333457489,0.4185093391828967,-0.23625620275863193,0.8769452318558824
680678.8172790001,161,1.0,0.27394526860197105,0.4809202749808561,680678.821186-0 680678.813372-1,-13.198185364392467,-1.106317389284853,34.870629430371864,20.144859377881406,14.176725729741936,-22.709634870330007,-0.4884587339130615,-0.23021874568819944,0.8416694092087468,-39.92369410653439,14.38964612090696,-21.02906333457489,0.4185093391828967,-0.23625620275863193,0.8769452318558824
680678.8211655,162,1.0,0.2747447549940888,0.479198050442029,680678.821186-0 680678.8211449999-1,-13.039308373676334,-1.0394438971333573,34.59457410896455,20.144859377881406,14.176725729741936,-22.709634870330007,-0.4884587339130615,-0.23021874568819944,0.8416694092087468,-39.92369410653439,14.38964612090696,-21.02906333457489,0.42225747323162466,-0.23602119184926154,0.8752100452451959
680678.8248574999,162,1.0,0.27502123165956016,0.4773142860402707,680678.821186-0 680678.8285289999-1,-12.998408332106184,-0.9746827931817146,34.53697737598334,20.144859377881406,14.176725729741936,-22.709634870330007,-0.4884587339130615,-0.23021874568819944,0.8416694092087468,-39.92369410653439,14.38964612090696,-21.02906333457489,0.4232286516985514,-0.23450629170031734,0.8751481631897491
680678.8285264999,162,0.9816622734069824,0.2770845136669126,0.4783769570843781,680678.828524-0 680678.8285289999-1,-12.920825085716453,-1.0135970821188094,34.69844948242569,20.144859377881406,14.176725729741936,-22.709634870330007,-0.4865465794682919,-0.23035595077016296,0.8427387269803607,-39.92369410653439,14.38964612090696,-21.02906333457489,0.4232286516985514,-0.23450629170031734,0.8751481631897491
680678.8326514999,162,1.0,0.2779983996188317,0.4792422538402923,680678.836774-0 680678.8285289999-1,-12.885714521709302,-1.0440950844919499,34.76824522346054,20.144859377881406,14.176725729741936,-22.709634870330007,-0.4856831977147709,-0.230806771049243,0.843113317351456,-39.92369410653439,14.38964612090696,-21.02906333457489,0.4232286516985514,-0.23450629170031734,0.8751481631897491
680678.837149,162,1.0,0.27884133040485615,0.47804352258689786,680678.836774-0 680678.837524-1,-12.718490833170742,-0.9947703517276807,34.46940227901205,20.144859377881406,14.176725729741936,-22.709634870330007,-0.4856831977147709,-0.230806771049243,0.843113317351456,-39.92369410653439,14.38964612090696,-21.02906333457489,0.4271894972944164,-0.234908651928102,0.8731134282844729
680678.8413895,162,1.0,0.280611591221301,0.47936804965530655,680678.8452549999-0 680678.837524-1,-12.650995403128386,-1.0417708443311389,34.604839278573834,20.144859377881406,14.176725729741936,-22.709634870330007,-0.4840267334825075,-0.231332137343938,0.8439215387144345,-39.92369410653439,14.38964612090696,-21.02906333457489,0.4271894972944164,-0.234908651928102,0.8731134282844729
680678.844798,162,1.0,0.2811955434058797,0.4780371030012217,680678.8452549999-0 680678.844341-1,-12.542835942772555,-0.9916305398340555,34.41580425765299,20.144859377881406,14.176725729741936,-22.709634870330007,-0.4840267334825075,-0.231332137343938,0.8439215387144345,-39.92369410653439,14.38964612090696,-21.02906333457489,0.4297606595873693,-0.2346169765107242,0.8719292688079668
680678.849145,162,1.0,0.28155757991915065,0.4774788028211703,680678.8452549999-0 680678.853035-1,-12.47392197999651,-0.9694457635480509,34.29258880522747,20.144859377881406,14.176725729741936,-22.709634870330007,-0.4840267334825075,-0.231332137343938,0.8439215387144345,-39.92369410653439,14.38964612090696,-21.02906333457489,0.4314017707754673,-0.2347289177872239,0.8710883120133285
680678.853035,163,1.0,0.2817126169853306,0.4795135146096057,680678.853035-0 680678.853035-1,-12.465074826883683,-1.036561592692605,34.2944602701171,20.144859377881406,14.176725729741936,-22.709634870330007,-0.4838138460108147,-0.23325495355403977,0.8435142494651329,-39.92369410653439,14.38964612090696,-21.02906333457489,0.4314017707754673,-0.2347289177872239,0.8710883120133285
680678.856739,163,1.0,0.2819301640170249,0.4802078245877812,680678.853035-0 680678.860443-1,-12.414291076062312,-1.0562198914318754,34.193336029960385,20.144859377881406,14.176725729741936,-22.709634870330007,-0.4838138460108147,-0.23325495355403977,0.8435142494651329,-39.92369410653439,14.38964612090696,-21.02906333457489,0.4326099725779484,-0.2359195311568396,0.8701669876781374
680678.8604455,163,1.0,0.2809173230130218,0.48095166692658187,680678.860448-0 680678.860443-1,-12.450471285453336,-1.0786913476772142,34.10963786823034,20.144859377881406,14.176725729741936,-22.709634870330007,-0.48470303245283985,-0.23441908830582076,0.8426806402005976,-39.92369410653439,14.38964612090696,-21.02906333457489,0.4326099725779484,-0.2359195311568396,0.8701669876781374
680678.8646975,163,1.0,0.2810945150276719,0.48106945144741386,680678.860448-0 680678.868947-1,-12.413302638563373,-1.0802197226925987,34.03943274077004,20.144859377881406,14.176725729741936,-22.709634870330007,-0.48470303245283985,-0.23441908830582076,0.8426806402005976,-39.92369410653439,14.38964612090696,-21.02906333457489,0.43349640696397185,-0.23639788919515928,0.8695958274585954
680678.8693194999,163,1.0,0.28054375852743113,0.4812577224163277,680678.869692-0 680678.868947-1,-12.433241598620967,-1.0853323707321652,33.99527775191651,20.144859377881406,14.176725729741936,-22.709634870330007,-0.48519284518432343,-0.23483995985070538,0.8422814827830778,-39.92369410653439,14.38964612090696,-21.02906333457489,0.43349640696397185,-0.23639788919515928,0.8695958274585954
680678.8735175,163,1.0,0.2808845892203707,0.4808231605574286,680678.869692-0 680678.877343-1,-12.368193395970126,-1.0672104063217294,33.87851516465907,20.144859377881406,14.176725729741936,-22.709634870330007,-0.48519284518432343,-0.23483995985070538,0.8422814827830778,-39.92369410653439,14.38964612090696,-21.02906333457489,0.43505154656782413,-0.23659563685671153,0.8687650179705162
680678.876848,163,1.0,0.28037488351202844,0.4824909832403944,680678.8763529999-0 680678.877343-1,-12.38429304053528,-1.1203613129081358,33.830178857022645,20.144859377881406,14.176725729741936,-22.709634870330007,-0.4855915254471404,-0.23667799206470067,0.8415369263948792,-39.92369410653439,14.38964612090696,-21.02906333457489,0.43505154656782413,-0.23659563685671153,0.8687650179705162
680678.8819520001,163,1.0,0.2792899797325482,0.4827562141835755,680678.886561-0 680678.877343-1,-12.42350819637153,-1.1268697787583282,33.74453894552181,20.144859377881406,14.176725729741936,-22.709634870330007,-0.48655535696134344,-0.23739987692768827,0.8407765357376107,-39.92369410653439,14.38964612090696,-21.02906333457489,0.43505154656782413,-0.23659563685671153,0.8687650179705162
680678.8864865,164,1.0,0.27917374955231955,0.48366173764794607,680678.886561-0 680678.8864119999-1,-12.43860772223541,-1.1570778984709627,33.764074591325716,20.144859377881406,14.176725729741936,-22.709634870330007,-0.48655535696134344,-0.23739987692768827,0.8407765357376107,-39.92369410653439,14.38964612090696,-21.02906333457489,0.4346880904626468,-0.23735193933733237,0.8687406522678359
680678.8910294999,164,1.0,0.27959913005335235,0.48498212038952626,680678.886561-0 680678.895498-1,-12.33966489650939,-1.192823498725895,33.56877025679727,20.144859377881406,14.176725729741936,-22.709634870330007,-0.48655535696134344,-0.23739987692768827,0.8407765357376107,-39.92369410653439,14.38964612090696,-21.02906333457489,0.437052855874517,-0.23961603806923026,0.8669307674041415
680678.894613,164,1.0,0.2807660514104414,0.4849007806601049,680678.893728-0 680678.895498-1,-12.297264472446892,-1.1925724495024923,33.65906990585995,20.144859377881406,14.176725729741936,-22.709634870330007,-0.48551409829050785,-0.23682539147737483,0.8415401323245034,-39.92369410653439,14.38964612090696,-21.02906333457489,0.437052855874517,-0.23961603806923026,0.8669307674041415
680678.897903,164,1.0,0.2788577802860492,0.48235241140507157,680678.900308-0 680678.895498-1,-12.370633226283445,-1.106787416684436,33.525472639080064,20.144859377881406,14.176725729741936,-22.709634870330007,-0.48731080250181985,-0.23517443272398825,0.8409644272845211,-39.92369410653439,14.38964612090696,-21.02906333457489,0.437052855874517,-0.23961603806923026,0.8669307674041415
680678.900916,164,1.0,0.2783271053445068,0.4851470491389617,680678.900308-0 680678.901524-1,-12.451848757142272,-1.201941826271482,33.649281259711856,20.144859377881406,14.176725729741936,-22.709634870330007,-0.48731080250181985,-0.23517443272398825,0.8409644272845211,-39.92369410653439,14.38964612090696,-21.02906333457489,0.4351007515855442,-0.24160990230681154,0.8673592053336308
680678.9055389999,164,1.0,0.27741864894813595,0.4842493384628421,680678.909554-0 680678.901524-1,-12.486209204568194,-1.1711534426950703,33.583838897565144,20.144859377881406,14.176725729741936,-22.709634870330007,-0.4881543528543115,-0.23469255874981748,0.8406097374268582,-39.92369410653439,14.38964612090696,-21.02906333457489,0.4351007515855442,-0.24160990230681154,0.8673592053336308
680678.9091515,164,1.0,0.2773551206166608,0.484955409441405,680678.909554-0 680678.9087489999-1,-12.492341496765329,-1.1942530850205921,33.58847871126639,20.144859377881406,14.176725729741936,-22.709634870330007,-0.4881543528543115,-0.23469255874981748,0.8406097374268582,-39.92369410653439,14.38964612090696,-21.02906333457489,0.4349521873241588,-0.242252858972033,0.8672543727545028
680678.913099,164,1.0,0.27702028684713753,0.488645339373863,680678.909554-0 680678.916644-1,-12.524982333172103,-1.3151623115698907,33.61350281555709,20.144859377881406,14.176725729741936,-22.709634870330007,-0.4881543528543115,-0.23469255874981748,0.8406097374268582,-39.92369410653439,14.38964612090696,-21.02906333457489,0.43416199078413775,-0.24560887671696724,0.8667062047984793
680678.916465,164,1.0,0.280151602421183,0.49202041495309967,680678.9162859999-0 680678.916644-1,-12.405877026128879,-1.431628789953657,33.83842290190266,20.144859377881406,14.176725729741936,-22.709634870330007,-0.4852331627806503,-0.23663638168565226,0.8417553092203273,-39.92369410653439,14.38964612090696,-21.02906333457489,0.43416199078413775,-0.24560887671696724,0.8667062047984793
680678.92045,165,1.0,0.2786241392493559,0.49176843204670584,680678.924256-0 680678.916644-1,-12.462014327366466,-1.4197533362580295,33.7211253171499,20.144859377881406,14.176725729741936,-22.709634870330007,-0.48661186561915004,-0.23703716901178193,0.8408461647326043,-39.92369410653439,14.38964612090696,-21.02906333457489,0.43416199078413775,-0.24560887671696724,0.8667062047984793
680678.9242565,165,1.0,0.2787766806364903,0.49118593498061003,680678.924256-0 680678.924257-1,-12.436369584880733,-1.3989285180265343,33.679297382465265,20.144859377881406,14.176725729741936,-22.709634870330007,-0.48661186561915004,-0.23703716901178193,0.8408461647326043,-39.92369410653439,14.38964612090696,-21.02906333457489,0.43477651159384667,-0.24527046355326215,0.8664939611299399
680678.928339,165,1.0,0.27864249318017875,0.4924517233340685,680678.932421-0 680678.924257-1,-12.439363290187162,-1.4394598231517621,33.66217606159006,20.144859377881406,14.176725729741936,-22.709634870330007,-0.48668820471908697,-0.2383177567456045,0.8404399075526189,-39.92369410653439,14.38964612090696,-21.02906333457489,0.43477651159384667,-0.24527046355326215,0.8664939611299399
680678.9324495,165,1.0,0.2782168090591428,0.4925719213747425,680678.932421-0 680678.932478-1,-12.525836043837701,-1.4505352038091592,33.82081258447961,20.144859377881406,14.176725729741936,-22.709634870330007,-0.48668820471908697,-0.2383177567456045,0.8404399075526189,-39.92369410653439,14.38964612090696,-21.02906333457489,0.43271074487747385,-0.2445843338470216,0.867721104332602
680678.9364779999,165,1.0,0.27795884336981447,0.4933005645407458,680678.940478-0 680678.932478-1,-12.534144610655206,-1.473512867928946,33.79680887847874,20.144859377881406,14.176725729741936,-22.709634870330007,-0.48689412349229444,-0.23913280685877036,0.8400890507514761,-39.92369410653439,14.38964612090696,-21.02906333457489,0.43271074487747385,-0.2445843338470216,0.867721104332602
680678.9415414999,165,1.0,0.2777754898730226,0.49379044994373555,680678.940478-0 680678.942605-1,-12.567431556322823,-1.4921692261202315,33.85356036926365,20.144859377881406,14.176725729741936,-22.709634870330007,-0.48689412349229444,-0.23913280685877036,0.8400890507514761,-39.92369410653439,14.38964612090696,-21.02906333457489,0.43191551495115416,-0.24476349558665406,0.8680667135495297
680678.946318,165,1.0,0.27731645776060765,0.4971080715492763,680678.950031-0 680678.942605-1,-12.579165046541256,-1.5985811460594963,33.79970003312767,20.144859377881406,14.176725729741936,-22.709634870330007,-0.48718981487656204,-0.24254066872670582,0.8389398716798142,-39.92369410653439,14.38964612090696,-21.02906333457489,0.43191551495115416,-0.24476349558665406,0.8680667135495297
680678.9506214999,165,1.0,0.27706661282613076,0.49783683076359164,680678.950031-0 680678.951212-1,-12.624269306316862,-1.626290674939744,33.875816470524796,20.144859377881406,14.176725729741936,-22.709634870330007,-0.48718981487656204,-0.24254066872670582,0.8389398716798142,-39.92369410653439,14.38964612090696,-21.02906333457489,0.43083878691624056,-0.24507703509544976,0.8685132045958576
680678.9547955,166,1.0,0.2755533675918413,0.49499488185812346,680678.958379-0 680678.951212-1,-12.68354337713616,-1.5299651700632309,33.773139607395365,20.144859377881406,14.176725729741936,-22.709634870330007,-0.4886441540183569,-0.2404218853135717,0.8387038856509201,-39.92369410653439,14.38964612090696,-21.02906333457489,0.43083878691624056,-0.24507703509544976,0.8685132045958576
680678.9596055,166,1.0,0.27541544412881397,0.4969613502414254,680678.958379-0 680678.960832-1,-12.693141011703418,-1.5942970193570778,33.771832980265145,20.144859377881406,14.176725729741936,-22.709634870330007,-0.4886441540183569,-0.2404218853135717,0.8387038856509201,-39.92369410653439,14.38964612090696,-21.02906333457489,0.43060486912566676,-0.24694572325067723,0.8680997963675994
680678.9646745,166,1.0,0.27420193048044983,0.49597759082356463,680678.968517-0 680678.960832-1,-12.738553243112928,-1.5591729929743474,33.682706354882285,20.144859377881406,14.176725729741936,-22.709634870330007,-0.4897623577863216,-0.2399786277723352,0.8381784363177628,-39.92369410653439,14.38964612090696,-21.02906333457489,0.43060486912566676,-0.24694572325067723,0.8680997963675994
680678.968233,166,1.0,0.27419310389252594,0.4953505121091637,680678.968517-0 680678.967949-1,-12.7467854337093,-1.5396932703965458,33.70382567130572,20.144859377881406,14.176725729741936,-22.709634870330007,-0.4897623577863216,-0.2399786277723352,0.8381784363177628,-39.92369410653439,14.38964612090696,-21.02906333457489,0.43041043912119215,-0.24624678125385732,0.8683947124537421
680678.973331,166,1.0,0.27406208665458043,0.4947735282089917,680678.968517-0 680678.978145-1,-12.780630936419612,-1.5240329758083755,33.77135611334979,20.144859377881406,14.176725729741936,-22.709634870330007,-0.4897623577863216,-0.2399786277723352,0.8381784363177628,-39.92369410653439,14.38964612090696,-21.02906333457489,0.4296061097141626,-0.24536229693739353,0.8690431138544675
680678.9774559999,166,1.0,0.27161881526839327,0.49620612210059434,680678.976767-0 680678.978145-1,-12.86655039060225,-1.564033258730067,33.57359824343429,20.144859377881406,14.176725729741936,-22.709634870330007,-0.49188867705843947,-0.24239489365094188,0.8362357591694142,-39.92369410653439,14.38964612090696,-21.02906333457489,0.4296061097141626,-0.24536229693739353,0.8690431138544675
680678.98188,166,1.0,0.2714424956270376,0.497897242752963,680678.985615-0 680678.978145-1,-12.870296076391545,-1.618183482159889,33.550740111579934,20.144859377881406,14.176725729741936,-22.709634870330007,-0.4919847778150512,-0.2441043965576978,0.8356817707593462,-39.92369410653439,14.38964612090696,-21.02906333457489,0.4296061097141626,-0.24536229693739353,0.8690431138544675
680678.9848325,166,1.0,0.2715197177981284,0.49673162147991945,680678.985615-0 680678.98405-1,-12.865461945751978,-1.5802751930917545,33.55304287968724,20.144859377881406,14.176725729741936,-22.709634870330007,-0.4919847778150512,-0.2441043965576978,0.8356817707593462,-39.92369410653439,14.38964612090696,-21.02906333457489,0.42972448382057715,-0.24424821762507068,0.869298381565337
680678.9884555,167,1.0,0.27147114519621585,0.49655863958905455,680678.985615-0 680678.991296-1,-12.877765790391557,-1.5758196383532876,33.57706223248712,20.144859377881406,14.176725729741936,-22.709634870330007,-0.4919847778150512,-0.2441043965576978,0.8356817707593462,-39.92369410653439,14.38964612090696,-21.02906333457489,0.42943199489881273,-0.2439644358467185,0.8695225792348455
680678.991871,167,1.0,0.2709984799551943,0.5003982819897836,680678.992446-0 680678.991296-1,-12.888800816973006,-1.6984869519980013,33.51928493694486,20.144859377881406,14.176725729741936,-22.709634870330007,-0.4922654114410438,-0.2480126429985621,0.8343647245729214,-39.92369410653439,14.38964612090696,-21.02906333457489,0.42943199489881273,-0.2439644358467185,0.8695225792348455
680678.9957645,167,1.0,0.2707612572232972,0.49907304127462593,680678.992446-0 680678.999083-1,-12.953888701244326,-1.6620624224756835,33.64993863188283,20.144859377881406,14.176725729741936,-22.709634870330007,-0.4922654114410438,-0.2480126429985621,0.8343647245729214,-39.92369410653439,14.38964612090696,-21.02906333457489,0.42788744958322766,-0.24206309774201185,0.8708144390171203
680678.9997640001,167,1.0,0.2672943501698198,0.49752497335343815,680679.000445-0 680678.999083-1,-13.080191111360893,-1.6025141213706995,33.3895397348264,20.144859377881406,14.176725729741936,-22.709634870330007,-0.49539393494738604,-0.24796698219293137,0.8325246092215383,-39.92369410653439,14.38964612090696,-21.02906333457489,0.42788744958322766,-0.24206309774201185,0.8708144390171203
680679.0062605,167,1.0,0.26725049996191075,0.4955544493339278,680679.000445-0 680679.012076-1,-13.110659136343475,-1.5419387780773572,33.46276315897529,20.144859377881406,14.176725729741936,-22.709634870330007,-0.49539393494738604,-0.24796698219293137,0.8325246092215383,-39.92369410653439,14.38964612090696,-21.02906333457489,0.4271686885100274,-0.23982837135633547,0.8717851018738451
680679.0122695,167,1.0,0.26940049217453643,0.49782699079408554,680679.012463-0 680679.012076-1,-13.03030805948809,-1.621165635309862,33.617308579697465,20.144859377881406,14.176725729741936,-22.709634870330007,-0.4934045470987273,-0.24926276046180365,0.8333186840274621,-39.92369410653439,14.38964612090696,-21.02906333457489,0.4271686885100274,-0.23982837135633547,0.8717851018738451
680679.017374,167,1.0,0.2693988802460037,0.4988506623306751,680679.012463-0 680679.022285-1,-13.020251472887507,-1.653235406250789,33.58956245575372,20.144859377881406,14.176725729741936,-22.709634870330007,-0.4934045470987273,-0.24926276046180365,0.8333186840274621,-39.92369410653439,14.38964612090696,-21.02906333457489,0.42740463615758123,-0.2409377672478352,0.8713634541938476
680679.0211805,168,1.0,0.2692749396778656,0.49687570901393363,680679.020076-0 680679.022285-1,-13.02779071399245,-1.5889735334059,33.590841387770624,20.144859377881406,14.176725729741936,-22.709634870330007,-0.4935877466100294,-0.24740356612608483,0.8337641224378325,-39.92369410653439,14.38964612090696,-21.02906333457489,0.42740463615758123,-0.2409377672478352,0.8713634541938476
680679.024218,168,1.0,0.2686371577678529,0.49811791297774033,680679.0261509999-0 680679.022285-1,-13.048636188385819,-1.6274265135241155,33.53440980076418,20.144859377881406,14.176725729741936,-22.709634870330007,-0.49410695890515643,-0.24887296360355696,0.8330189440515027,-39.92369410653439,14.38964612090696,-21.02906333457489,0.42740463615758123,-0.2409377672478352,0.8713634541938476
680679.027287,168,1.0,0.268851091676183,0.49702307839622284,680679.0261509999-0 680679.028423-1,-13.01253494370143,-1.5889189155207957,33.47941711058506,20.144859377881406,14.176725729741936,-22.709634870330007,-0.49410695890515643,-0.24887296360355696,0.8330189440515027,-39.92369410653439,14.38964612090696,-21.02906333457489,0.42826630149223494,-0.24017506866684962,0.8711509119532828
680679.031613,168,1.0,0.2716086610971148,0.4940109732401048,680679.0348029999-0 680679.028423-1,-12.918434173164574,-1.4986467424802479,33.71030111288833,20.144859377881406,14.176725729741936,-22.709634870330007,-0.4917705068499251,-0.2447976010227889,0.835605111955435,-39.92369410653439,14.38964612090696,-21.02906333457489,0.42826630149223494,-0.24017506866684962,0.8711509119532828
680679.0359565,168,1.0,0.27152040629569596,0.4939724040568879,680679.0348029999-0 680679.03711-1,-12.93804620047068,-1.49906866295564,33.746337514838714,20.144859377881406,14.176725729741936,-22.709634870330007,-0.4917705068499251,-0.2447976010227889,0.835605111955435,-39.92369410653439,14.38964612090696,-21.02906333457489,0.4278002193467203,-0.23995693499875284,0.8714399816814135
680679.0392915,168,1.0,0.27256664060889024,0.4947322022742354,680679.041473-0 680679.03711-1,-12.89913633104879,-1.5264583769439657,33.8240935639662,20.144859377881406,14.176725729741936,-22.709634870330007,-0.4908095978725736,-0.2450927791008599,0.8360834098753421,-39.92369410653439,14.38964612090696,-21.02906333457489,0.4278002193467203,-0.23995693499875284,0.8714399816814135
680679.0441175,168,1.0,0.27263291111403853,0.4949509026387713,680679.041473-0 680679.046762-1,-12.882604387956386,-1.532105570813063,33.79189783025138,20.144859377881406,14.176725729741936,-22.709634870330007,-0.4908095978725736,-0.2450927791008599,0.8360834098753421,-39.92369410653439,14.38964612090696,-21.02906333457489,0.4281924582863494,-0.240326204086232,0.8711455299180474
680679.047824,168,1.0,0.27297498851247715,0.49523654608639034,680679.048886-0 680679.046762-1,-12.869807306655149,-1.5422866338881231,33.81711874236525,20.144859377881406,14.176725729741936,-22.709634870330007,-0.4904938650998073,-0.245225569032394,0.8362297462971467,-39.92369410653439,14.38964612090696,-21.02906333457489,0.4281924582863494,-0.240326204086232,0.8711455299180474
680679.0517195,169,1.0,0.27338211434483556,0.49433037558452764,680679.048886-0 680679.054553-1,-12.791316643855895,-1.5061901110206835,33.68235965591778,20.144859377881406,14.176725729741936,-22.709634870330007,-0.4904938650998073,-0.245225569032394,0.8362297462971467,-39.92369410653439,14.38964612090696,-21.02906333457489,0.4300622843509693,-0.24014214454490557,0.8702747738457087
680679.0567905,169,1.0,0.27680092037683773,0.4961637304788852,680679.059028-0 680679.054553-1,-12.664563634070136,-1.5746999016240286,33.939523686134486,20.144859377881406,14.176725729741936,-22.709634870330007,-0.487371544858947,-0.24556300194329084,0.8379545270111037,-39.92369410653439,14.38964612090696,-21.02906333457489,0.4300622843509693,-0.24014214454490557,0.8702747738457087
680679.0607425,169,1.0,0.27695851531286486,0.49573731271534704,680679.059028-0 680679.062457-1,-12.635622400885769,-1.558295475648265,33.890281818846745,20.144859377881406,14.176725729741936,-22.709634870330007,-0.487371544858947,-0.24556300194329084,0.8379545270111037,-39.92369410653439,14.38964612090696,-21.02906333457489,0.4307523507315183,-0.23998219159230977,0.8699775629623001
680679.0636825,169,1.0,0.2811674421225619,0.4960445275375803,680679.064908-0 680679.062457-1,-12.48101268936445,-1.5796841660049754,34.220203847536595,20.144859377881406,14.176725729741936,-22.709634870330007,-0.48357288984219726,-0.24408756665923842,0.8405822505930264,-39.92369410653439,14.38964612090696,-21.02906333457489,0.4307523507315183,-0.23998219159230977,0.8699775629623001
680679.0668615,169,1.0,0.28115628669627474,0.49734554304736933,680679.064908-0 680679.068815-1,-12.471423196814536,-1.6212016098616928,34.19002204296298,20.144859377881406,14.176725729741936,-22.709634870330007,-0.48357288984219726,-0.24408756665923842,0.8405822505930264,-39.92369410653439,14.38964612090696,-21.02906333457489,0.4309769887466306,-0.24136912626422974,0.8694824782923049
680679.071975,169,1.0,0.2844933371418127,0.49646635076266277,680679.0751349999-0 680679.068815-1,-12.349212353243422,-1.6016960838893812,34.460279177645305,20.144859377881406,14.176725729741936,-22.709634870330007,-0.480578187631736,-0.24182309230904198,0.842950886824783,-39.92369410653439,14.38964612090696,-21.02906333457489,0.4309769887466306,-0.24136912626422974,0.8694824782923049
680679.0757355,169,1.0,0.2844897092699718,0.49810624508296586,680679.0751349999-0 680679.076336-1,-12.335336239838506,-1.6540923765935087,34.4184882451781,20.144859377881406,14.176725729741936,-22.709634870330007,-0.480578187631736,-0.24182309230904198,0.842950886824783,-39.92369410653439,14.38964612090696,-21.02906333457489,0.4313027220320393,-0.243136483110827,0.8688282986575956
680679.079463,169,1.0,0.2885133754936746,0.4992654611273042,680679.08259-0 680679.076336-1,-12.183147379100147,-1.7041644718428328,34.734618674981476,20.144859377881406,14.176725729741936,-22.709634870330007,-0.4768663492648879,-0.2412564332094099,0.8452182075498915,-39.92369410653439,14.38964612090696,-21.02906333457489,0.4313027220320393,-0.243136483110827,0.8688282986575956
680679.083906,169,1.0,0.28869614990057413,0.5003210899237522,680679.08259-0 680679.085222-1,-12.13834538108051,-1.7344534785999413,34.63950782825766,20.144859377881406,14.176725729741936,-22.709634870330007,-0.4768663492648879,-0.2412564332094099,0.8452182075498915,-39.92369410653439,14.38964612090696,-21.02906333457489,0.432365679211108,-0.24460175311678825,0.8678881850863686
680679.0884805,170,1.0,0.2914855008147099,0.49740581921398086,680679.0917389999-0 680679.085222-1,-12.037226686918501,-1.6463114038053446,34.88082813596414,20.144859377881406,14.176725729741936,-22.709634870330007,-0.4744004810325099,-0.23722854587870304,0.8477421781511162,-39.92369410653439,14.38964612090696,-21.02906333457489,0.432365679211108,-0.24460175311678825,0.8678881850863686
680679.0922129999,170,1.0,0.29150255847531714,0.4982965314970885,680679.0917389999-0 680679.0926869999-1,-12.026417490130092,-1.6746771007146117,34.85143277715851,20.144859377881406,14.176725729741936,-22.709634870330007,-0.4744004810325099,-0.23722854587870304,0.8477421781511162,-39.92369410653439,14.38964612090696,-21.02906333457489,0.43262064748453316,-0.245594453451334,0.8674806855509833
680679.0954064999,170,1.0,0.29422101403007417,0.49768396275178306,680679.098126-0 680679.0926869999-1,-11.923806117672187,-1.6623763402713623,35.07552899091836,20.144859377881406,14.176725729741936,-22.709634870330007,-0.47190970403448684,-0.23547478635462019,0.8496192419132989,-39.92369410653439,14.38964612090696,-21.02906333457489,0.43262064748453316,-0.245594453451334,0.8674806855509833
680679.0992765,170,1.0,0.2949219177091925,0.4957024774117612,680679.098126-0 680679.100427-1,-11.807795846616527,-1.5859848639514444,34.872196063994416,20.144859377881406,14.176725729741936,-22.709634870330007,-0.47190970403448684,-0.23547478635462019,0.8496192419132989,-39.92369410653439,14.38964612090696,-21.02906333457489,0.43538916091311025,-0.24468352608857638,0.8663522670485942
680679.1033069999,170,1.0,0.297821469251905,0.4969408617932609,680679.1061869999-0 680679.100427-1,-11.694994855099466,-1.6354253047683303,35.100261569873645,20.144859377881406,14.176725729741936,-22.709634870330007,-0.4691846451309541,-0.2354556496715452,0.8511324255432233,-39.92369410653439,14.38964612090696,-21.02906333457489,0.43538916091311025,-0.24468352608857638,0.8663522670485942
680679.1092005,170,1.0,0.29808174461529635,0.4954261949503709,680679.1061869999-0 680679.112214-1,-11.658975232669984,-1.5819349617499485,35.04547431957492,20.144859377881406,14.176725729741936,-22.709634870330007,-0.4691846451309541,-0.2354556496715452,0.8511324255432233,-39.92369410653439,14.38964612090696,-21.02906333457489,0.43625219992990794,-0.2435008331845606,0.8662513274418343
680679.113408,170,1.0,0.29824084144878643,0.49431382787011735,680679.114602-0 680679.112214-1,-11.654407531728856,-1.5454111264736845,35.06461334565838,20.144859377881406,14.176725729741936,-22.709634870330007,-0.4690718913269417,-0.23429827269735148,0.8515138755052692,-39.92369410653439,14.38964612090696,-21.02906333457489,0.43625219992990794,-0.2435008331845606,0.8662513274418343
680679.117751,170,1.0,0.29730150440255954,0.494226711580142,680679.114602-0 680679.1209-1,-11.829494197935256,-1.5582206921453832,35.40454311314305,20.144859377881406,14.176725729741936,-22.709634870330007,-0.4690718913269417,-0.23429827269735148,0.8515138755052692,-39.92369410653439,14.38964612090696,-21.02906333457489,0.4320826674670478,-0.24177042848634936,0.8688219773832194
680679.1213295,171,1.0,0.29492318520781535,0.4964628262001547,680679.121759-0 680679.1209-1,-11.917867264133347,-1.6263394390904962,35.196421845934395,20.144859377881406,14.176725729741936,-22.709634870330007,-0.47121398198558206,-0.2375169693714468,0.8494369149277035,-39.92369410653439,14.38964612090696,-21.02906333457489,0.4320826674670478,-0.24177042848634936,0.8688219773832194
680679.1250964999,171,1.0,0.29392105344898645,0.49981264807250514,680679.121759-0 680679.128434-1,-12.082271572835285,-1.7541349895031821,35.479539345531606,20.144859377881406,14.176725729741936,-22.709634870330007,-0.47121398198558206,-0.2375169693714468,0.8494369149277035,-39.92369410653439,14.38964612090696,-21.02906333457489,0.42817506914477066,-0.2436385240136419,0.8702335202572494
680679.1284584999,171,1.0,0.2935939326705158,0.4986929617534017,680679.128483-0 680679.128434-1,-12.09642335646766,-1.7153816833633169,35.45875932925243,20.144859377881406,14.176725729741936,-22.709634870330007,-0.47155457712948484,-0.23655208777271935,0.8495171514210881,-39.92369410653439,14.38964612090696,-21.02906333457489,0.42817506914477066,-0.2436385240136419,0.8702335202572494
680679.132456,171,1.0,0.29369743428697087,0.4982788418604509,680679.128483-0 680679.136429-1,-12.0798403636371,-1.6998881119664286,35.431006920022185,20.144859377881406,14.176725729741936,-22.709634870330007,-0.47155457712948484,-0.23655208777271935,0.8495171514210881,-39.92369410653439,14.38964612090696,-21.02906333457489,0.4285686762976202,-0.24337177741529847,0.8701143991764667
680679.137322,171,1.0,0.2951219961088538,0.49706178968855574,680679.138215-0 680679.136429-1,-12.026709224651544,-1.6631663804713481,35.55616116121721,20.144859377881406,14.176725729741936,-22.709634870330007,-0.47026509606301203,-0.23473958059265737,0.8507338412970469,-39.92369410653439,14.38964612090696,-21.02906333457489,0.4285686762976202,-0.24337177741529847,0.8701143991764667
680679.1412905001,171,1.0,0.2957612604746464,0.4937006555689927,680679.138215-0 680679.144366-1,-11.932163437703158,-1.541794161402219,35.40695835274805,20.144859377881406,14.176725729741936,-22.709634870330007,-0.47026509606301203,-0.23473958059265737,0.8507338412970469,-39.92369410653439,14.38964612090696,-21.02906333457489,0.43081792914376266,-0.2408510238861117,0.8697049477962577
680679.1443429999,171,1.0,0.2970791638837157,0.49373824233028774,680679.14432-0 680679.144366-1,-11.88122401648149,-1.5467249567687258,35.515841419982124,20.144859377881406,14.176725729741936,-22.709634870330007,-0.46903359901444436,-0.23420868266494138,0.8515596138614782,-39.92369410653439,14.38964612090696,-21.02906333457489,0.43081792914376266,-0.2408510238861117,0.8697049477962577
680679.148407,171,1.0,0.2962850561460634,0.4922324680606517,680679.152448-0 680679.144366-1,-11.91403840834933,-1.4938388455618652,35.45843310327517,20.144859377881406,14.176725729741936,-22.709634870330007,-0.4698235475893221,-0.23306519633227948,0.8514378711269422,-39.92369410653439,14.38964612090696,-21.02906333457489,0.43081792914376266,-0.2408510238861117,0.8697049477962577
680679.1532455,171,1.0,0.2967813210286552,0.4898710434666239,680679.152448-0 680679.154043-1,-11.839578440267177,-1.4086239423777283,35.33758826443588,20.144859377881406,14.176725729741936,-22.709634870330007,-0.4698235475893221,-0.23306519633227948,0.8514378711269422,-39.92369410653439,14.38964612090696,-21.02906333457489,0.4325923936251461,-0.2391689983951038,0.8692882210086301
680679.157568,172,1.0,0.2966512356075223,0.4881756891119404,680679.161093-0 680679.154043-1,-11.847003963162903,-1.3514344673271346,35.336169857660195,20.144859377881406,14.176725729741936,-22.709634870330007,-0.46999941591677385,-0.23145056989354612,0.8517811824253009,-39.92369410653439,14.38964612090696,-21.02906333457489,0.4325923936251461,-0.2391689983951038,0.8692882210086301
680679.1612485,172,1.0,0.2972809017014626,0.4867680415964146,680679.161093-0 680679.161404-1,-11.740771096053672,-1.296414323764279,35.144427770306095,20.144859377881406,14.176725729741936,-22.709634870330007,-0.46999941591677385,-0.23145056989354612,0.8517811824253009,-39.92369410653439,14.38964612090696,-21.02906333457489,0.4351253255440123,-0.23876865929239266,0.8681333298577648
680679.1648855,172,0.981668621301651,0.2979253633008095,0.4869588464217026,680679.168367-0 680679.161404-1,-11.715683498413872,-1.3042826580794111,35.19597689874339,20.144859377881406,14.176725729741936,-22.709634870330007,-0.46939370251464346,-0.23135898598549418,0.8521399953313763,-39.92369410653439,14.38964612090696,-21.02906333457489,0.4351253255440123,-0.23876865929239266,0.8681333298577648
680679.1683785,172,0.981668621301651,0.2984334606630984,0.4854608308330586,680679.168367-0 680679.16839-1,-11.634025529736416,-1.2485069241767501,35.05224518420171,20.144859377881406,14.176725729741936,-22.709634870330007,-0.46939370251464346,-0.23135898598549418,0.8521399953313763,-39.92369410653439,14.38964612090696,-21.02906333457489,0.4370778492533547,-0.2380509351003364,0.8673492410730047
680679.172462,172,1.0,0.29814207398062986,0.48495925955595676,680679.176534-0 680679.16839-1,-11.645949067358778,-1.2311875516092465,35.03132593209875,20.144859377881406,14.176725729741936,-22.709634870330007,-0.4696805393136522,-0.23099298373062851,0.8520812358321582,-39.92369410653439,14.38964612090696,-21.02906333457489,0.4370778492533547,-0.2380509351003364,0.8673492410730047
680679.1769135,172,1.0,0.2984491458549156,0.4834339760387685,680679.176534-0 680679.1772929999-1,-11.601823817335568,-1.1776299303329845,34.960502054545756,20.144859377881406,14.176725729741936,-22.709634870330007,-0.4696805393136522,-0.23099298373062851,0.8520812358321582,-39.92369410653439,14.38964612090696,-21.02906333457489,0.43813639830625933,-0.2369487878108986,0.8671169289283679
680679.181478,172,1.0,0.2981846266739275,0.48269627358644607,680679.185663-0 680679.1772929999-1,-11.613040572180788,-1.1526161227568146,34.94309381691214,20.144859377881406,14.176725729741936,-22.709634870330007,-0.4699498195809115,-0.23038453786875557,0.8520974896024917,-39.92369410653439,14.38964612090696,-21.02906333457489,0.43813639830625933,-0.2369487878108986,0.8671169289283679
680679.1851240001,172,1.0,0.2982922176371439,0.48090651819483243,680679.185663-0 680679.184585-1,-11.60756131967189,-1.093099333523484,34.94952046882847,20.144859377881406,14.176725729741936,-22.709634870330007,-0.4699498195809115,-0.23038453786875557,0.8520974896024917,-39.92369410653439,14.38964612090696,-21.02906333457489,0.43827176692617853,-0.23520422100684588,0.8675233903105829
680679.1890175,173,1.0,0.29826963979890136,0.48051955783145184,680679.185663-0 680679.192372-1,-11.614744691459077,-1.0807567120823842,34.96708972223672,20.144859377881406,14.176725729741936,-22.709634870330007,-0.4699498195809115,-0.23038453786875557,0.8520974896024917,-39.92369410653439,14.38964612090696,-21.02906333457489,0.4381008525694974,-0.23474418500285224,0.8677342972276859
680679.192369,173,1.0,0.29828852784309196,0.4814028644643209,680679.192366-0 680679.192372-1,-11.612741821134719,-1.1101034730405699,34.963904388847894,20.144859377881406,14.176725729741936,-22.709634870330007,-0.4699033652973468,-0.23124273377871948,0.8518906181880231,-39.92369410653439,14.38964612090696,-21.02906333457489,0.4381008525694974,-0.23474418500285224,0.8677342972276859
680679.19652,173,1.0,0.29777547901542994,0.4784978769299444,680679.200668-0 680679.192372-1,-11.636639730622479,-1.0127581029924775,34.93787216880109,20.144859377881406,14.176725729741936,-22.709634870330007,-0.4704744177732584,-0.2286165577784635,0.8522841613748549,-39.92369410653439,14.38964612090696,-21.02906333457489,0.4381008525694974,-0.23474418500285224,0.8677342972276859
680679.2006415001,173,1.0,0.29807522329127634,0.47770795479104255,680679.200668-0 680679.200615-1,-11.588160554894676,-0.9838423284366211,34.85158073740601,20.144859377881406,14.176725729741936,-22.709634870330007,-0.4704744177732584,-0.2286165577784635,0.8522841613748549,-39.92369410653439,14.38964612090696,-21.02906333457489,0.4392632080652496,-0.23443356464798593,0.867230498660341
680679.204434,173,1.0,0.2984158022424956,0.47548345560568817,680679.200668-0 680679.2082-1,-11.54391852234539,-0.9080639283539913,34.78689185700192,20.144859377881406,14.176725729741936,-22.709634870330007,-0.4704744177732584,-0.2286165577784635,0.8522841613748549,-39.92369410653439,14.38964612090696,-21.02906333457489,0.44032880940057223,-0.23264347214627867,0.867172159654355
680679.20883,173,1.0,0.2973874449832352,0.476276433721598,680679.20946-0 680679.2082-1,-11.582086674072306,-0.9325490665988259,34.7004966381446,20.144859377881406,14.176725729741936,-22.709634870330007,-0.47139869968674525,-0.2298424020174217,0.851443325282727,-39.92369410653439,14.38964612090696,-21.02906333457489,0.44032880940057223,-0.23264347214627867,0.867172159654355
680679.2136015,173,1.0,0.297285552732934,0.47636488995587545,680679.20946-0 680679.217743-1,-11.599952706211965,-0.9364345491692259,34.73413603664373,20.144859377881406,14.176725729741936,-22.709634870330007,-0.47139869968674525,-0.2298424020174217,0.851443325282727,-39.92369410653439,14.38964612090696,-21.02906333457489,0.439900232946489,-0.23255270050867513,0.867413987977913
680679.2171175,173,1.0,0.29546408903933563,0.47717520473739694,680679.216492-0 680679.217743-1,-11.668132379785623,-0.9600710186083701,34.584576800354384,20.144859377881406,14.176725729741936,-22.709634870330007,-0.4730506726392283,-0.2314291443200658,0.8500962370666367,-39.92369410653439,14.38964612090696,-21.02906333457489,0.439900232946489,-0.23255270050867513,0.867413987977913
680679.2210515,174,1.0,0.2949080917150758,0.4769619216549915,680679.22436-0 680679.217743-1,-11.689546108247136,-0.9521252786705645,34.54149154454811,20.144859377881406,14.176725729741936,-22.709634870330007,-0.47356908085087107,-0.23146285675201406,0.8497983711482727,-39.92369410653439,14.38964612090696,-21.02906333457489,0.439900232946489,-0.23255270050867513,0.867413987977913
680679.2243585,174,1.0,0.2943366881901447,0.4792720006832958,680679.22436-0 680679.224357-1,-11.776689790175762,-1.0329995115217532,34.687003152711725,20.144859377881406,14.176725729741936,-22.709634870330007,-0.47356908085087107,-0.23146285675201406,0.8497983711482727,-39.92369410653439,14.38964612090696,-21.02906333457489,0.43780729569310955,-0.2340014835526949,0.8680829900032738
680679.2284655,174,1.0,0.2940263441390362,0.4794426796172294,680679.22436-0 680679.232571-1,-11.833348704334039,-1.0420359184152748,34.79398783827128,20.144859377881406,14.176725729741936,-22.709634870330007,-0.47356908085087107,-0.23146285675201406,0.8497983711482727,-39.92369410653439,14.38964612090696,-21.02906333457489,0.43645224755455736,-0.23361275680441368,0.8688696769152536
680679.2325565,174,1.0,0.2921825274488323,0.4800018294410251,680679.232542-0 680679.232571-1,-11.902429174053923,-1.0570967310603878,34.64317985121597,20.144859377881406,14.176725729741936,-22.709634870330007,-0.4752469896869187,-0.23281322230012255,0.8484917809358881,-39.92369410653439,14.38964612090696,-21.02906333457489,0.43645224755455736,-0.23361275680441368,0.8688696769152536
680679.236471,174,1.0,0.2898082859331834,0.4801670686189302,680679.240371-0 680679.232571-1,-11.99162128744141,-1.0581297413555646,34.453072562489396,20.144859377881406,14.176725729741936,-22.709634870330007,-0.4774164475081986,-0.23400519778585807,0.8469445690585969,-39.92369410653439,14.38964612090696,-21.02906333457489,0.43645224755455736,-0.23361275680441368,0.8688696769152536
680679.2412715,174,1.0,0.28922041643103513,0.4819097021360573,680679.240371-0 680679.242172-1,-12.089986800386763,-1.1215340057952172,34.62327511793029,20.144859377881406,14.176725729741936,-22.709634870330007,-0.4774164475081986,-0.23400519778585807,0.8469445690585969,-39.92369410653439,14.38964612090696,-21.02906333457489,0.4340991653866311,-0.2343995066468581,0.8698360684027421
680679.2457375,174,1.0,0.28574533239413047,0.4831422279821552,680679.2493029999-0 680679.242172-1,-12.218119197300608,-1.1551848098715825,34.33980447602269,20.144859377881406,14.176725729741936,-22.709634870330007,-0.4805448930551144,-0.2367129958591269,0.844419068561366,-39.92369410653439,14.38964612090696,-21.02906333457489,0.4340991653866311,-0.2343995066468581,0.8698360684027421
680679.2494514999,174,1.0,0.2853352340861568,0.4847721827926872,680679.2493029999-0 680679.2496-1,-12.28486547539255,-1.2131122316196699,34.4499766776417,20.144859377881406,14.176725729741936,-22.709634870330007,-0.4805448930551144,-0.2367129958591269,0.844419068561366,-39.92369410653439,14.38964612090696,-21.02906333457489,0.4325036152151674,-0.23539060695618713,0.870363076527611
680679.2534330001,174,1.0,0.2830752862049918,0.4844635832808126,680679.257266-0 680679.2496-1,-12.369244377060973,-1.198240136114915,34.27202047487733,20.144859377881406,14.176725729741936,-22.709634870330007,-0.482608856722775,-0.23738551319641185,0.8430520799673126,-39.92369410653439,14.38964612090696,-21.02906333457489,0.4325036152151674,-0.23539060695618713,0.870363076527611
680679.2581825,175,1.0,0.28249911224768115,0.4865543992723499,680679.257266-0 680679.259099-1,-12.466723887746674,-1.2736187165336297,34.434492036246596,20.144859377881406,14.176725729741936,-22.709634870330007,-0.482608856722775,-0.23738551319641185,0.8430520799673126,-39.92369410653439,14.38964612090696,-21.02906333457489,0.4301778596988809,-0.23655761332202022,0.8711988892349894
680679.2617365001,175,1.0,0.28124819877265433,0.48811142561352583,680679.264374-0 680679.259099-1,-12.51063016950378,-1.3220371867037022,34.32642336213647,20.144859377881406,14.176725729741936,-22.709634870330007,-0.48368854614153767,-0.23944464729428094,0.8418501358398669,-39.92369410653439,14.38964612090696,-21.02906333457489,0.4301778596988809,-0.23655761332202022,0.8711988892349894
680679.2646415001,175,1.0,0.2809708985732267,0.4911299975920098,680679.264374-0 680679.264909-1,-12.539512178698812,-1.4231605361400934,34.351710168728545,20.144859377881406,14.176725729741936,-22.709634870330007,-0.48368854614153767,-0.23944464729428094,0.8418501358398669,-39.92369410653439,14.38964612090696,-21.02906333457489,0.4294832526040657,-0.2393130684576977,0.8707889474482284
680679.2691495,175,1.0,0.27844166883569355,0.4916944909991581,680679.27339-0 680679.264909-1,-12.631698502822267,-1.4354372341906254,34.1478311310339,20.144859377881406,14.176725729741936,-22.709634870330007,-0.48595431174276654,-0.24107383165631457,0.8400784574009483,-39.92369410653439,14.38964612090696,-21.02906333457489,0.4294832526040657,-0.2393130684576977,0.8707889474482284
680679.272932,175,1.0,0.2779808002960639,0.49257907738946893,680679.27339-0 680679.272474-1,-12.719835893981507,-1.4716338145206205,34.3023962118223,20.144859377881406,14.176725729741936,-22.709634870330007,-0.48595431174276654,-0.24107383165631457,0.8400784574009483,-39.92369410653439,14.38964612090696,-21.02906333457489,0.4273878410558031,-0.2393827457459193,0.8718001688212753
680679.277306,175,1.0,0.27753095137673117,0.4953304731865531,680679.27339-0 680679.281222-1,-12.788475651680356,-1.5678038586532823,34.40303242672045,20.144859377881406,14.176725729741936,-22.709634870330007,-0.48595431174276654,-0.24107383165631457,0.8400784574009483,-39.92369410653439,14.38964612090696,-21.02906333457489,0.4257535415417125,-0.24151386634670052,0.8720120264233499
680679.280915,175,1.0,0.27580151684240695,0.49716472976112724,680679.280608-0 680679.281222-1,-12.849072295894443,-1.6234552894505585,34.2546989636056,20.144859377881406,14.176725729741936,-22.709634870330007,-0.487450753680249,-0.24360052307116611,0.83848109572966,-39.92369410653439,14.38964612090696,-21.02906333457489,0.4257535415417125,-0.24151386634670052,0.8720120264233499
680679.284829,175,1.0,0.2748556228638885,0.49617544763883015,680679.288436-0 680679.281222-1,-12.885112134204824,-1.5883344920759201,34.184840452882185,20.144859377881406,14.176725729741936,-22.709634870330007,-0.4883377658497455,-0.24303647554021815,0.8381285688973189,-39.92369410653439,14.38964612090696,-21.02906333457489,0.4257535415417125,-0.24151386634670052,0.8720120264233499
680679.2886409999,176,1.0,0.27473234923261874,0.49800754864293484,680679.288436-0 680679.288846-1,-12.893550256885176,-1.648993456497494,34.18280597511213,20.144859377881406,14.176725729741936,-22.709634870330007,-0.4883377658497455,-0.24303647554021815,0.8381285688973189,-39.92369410653439,14.38964612090696,-21.02906333457489,0.4255485431400932,-0.2432728603075978,0.8716230566415187
680679.292778,176,1.0,0.2727864606192956,0.4996597921073348,680679.29671-0 680679.288846-1,-12.961751484761486,-1.6975576023247818,34.0193083542283,20.144859377881406,14.176725729741936,-22.709634870330007,-0.4900254653338813,-0.2454671598498648,0.8364334502873219,-39.92369410653439,14.38964612090696,-21.02906333457489,0.4255485431400932,-0.2432728603075978,0.8716230566415187
680679.2965289999,176,1.0,0.2725489013111274,0.5006830682379771,680679.29671-0 680679.296348-1,-13.003416142741182,-1.7349420981465071,34.08558659164125,20.144859377881406,14.176725729741936,-22.709634870330007,-0.4900254653338813,-0.2454671598498648,0.8364334502873219,-39.92369410653439,14.38964612090696,-21.02906333457489,0.4245587686181225,-0.24392404606394022,0.8719236845855608
680679.3012815,176,1.0,0.27236190655592285,0.5012217432845784,680679.29671-0 680679.305853-1,-13.039060486505297,-1.7560345964706965,34.145486416807415,20.144859377881406,14.176725729741936,-22.709634870330007,-0.4900254653338813,-0.2454671598498648,0.8364334502873219,-39.92369410653439,14.38964612090696,-21.02906333457489,0.4237137771606507,-0.24414615575275325,0.8722724859098826
680679.305032,176,1.0,0.2712893380374985,0.5037983476501757,680679.304211-0 680679.305853-1,-13.073968819205563,-1.8372416430622263,34.04574433704998,20.144859377881406,14.176725729741936,-22.709634870330007,-0.49089406567868066,-0.2484274114501821,0.8350490030660574,-39.92369410653439,14.38964612090696,-21.02906333457489,0.4237137771606507,-0.24414615575275325,0.8722724859098826
680679.3090605,176,1.0,0.2820279359641914,0.5185120205346245,680679.312268-0 680679.305853-1,-12.657761110931041,-2.3620194824198677,34.82248444171378,20.144859377881406,14.176725729741936,-22.709634870330007,-0.48067277182356366,-0.2583142168845131,0.8379901263038803,-39.92369410653439,14.38964612090696,-21.02906333457489,0.4237137771606507,-0.24414615575275325,0.8722724859098826
680679.3123925,176,1.0,0.28347510263217357,0.5245255345020913,680679.312268-0 680679.312517-1,-12.311809674266458,-2.510713539245046,34.11842176346694,20.144859377881406,14.176725729741936,-22.709634870330007,-0.48067277182356366,-0.2583142168845131,0.8379901263038803,-39.92369410653439,14.38964612090696,-21.02906333457489,0.43189450058022394,-0.25301891275977506,0.8657069770738941
680679.3175555,176,1.0,0.30347562151749063,0.5561708670572507,680679.322594-0 680679.312517-1,-11.508083152752324,-3.6655752152067347,35.52506665843389,20.144859377881406,14.176725729741936,-22.709634870330007,-0.4612870790801779,-0.2811134009718307,0.8415399494187594,-39.92369410653439,14.38964612090696,-21.02906333457489,0.43189450058022394,-0.25301891275977506,0.8657069770738941
680679.322774,177,1.0,0.30587329393870405,0.570122789700074,680679.322594-0 680679.322954-1,-11.00460021708498,-4.007948026684343,34.397499959721905,20.144859377881406,14.176725729741936,-22.709634870330007,-0.4612870790801779,-0.2811134009718307,0.8415399494187594,-39.92369410653439,14.38964612090696,-21.02906333457489,0.4438768696264735,-0.27037985175651313,0.8543231592171245
680679.3263005,177,1.0,0.330137253043544,0.6095435876654365,680679.329647-0 680679.322954-1,-9.986883999649676,-5.52234447827496,36.06318735068218,20.144859377881406,14.176725729741936,-22.709634870330007,-0.43736191909570016,-0.31036344180338693,0.8440314482985108,-39.92369410653439,14.38964612090696,-21.02906333457489,0.4438768696264735,-0.27037985175651313,0.8543231592171245
680679.329385,177,1.0,0.33324318287904137,0.6261016623554806,680679.329647-0 680679.329123-1,-9.464129529379404,-5.8810753115724985,34.798050080218246,20.144859377881406,14.176725729741936,-22.709634870330007,-0.43736191909570016,-0.31036344180338693,0.8440314482985108,-39.92369410653439,14.38964612090696,-21.02906333457489,0.45647366068832035,-0.28943924155919126,0.8413422148825318
680679.3332445,177,1.0,0.3367516190444155,0.6459629427538169,680679.329647-0 680679.336842-1,-8.903367195597053,-6.286624320901376,33.40875248458082,20.144859377881406,14.176725729741936,-22.709634870330007,-0.43736191909570016,-0.31036344180338693,0.8440314482985108,-39.92369410653439,14.38964612090696,-21.02906333457489,0.47018410186765786,-0.31109369071901755,0.8259222880790446
680679.336925,177,1.0,0.36303952132471295,0.6806839477906861,680679.337008-0 680679.336842-1,-7.7743760606469525,-7.74251635120193,35.136678189930606,20.144859377881406,14.176725729741936,-22.709634870330007,-0.4115145641367976,-0.3354038797968506,0.8474432139798639,-39.92369410653439,14.38964612090696,-21.02906333457489,0.47018410186765786,-0.31109369071901755,0.8259222880790446
680679.341749,177,1.0,0.36673477701028157,0.6956939551388113,680679.337008-0 680679.34649-1,-7.3075790356761825,-7.971252057968812,33.922385584444726,20.144859377881406,14.176725729741936,-22.709634870330007,-0.4115145641367976,-0.3354038797968506,0.8474432139798639,-39.92369410653439,14.38964612090696,-21.02906333457489,0.4818113820414163,-0.32684023616574037,0.8130395145123411
680679.3460065001,177,1.0,0.3894195576826849,0.7223083967835078,680679.345523-0 680679.34649-1,-6.274953566016759,-9.216321877703125,35.45567374175975,20.144859377881406,14.176725729741936,-22.709634870330007,-0.38847804742993197,-0.35487961049310346,0.8503794851249002,-39.92369410653439,14.38964612090696,-21.02906333457489,0.4818113820414163,-0.32684023616574037,0.8130395145123411
680679.3498625,177,1.0,0.4079367700400914,0.7463274793879416,680679.3532349999-0 680679.34649-1,-5.365560946327772,-10.403345396014716,36.75992067814137,20.144859377881406,14.176725729741936,-22.709634870330007,-0.36874378206348246,-0.37364228596890603,0.8511283483267661,-39.92369410653439,14.38964612090696,-21.02906333457489,0.4818113820414163,-0.32684023616574037,0.8130395145123411
680679.353835,177,1.0,0.4123194660598898,0.7593251269882715,680679.3532349999-0 680679.354435-1,-4.933421372792045,-10.51435063108566,35.517276146755854,20.144859377881406,14.176725729741936,-22.709634870330007,-0.36874378206348246,-0.37364228596890603,0.8511283483267661,-39.92369410653439,14.38964612090696,-21.02906333457489,0.49290501280183546,-0.339944060620748,0.8009261414159857
680679.357412,178,1.0,0.4180808285120149,0.769321360683913,680679.360389-0 680679.354435-1,-4.6414651686046415,-10.979050943195027,35.880964702978645,20.144859377881406,14.176725729741936,-22.709634870330007,-0.36249718190015456,-0.3819753913216423,0.8501121064536866,-39.92369410653439,14.38964612090696,-21.02906333457489,0.49290501280183546,-0.339944060620748,0.8009261414159857
680679.3610789999,178,1.0,0.42130725783527956,0.7787339721906472,680679.360389-0 680679.361769-1,-4.346313470768621,-11.048258755514782,35.01091498507584,20.144859377881406,14.176725729741936,-22.709634870330007,-0.36249718190015456,-0.3819753913216423,0.8501121064536866,-39.92369410653439,14.38964612090696,-21.02906333457489,0.500595692491361,-0.3490660473579017,0.7921848567354881
680679.365856,178,1.0,0.42083284095573736,0.7794465814598031,680679.369943-0 680679.361769-1,-4.369649510636641,-11.059872321477847,34.96207933382329,20.144859377881406,14.176725729741936,-22.709634870330007,-0.36300250528821804,-0.38269909155550935,0.849570824873986,-39.92369410653439,14.38964612090696,-21.02906333457489,0.500595692491361,-0.3490660473579017,0.7921848567354881
680679.3698895001,178,1.0,0.42225406269169674,0.7794362107696479,680679.369943-0 680679.369836-1,-4.247342982216612,-10.96130530182216,34.66131900506615,20.144859377881406,14.176725729741936,-22.709634870330007,-0.36300250528821804,-0.38269909155550935,0.849570824873986,-39.92369410653439,14.38964612090696,-21.02906333457489,0.5038064551736233,-0.3491548377350938,0.7901075591408858
680679.3731245,178,1.0,0.4235029919219061,0.77786502834376,680679.369943-0 680679.3763059999-1,-4.143058307778336,-10.828555636733958,34.428083785373346,20.144859377881406,14.176725729741936,-22.709634870330007,-0.36300250528821804,-0.38269909155550935,0.849570824873986,-39.92369410653439,14.38964612090696,-21.02906333457489,0.5065553272530678,-0.3477924468948795,0.7889500074874262
680679.3763059999,178,1.0,0.4226428313649385,0.7767924710845343,680679.3763059999-0 680679.3763059999-1,-4.185833176564731,-10.774329700126026,34.37207702474332,20.144859377881406,14.176725729741936,-22.709634870330007,-0.36392275408622443,-0.3818456846326089,0.8495611232782204,-39.92369410653439,14.38964612090696,-21.02906333457489,0.5065553272530678,-0.3477924468948795,0.7889500074874262
680679.3810389999,178,1.0,0.4235254315931818,0.7740944402302736,680679.3763059999-0 680679.385772-1,-4.114327889277394,-10.63389231193622,34.23614203386924,20.144859377881406,14.176725729741936,-22.709634870330007,-0.36392275408622443,-0.3818456846326089,0.8495611232782204,-39.92369410653439,14.38964612090696,-21.02906333457489,0.5084458682452636,-0.3453816967958608,0.7887929275689101
680679.3851905,178,1.0,0.4236045539663357,0.7728535273573396,680679.384609-0 680679.385772-1,-4.11094010120217,-10.59650490396752,34.25832023283401,20.144859377881406,14.176725729741936,-22.709634870330007,-0.3638443954409845,-0.38070831985999765,0.8501049529884894,-39.92369410653439,14.38964612090696,-21.02906333457489,0.5084458682452636,-0.3453816967958608,0.7887929275689101
680679.3894549999,179,1.0,0.42474881008019966,0.7708469136226359,680679.393138-0 680679.385772-1,-4.0554530171920895,-10.559216067952459,34.37620883860761,20.144859377881406,14.176725729741936,-22.709634870330007,-0.36263617693437367,-0.37871732125365487,0.8515093621099402,-39.92369410653439,14.38964612090696,-21.02906333457489,0.5084458682452636,-0.3453816967958608,0.7887929275689101
680679.3927215,179,1.0,0.42458367692167676,0.7727866216497725,680679.393138-0 680679.392305-1,-4.06745730108462,-10.628960050019902,34.37728297383384,20.144859377881406,14.176725729741936,-22.709634870330007,-0.36263617693437367,-0.37871732125365487,0.8515093621099402,-39.92369410653439,14.38964612090696,-21.02906333457489,0.5081263092849069,-0.3471497670218526,0.7882224895733262
680679.3970825,179,1.0,0.42450662799467304,0.7749413987649214,680679.393138-0 680679.401027-1,-4.071940239897927,-10.699492970716861,34.35640707408043,20.144859377881406,14.176725729741936,-22.709634870330007,-0.36263617693437367,-0.37871732125365487,0.8515093621099402,-39.92369410653439,14.38964612090696,-21.02906333457489,0.5080053643953782,-0.349123093513296,0.7874284826707916
680679.401024,179,1.0,0.4267354109966945,0.7749127331999194,680679.401021-0 680679.401027-1,-3.9615445209655586,-10.750602142392795,34.53798093799101,20.144859377881406,14.176725729741936,-22.709634870330007,-0.36025413959091884,-0.37836921258309963,0.852674436040422,-39.92369410653439,14.38964612090696,-21.02906333457489,0.5080053643953782,-0.349123093513296,0.7874284826707916
680679.4055880001,179,1.0,0.4302156338891936,0.776081126232491,680679.410149-0 680679.401027-1,-3.7866438071140553,-10.870596456671175,34.809187569937805,20.144859377881406,14.176725729741936,-22.709634870330007,-0.3564999728009793,-0.3789366189956082,0.8539993022111191,-39.92369410653439,14.38964612090696,-21.02906333457489,0.5080053643953782,-0.349123093513296,0.7874284826707916
680679.410026,179,1.0,0.43069300243978503,0.7782289360519422,680679.410149-0 680679.409903-1,-3.7459058249727857,-10.904970665309309,34.67422363384482,20.144859377881406,14.176725729741936,-22.709634870330007,-0.3564999728009793,-0.3789366189956082,0.8539993022111191,-39.92369410653439,14.38964612090696,-21.02906333457489,0.5090850234438616,-0.3511417669664162,0.785831978476866
680679.4134005001,179,1.0,0.43170909979938443,0.7782565354701025,680679.410149-0 680679.416652-1,-3.6636511582250115,-10.838881547048853,34.46685768608352,20.144859377881406,14.176725729741936,-22.709634870330007,-0.3564999728009793,-0.3789366189956082,0.8539993022111191,-39.92369410653439,14.38964612090696,-21.02906333457489,0.511273585474109,-0.35124132966029975,0.78436525237603
680679.416986,179,1.0,0.432044717358247,0.7777715451236688,680679.41732-0 680679.416652-1,-3.6469382900146226,-10.83144193189519,34.50046438551246,20.144859377881406,14.176725729741936,-22.709634870330007,-0.3561391868573545,-0.3784477994613231,0.8543665154179817,-39.92369410653439,14.38964612090696,-21.02906333457489,0.511273585474109,-0.35124132966029975,0.78436525237603
680679.4208475,179,1.0,0.4319963630231912,0.7785478427814192,680679.41732-0 680679.424375-1,-3.6502141152686374,-10.858292694744925,34.49700185300401,20.144859377881406,14.176725729741936,-22.709634870330007,-0.3561391868573545,-0.3784477994613231,0.8543665154179817,-39.92369410653439,14.38964612090696,-21.02906333457489,0.5111854646707784,-0.35195061866773336,0.7841047013815948
680679.4244885,180,1.0,0.4352693426398332,0.780062135224026,680679.424602-0 680679.424375-1,-3.4838781069855127,-10.985805071206215,34.74668424462221,20.144859377881406,14.176725729741936,-22.709634870330007,-0.3525827415874036,-0.3793793033190745,0.8554278196013054,-39.92369410653439,14.38964612090696,-21.02906333457489,0.5111854646707784,-0.35195061866773336,0.7841047013815948
680679.4301025,180,1.0,0.43459536212173405,0.7813766148703599,680679.424602-0 680679.435603-1,-3.5368083681797735,-11.070985928527703,34.861380126034106,20.144859377881406,14.176725729741936,-22.709634870330007,-0.3525827415874036,-0.3793793033190745,0.8554278196013054,-39.92369410653439,14.38964612090696,-21.02906333457489,0.5097715182852159,-0.3531166619383619,0.7845008745735685
680679.4359855,180,1.0,0.4327427512400095,0.7778021241435399,680679.436368-0 680679.435603-1,-3.6323016607988237,-10.910824704896084,34.753818901983365,20.144859377881406,14.176725729741936,-22.709634870330007,-0.3546103096711633,-0.3763601449990127,0.8559232264235173,-39.92369410653439,14.38964612090696,-21.02906333457489,0.5097715182852159,-0.3531166619383619,0.7845008745735685
680679.4389470001,180,1.0,0.4316741856227235,0.778133519318174,680679.436368-0 680679.441526-1,-3.7188753245254986,-10.992055950010167,34.96796335611478,20.144859377881406,14.176725729741936,-22.709634870330007,-0.3546103096711633,-0.3763601449990127,0.8559232264235173,-39.92369410653439,14.38964612090696,-21.02906333457489,0.5074688633379502,-0.35334126162644575,0.785891408258622
680679.4429325,180,1.0,0.432609171453023,0.7793553419550909,680679.444339-0 680679.441526-1,-3.670790684115751,-11.054478849192977,35.0303434454127,20.144859377881406,14.176725729741936,-22.709634870330007,-0.3535876604824304,-0.3773517735496111,0.8559096946252709,-39.92369410653439,14.38964612090696,-21.02906333457489,0.5074688633379502,-0.35334126162644575,0.785891408258622
680679.4463285,180,1.0,0.4320948723592347,0.7774571894672033,680679.444339-0 680679.448318-1,-3.7143997842363046,-11.030137697206808,35.170252883785864,20.144859377881406,14.176725729741936,-22.709634870330007,-0.3535876604824304,-0.3773517735496111,0.8559096946252709,-39.92369410653439,14.38964612090696,-21.02906333457489,0.5063126788548111,-0.3515425757010312,0.7874422446759822
680679.4515569999,180,1.0,0.43360864290564266,0.7806585124463088,680679.454796-0 680679.448318-1,-3.63558951888127,-11.171807292652852,35.256320170315526,20.144859377881406,14.176725729741936,-22.709634870330007,-0.35192054459558003,-0.3800891743485052,0.8553853808866632,-39.92369410653439,14.38964612090696,-21.02906333457489,0.5063126788548111,-0.3515425757010312,0.7874422446759822
680679.456563,181,1.0,0.4338876104499641,0.7807917641125955,680679.454796-0 680679.4583299999-1,-3.6127182954471984,-11.1570485555984,35.1959188693608,20.144859377881406,14.176725729741936,-22.709634870330007,-0.35192054459558003,-0.3800891743485052,0.8553853808866632,-39.92369410653439,14.38964612090696,-21.02906333457489,0.5069204542427341,-0.35168633322919896,0.7869868970257005
680679.4598645,181,1.0,0.4369796254095033,0.7818319950214135,680679.461399-0 680679.4583299999-1,-3.4521576626807935,-11.268931974925868,35.44499074155543,20.144859377881406,14.176725729741936,-22.709634870330007,-0.3485128470793227,-0.38062103299285593,0.8565432999353366,-39.92369410653439,14.38964612090696,-21.02906333457489,0.5069204542427341,-0.35168633322919896,0.7869868970257005
680679.4632635,181,1.0,0.43679317110195515,0.7814132812896564,680679.461399-0 680679.465128-1,-3.4675393753988093,-11.268448254736462,35.49115876077211,20.144859377881406,14.176725729741936,-22.709634870330007,-0.3485128470793227,-0.38062103299285593,0.8565432999353366,-39.92369410653439,14.38964612090696,-21.02906333457489,0.5065109529810398,-0.3512827500473419,0.787430685222144
680679.4685275,181,1.0,0.43760763755930865,0.7842334404363869,680679.471927-0 680679.465128-1,-3.4240680594269364,-11.381809033258726,35.52353406633419,20.144859377881406,14.176725729741936,-22.709634870330007,-0.3476034178218734,-0.38311862469649954,0.8557990320917727,-39.92369410653439,14.38964612090696,-21.02906333457489,0.5065109529810398,-0.3512827500473419,0.787430685222144
680679.473554,181,1.0,0.4377033524729502,0.7833127437996251,680679.471927-0 680679.475181-1,-3.4169790537607234,-11.34621542263223,35.51950012320874,20.144859377881406,14.176725729741936,-22.709634870330007,-0.3476034178218734,-0.38311862469649954,0.8557990320917727,-39.92369410653439,14.38964612090696,-21.02906333457489,0.5067006706254588,-0.35042995482933986,0.7876885660881571
680679.4774394999,181,1.0,0.4409130369506623,0.7844056624045721,680679.479698-0 680679.475181-1,-3.2473674427640287,-11.465558211903616,35.782323373880715,20.144859377881406,14.176725729741936,-22.709634870330007,-0.34402559493262347,-0.3836958020351441,0.856985368330091,-39.92369410653439,14.38964612090696,-21.02906333457489,0.5067006706254588,-0.35042995482933986,0.7876885660881571
680679.4807795,181,1.0,0.4409748792072829,0.7847233391005279,680679.479698-0 680679.481861-1,-3.2422168674807956,-11.471409747339187,35.763887724068866,20.144859377881406,14.176725729741936,-22.709634870330007,-0.34402559493262347,-0.3836958020351441,0.856985368330091,-39.92369410653439,14.38964612090696,-21.02906333457489,0.5068381501484372,-0.35073150164668176,0.7874658743760097
680679.4856265,181,1.0,0.4436355782525337,0.7837465776305877,680679.489392-0 680679.481861-1,-3.1003654172278985,-11.509313267015377,36.00981895019832,20.144859377881406,14.176725729741936,-22.709634870330007,-0.34103870241570056,-0.3824278990044107,0.8587441443862586,-39.92369410653439,14.38964612090696,-21.02906333457489,0.5068381501484372,-0.35073150164668176,0.7874658743760097
680679.489282,182,1.0,0.44438574976424433,0.7825547253213457,680679.489392-0 680679.489172-1,-3.0418023543108212,-11.420101167213355,35.87372676627025,20.144859377881406,14.176725729741936,-22.709634870330007,-0.34103870241570056,-0.3824278990044107,0.8587441443862586,-39.92369410653439,14.38964612090696,-21.02906333457489,0.5084097812900702,-0.3496689876858709,0.7869250875015492
680679.4938955,182,1.0,0.4450295156117331,0.7810159780437523,680679.489392-0 680679.498399-1,-2.9922478033047177,-11.327764555725555,35.766659385533885,20.144859377881406,14.176725729741936,-22.709634870330007,-0.34103870241570056,-0.3824278990044107,0.8587441443862586,-39.92369410653439,14.38964612090696,-21.02906333457489,0.509742338013742,-0.34827828709768227,0.78667972108895
680679.4974084999,182,1.0,0.4462931032797807,0.7820143854698337,680679.496418-0 680679.498399-1,-2.924130885292927,-11.393826644190348,35.86353309861542,20.144859377881406,14.176725729741936,-22.709634870330007,-0.33961234408702656,-0.3831820518849486,0.8589732072986651,-39.92369410653439,14.38964612090696,-21.02906333457489,0.509742338013742,-0.34827828709768227,0.78667972108895
680679.5020355,182,1.0,0.4462154727466802,0.7792798175176741,680679.505672-0 680679.498399-1,-2.9290602082978783,-11.30141748767475,35.89347470812301,20.144859377881406,14.176725729741936,-22.709634870330007,-0.33970447738986564,-0.3806532710636152,0.860060436986755,-39.92369410653439,14.38964612090696,-21.02906333457489,0.509742338013742,-0.34827828709768227,0.78667972108895
680679.5058515,182,1.0,0.44639526384494266,0.7797130921532109,680679.505672-0 680679.5060309999-1,-2.9148233515460316,-11.303242175204954,35.84886589004462,20.144859377881406,14.176725729741936,-22.709634870330007,-0.33970447738986564,-0.3806532710636152,0.860060436986755,-39.92369410653439,14.38964612090696,-21.02906333457489,0.5101254456010456,-0.3486990402071683,0.7862448785899557
680679.5093145,182,1.0,0.4429341195967454,0.7782078429960183,680679.512598-0 680679.5060309999-1,-3.100029592463379,-11.164401795475515,35.568536063562284,20.144859377881406,14.176725729741936,-22.709634870330007,-0.34359581625869523,-0.3797389317996439,0.8589180745130388,-39.92369410653439,14.38964612090696,-21.02906333457489,0.5101254456010456,-0.3486990402071683,0.7862448785899557
680679.512539,182,1.0,0.4441267977736483,0.778686560300152,680679.512598-0 680679.51248-1,-3.0068478623508064,-11.101040696701059,35.31648279967521,20.144859377881406,14.176725729741936,-22.709634870330007,-0.34359581625869523,-0.3797389317996439,0.8589180745130388,-39.92369410653439,14.38964612090696,-21.02906333457489,0.5126311188056263,-0.3492436835560409,0.7843712039132363
680679.517036,182,1.0,0.4475634916625415,0.7860365604115382,680679.512598-0 680679.521474-1,-2.742326245568334,-11.106493048806605,34.50928244019205,20.144859377881406,14.176725729741936,-22.709634870330007,-0.34359581625869523,-0.3797389317996439,0.8589180745130388,-39.92369410653439,14.38964612090696,-21.02906333457489,0.5197797627663933,-0.3562476968802797,0.7764770290781358
680679.5206935,182,1.0,0.45144310073362687,0.7865901958049479,680679.5199129999-0 680679.521474-1,-2.5380725909873547,-11.222789492687003,34.824346828773294,20.144859377881406,14.176725729741936,-22.709634870330007,-0.33927475842305355,-0.37975892793660354,0.8606252349015918,-39.92369410653439,14.38964612090696,-21.02906333457489,0.5197797627663933,-0.3562476968802797,0.7764770290781358
680679.5250044999,183,1.0,0.4611215265044358,0.796244370374082,680679.5285349999-0 680679.521474-1,-2.0112755677388225,-11.795374314639432,35.52181535518797,20.144859377881406,14.176725729741936,-22.709634870330007,-0.32827814668136135,-0.3874849511137798,0.8614458027478004,-39.92369410653439,14.38964612090696,-21.02906333457489,0.5197797627663933,-0.3562476968802797,0.7764770290781358
680679.5285075,183,1.0,0.4631427853638638,0.8035002485638213,680679.5285349999-0 680679.52848-1,-1.8659328492971738,-11.889880029310111,35.00569191140241,20.144859377881406,14.176725729741936,-22.709634870330007,-0.32827814668136135,-0.3874849511137798,0.8614458027478004,-39.92369410653439,14.38964612090696,-21.02906333457489,0.5237852983798101,-0.3630060019772287,0.7706332485233696
680679.5326515,183,1.0,0.4647996605076011,0.8041234197680177,680679.5285349999-0 680679.536768-1,-1.7511781757036449,-11.80077524111215,34.680743401832345,20.144859377881406,14.176725729741936,-22.709634870330007,-0.32827814668136135,-0.3874849511137798,0.8614458027478004,-39.92369410653439,14.38964612090696,-21.02906333457489,0.5269638766770104,-0.3636004511385722,0.7681821298425024
680679.536294,183,1.0,0.4733335917207439,0.8107133986180171,680679.53582-0 680679.536768-1,-1.2737446512094817,-12.258760340381553,35.32147276690364,20.144859377881406,14.176725729741936,-22.709634870330007,-0.31839499988980957,-0.39271225271733873,0.8627871757338778,-39.92369410653439,14.38964612090696,-21.02906333457489,0.5269638766770104,-0.3636004511385722,0.7681821298425024
680679.5411004999,183,1.0,0.4775254288548772,0.8178513040515053,680679.545433-0 680679.536768-1,-1.0319259360574886,-12.620210329663191,35.58911425564348,20.144859377881406,14.176725729741936,-22.709634870330007,-0.3134576319351489,-0.3989402160311134,0.861737208790857,-39.92369410653439,14.38964612090696,-21.02906333457489,0.5269638766770104,-0.3636004511385722,0.7681821298425024
680679.5464784999,183,1.0,0.4779105911323315,0.8177300774522462,680679.545433-0 680679.5475239999-1,-1.0065083141443232,-12.590170547688395,35.51803951009957,20.144859377881406,14.176725729741936,-22.709634870330007,-0.3134576319351489,-0.3989402160311134,0.861737208790857,-39.92369410653439,14.38964612090696,-21.02906333457489,0.527680176440236,-0.3634838044980185,0.7677455016212386
680679.5503014999,183,1.0,0.47782981468417524,0.8147453464010838,680679.553079-0 680679.5475239999-1,-1.0114469364138081,-12.48928871109839,35.55355853136663,20.144859377881406,14.176725729741936,-22.709634870330007,-0.3135458587712873,-0.3961851742827864,0.8629752615955418,-39.92369410653439,14.38964612090696,-21.02906333457489,0.527680176440236,-0.3634838044980185,0.7677455016212386
680679.5538005,183,1.0,0.4784358182868621,0.8111316899969718,680679.553079-0 680679.554522-1,-0.9721931446866581,-12.333449290242346,35.50032227648514,20.144859377881406,14.176725729741936,-22.709634870330007,-0.3135458587712873,-0.3961851742827864,0.8629752615955418,-39.92369410653439,14.38964612090696,-21.02906333457489,0.5287875881177808,-0.3601345608446168,0.7685615035492182
680679.556951,184,0.9845156967639923,0.47899166777568364,0.8095797253226737,680679.55938-0 680679.554522-1,-0.940059574818612,-12.299151393979452,35.571485884714455,20.144859377881406,14.176725729741936,-22.709634870330007,-0.3128806032412435,-0.3946997095953354,0.863896907831457,-39.92369410653439,14.38964612090696,-21.02906333457489,0.5287875881177808,-0.3601345608446168,0.7685615035492182
680679.5599374999,184,0.9845156967639923,0.4803278902630204,0.8083260708116425,680679.55938-0 680679.560495-1,-0.8533805523859996,-12.171855875500723,35.34135987158766,20.144859377881406,14.176725729741936,-22.709634870330007,-0.3128806032412435,-0.3946997095953354,0.863896907831457,-39.92369410653439,14.38964612090696,-21.02906333457489,0.5312399662365447,-0.35899210757938127,0.7674039125315355
680679.56382,184,1.0,0.477627370154787,0.8068252841652188,680679.567145-0 680679.560495-1,-1.0089133417106613,-12.043409055515014,35.12681438946555,20.144859377881406,14.176725729741936,-22.709634870330007,-0.31607322453001946,-0.39357077739763247,0.8632495351367525,-39.92369410653439,14.38964612090696,-21.02906333457489,0.5312399662365447,-0.35899210757938127,0.7674039125315355
680679.5685914999,184,1.0,0.47744834236629874,0.8063237675661905,680679.567145-0 680679.570038-1,-1.0206489825515632,-12.039114443448504,35.1685337910431,20.144859377881406,14.176725729741936,-22.709634870330007,-0.31607322453001946,-0.39357077739763247,0.8632495351367525,-39.92369410653439,14.38964612090696,-21.02906333457489,0.5309086732037142,-0.3585269343652866,0.7678505180383101
680679.571949,184,1.0,0.4744446138190918,0.803270512893883,680679.57386-0 680679.570038-1,-1.191588960693183,-11.853680682769145,34.9515557812698,20.144859377881406,14.176725729741936,-22.709634870330007,-0.3195917631879901,-0.3910599399953475,0.8630951443689316,-39.92369410653439,14.38964612090696,-21.02906333457489,0.5309086732037142,-0.3585269343652866,0.7678505180383101
680679.5771905,184,1.0,0.4751484966969426,0.8030177090507566,680679.57386-0 680679.580521-1,-1.1455882961988486,-11.801149584068636,34.82540921487332,20.144859377881406,14.176725729741936,-22.709634870330007,-0.3195917631879901,-0.3910599399953475,0.8630951443689316,-39.92369410653439,14.38964612090696,-21.02906333457489,0.5322034682563133,-0.35831113919581103,0.7670544934384723
680679.5804595,184,1.0,0.47281636290946005,0.7985720952743401,680679.580398-0 680679.580521-1,-1.2766793605830795,-11.593341503851551,34.68770415988439,20.144859377881406,14.176725729741936,-22.709634870330007,-0.3222958412202416,-0.3872339178024349,0.8638143803129891,-39.92369410653439,14.38964612090696,-21.02906333457489,0.5322034682563133,-0.35831113919581103,0.7670544934384723
680679.5850674999,184,1.0,0.4722909585400544,0.7962898573911321,680679.5896139999-0 680679.580521-1,-1.3061773180490288,-11.505867380207363,34.67391559289127,20.144859377881406,14.176725729741936,-22.709634870330007,-0.32290054410516694,-0.38520613161564693,0.8644949246712187,-39.92369410653439,14.38964612090696,-21.02906333457489,0.5322034682563133,-0.35831113919581103,0.7670544934384723
680679.5898259999,185,1.0,0.4741082238560523,0.7937743402550786,680679.5896139999-0 680679.590038-1,-1.1884648054486142,-11.317434912848741,34.38315286243567,20.144859377881406,14.176725729741936,-22.709634870330007,-0.32290054410516694,-0.38520613161564693,0.8644949246712187,-39.92369410653439,14.38964612090696,-21.02906333457489,0.5355154660656868,-0.35609437770814795,0.765780634234829
680679.593273,185,1.0,0.47215090977080115,0.7906230558603665,680679.5965079999-0 680679.590038-1,-1.2966366455418274,-11.165832270796088,34.26211056519564,20.144859377881406,14.176725729741936,-22.709634870330007,-0.32514935603429646,-0.3825601458922332,0.8648269370489078,-39.92369410653439,14.38964612090696,-21.02906333457489,0.5355154660656868,-0.35609437770814795,0.765780634234829
680679.5965984999,185,1.0,0.4713627814364056,0.7886814559470349,680679.5965079999-0 680679.596689-1,-1.3484134896145061,-11.153457857038333,34.43680068339945,20.144859377881406,14.176725729741936,-22.709634870330007,-0.32514935603429646,-0.3825601458922332,0.8648269370489078,-39.92369410653439,14.38964612090696,-21.02906333457489,0.534061876015097,-0.3542887479152101,0.767631028351452
680679.6005865,185,1.0,0.4680727809863991,0.7871138618331687,680679.604484-0 680679.596689-1,-1.5281444841449332,-11.018445756598643,34.18509925035215,20.144859377881406,14.176725729741936,-22.709634870330007,-0.32891165237088976,-0.3815143010518488,0.8638657089082598,-39.92369410653439,14.38964612090696,-21.02906333457489,0.534061876015097,-0.3542887479152101,0.767631028351452
680679.6044775001,185,1.0,0.4694339336414234,0.7879518178332113,680679.604484-0 680679.604471-1,-1.4388005647958497,-10.96353209972445,33.925928478833995,20.144859377881406,14.176725729741936,-22.709634870330007,-0.32891165237088976,-0.3815143010518488,0.8638657089082598,-39.92369410653439,14.38964612090696,-21.02906333457489,0.5365635612147193,-0.35512266038289403,0.7654981651572743
680679.609036,185,1.0,0.469650385196157,0.7869550557339475,680679.604484-0 680679.613588-1,-1.4250154359670955,-10.92078993032527,33.90319811009542,20.144859377881406,14.176725729741936,-22.709634870330007,-0.32891165237088976,-0.3815143010518488,0.8638657089082598,-39.92369410653439,14.38964612090696,-21.02906333457489,0.5369508972362551,-0.35423582517749624,0.7656374560573683
680679.6140785,185,1.0,0.46819948873511913,0.7860595209617001,680679.614569-0 680679.613588-1,-1.5031118988435708,-10.856225679572791,33.79731761030643,20.144859377881406,14.176725729741936,-22.709634870330007,-0.3305549242203593,-0.3808733382605458,0.8635212459898948,-39.92369410653439,14.38964612090696,-21.02906333457489,0.5369508972362551,-0.35423582517749624,0.7656374560573683
680679.6180934999,185,1.0,0.4684176005383344,0.7834292600124775,680679.614569-0 680679.621618-1,-1.489665297459803,-10.764536916515516,33.800355750092635,20.144859377881406,14.176725729741936,-22.709634870330007,-0.3305549242203593,-0.3808733382605458,0.8635212459898948,-39.92369410653439,14.38964612090696,-21.02906333457489,0.5373293770188973,-0.35188111861337545,0.7664573171128859
680679.6218119999,185,1.0,0.46479358139206683,0.7784898963968078,680679.622006-0 680679.621618-1,-1.6829639853215017,-10.522875178938238,33.572681498526165,20.144859377881406,14.176725729741936,-22.709634870330007,-0.3346276696089961,-0.3768751025988632,0.863706825128266,-39.92369410653439,14.38964612090696,-21.02906333457489,0.5373293770188973,-0.35188111861337545,0.7664573171128859
680679.625185,186,1.0,0.4647462279898691,0.7762260686722904,680679.622006-0 680679.628364-1,-1.6868132117616295,-10.458071151123326,33.61693765530908,20.144859377881406,14.176725729741936,-22.709634870330007,-0.3346276696089961,-0.3768751025988632,0.863706825128266,-39.92369410653439,14.38964612090696,-21.02906333457489,0.5372236838447136,-0.3498460474722494,0.767462348642824
680679.628364,186,1.0,0.46393120126943455,0.7740396625524837,680679.628364-0 680679.628364-1,-1.7300846470802274,-10.371271399058468,33.57940163905016,20.144859377881406,14.176725729741936,-22.709634870330007,-0.335538060276192,-0.37501951523974314,0.8641611963606317,-39.92369410653439,14.38964612090696,-21.02906333457489,0.5372236838447136,-0.3498460474722494,0.767462348642824
680679.6327750001,186,1.0,0.463561758788887,0.7741513629433996,680679.628364-0 680679.637186-1,-1.7544173933549647,-10.395300377643732,33.64363526135075,20.144859377881406,14.176725729741936,-22.709634870330007,-0.335538060276192,-0.37501951523974314,0.8641611963606317,-39.92369410653439,14.38964612090696,-21.02906333457489,0.5365451934373876,-0.3499140678162,0.7679058539583847
680679.637622,186,1.0,0.4632819713262579,0.7734309196764666,680679.638058-0 680679.637186-1,-1.7692511460677984,-10.36643645894102,33.63032270216392,20.144859377881406,14.176725729741936,-22.709634870330007,-0.33585038206331563,-0.37440950353845626,0.86430437030482,-39.92369410653439,14.38964612090696,-21.02906333457489,0.5365451934373876,-0.3499140678162,0.7679058539583847
680679.6412114999,186,1.0,0.4614565076554662,0.7722413915722657,680679.638058-0 680679.644365-1,-1.8916641011644,-10.433971288609232,33.97930135761776,20.144859377881406,14.176725729741936,-22.709634870330007,-0.33585038206331563,-0.37440950353845626,0.86430437030482,-39.92369410653439,14.38964612090696,-21.02906333457489,0.5331418377433175,-0.348675359455321,0.7708341420541651
680679.6443965,186,1.0,0.4616724292328425,0.7712573167888386,680679.644428-0 680679.644365-1,-1.8804297068613227,-10.408448243239992,34.00906893736,20.144859377881406,14.176725729741936,-22.709634870330007,-0.335608434691776,-0.3734938518682549,0.8647943808677007,-39.92369410653439,14.38964612090696,-21.02906333457489,0.5331418377433175,-0.348675359455321,0.7708341420541651
680679.648835,186,1.0,0.46134719446799244,0.7705919136479267,680679.644428-0 680679.653242-1,-1.9026641269178128,-10.406886621958032,34.07925755426723,20.144859377881406,14.176725729741936,-22.709634870330007,-0.335608434691776,-0.3734938518682549,0.8647943808677007,-39.92369410653439,14.38964612090696,-21.02906333457489,0.5325252413528391,-0.34804151534808564,0.7715464800751206
680679.6540885,186,1.0,0.46254113499232147,0.7718653352488407,680679.654935-0 680679.653242-1,-1.839049959587694,-10.475358212918444,34.16036164363996,20.144859377881406,14.176725729741936,-22.709634870330007,-0.3342671591714845,-0.3744848376577978,0.8648852945124216,-39.92369410653439,14.38964612090696,-21.02906333457489,0.5325252413528391,-0.34804151534808564,0.7715464800751206
680679.6585255,187,1.0,0.4610350927140572,0.7727966379677867,680679.654935-0 680679.662116-1,-1.9412060544796965,-10.590690869990427,34.4242473385336,20.144859377881406,14.176725729741936,-22.709634870330007,-0.3342671591714845,-0.3744848376577978,0.8648852945124216,-39.92369410653439,14.38964612090696,-21.02906333457489,0.529691272101901,-0.3487419089351561,0.7731793046967391
680679.6618065,187,1.0,0.4625834220242483,0.7740127155024197,680679.661497-0 680679.662116-1,-1.8579413649209666,-10.667215396250713,34.53684292488346,20.144859377881406,14.176725729741936,-22.709634870330007,-0.3325168285076601,-0.3753839853597681,0.8651701695589283,-39.92369410653439,14.38964612090696,-21.02906333457489,0.529691272101901,-0.3487419089351561,0.7731793046967391
680679.6656195,187,1.0,0.4639095973605398,0.7772770979873024,680679.669123-0 680679.662116-1,-1.7857891638315362,-10.803851292734308,34.605237143337106,20.144859377881406,14.176725729741936,-22.709634870330007,-0.33101227331822924,-0.3781801531706752,0.8645291473747443,-39.92369410653439,14.38964612090696,-21.02906333457489,0.529691272101901,-0.3487419089351561,0.7731793046967391
680679.669123,187,1.0,0.4628778563807184,0.7770238160843032,680679.669123-0 680679.669123-1,-1.8565188050219295,-10.857489728416388,34.803281100546016,20.144859377881406,14.176725729741936,-22.709634870330007,-0.33101227331822924,-0.3781801531706752,0.8645291473747443,-39.92369410653439,14.38964612090696,-21.02906333457489,0.5277291855489252,-0.34842016968058365,0.7746646320051157
680679.672712,187,1.0,0.46227487026014236,0.7775999561160549,680679.669123-0 680679.6763009999-1,-1.8979722967771835,-10.911598309408388,34.90824520536624,20.144859377881406,14.176725729741936,-22.709634870330007,-0.33101227331822924,-0.3781801531706752,0.8645291473747443,-39.92369410653439,14.38964612090696,-21.02906333457489,0.5265809232044179,-0.348895831776661,0.7752317265734514
680679.6767235,187,1.0,0.46380443679889655,0.7779583423011316,680679.677146-0 680679.6763009999-1,-1.814436453053176,-10.962243377818341,35.03318227762734,20.144859377881406,14.176725729741936,-22.709634870330007,-0.32926429979338706,-0.37830925743357013,0.8651399462639737,-39.92369410653439,14.38964612090696,-21.02906333457489,0.5265809232044179,-0.348895831776661,0.7752317265734514
680679.681655,187,1.0,0.46263845083963373,0.7773910686821872,680679.677146-0 680679.686164-1,-1.895663978998817,-11.01552265146115,35.266193977016115,20.144859377881406,14.176725729741936,-22.709634870330007,-0.32926429979338706,-0.37830925743357013,0.8651399462639737,-39.92369410653439,14.38964612090696,-21.02906333457489,0.5243326294430445,-0.34826928629537457,0.7770352616996561
680679.6853155,187,1.0,0.46458140684162014,0.7775618427642647,680679.684467-0 680679.686164-1,-1.7883783832270517,-11.07164333968568,35.43147363944722,20.144859377881406,14.176725729741936,-22.709634870330007,-0.32702778496041107,-0.37821013240547174,0.8660311331642314,-39.92369410653439,14.38964612090696,-21.02906333457489,0.5243326294430445,-0.34826928629537457,0.7770352616996561
680679.6892075,187,1.0,0.46598918206718026,0.7802482783464892,680679.692251-0 680679.686164-1,-1.7096193152631116,-11.196299316545298,35.51807337139923,20.144859377881406,14.176725729741936,-22.709634870330007,-0.3254008102259339,-0.38050317224758307,0.8656394449271775,-39.92369410653439,14.38964612090696,-21.02906333457489,0.5243326294430445,-0.34826928629537457,0.7770352616996561
680679.6922535,188,1.0,0.4654701638044519,0.7776882525342256,680679.692251-0 680679.692256-1,-1.7465238609871925,-11.14728930321011,35.6611139500151,20.144859377881406,14.176725729741936,-22.709634870330007,-0.3254008102259339,-0.38050317224758307,0.8656394449271775,-39.92369410653439,14.38964612090696,-21.02906333457489,0.5233100207910368,-0.3458463742527486,0.7788047942558597
680679.6966939999,188,1.0,0.46706513343115635,0.7787801113259747,680679.701132-0 680679.692256-1,-1.656836029950222,-11.22562034453404,35.78662531607808,20.144859377881406,14.176725729741936,-22.709634870330007,-0.32354599332345657,-0.3813025902324235,0.8659828663930841,-39.92369410653439,14.38964612090696,-21.02906333457489,0.5233100207910368,-0.3458463742527486,0.7788047942558597
680679.7023044999,188,1.0,0.46646694351225254,0.7780996325271363,680679.701132-0 680679.703477-1,-1.6987335061192361,-11.241140748515773,35.91516456564246,20.144859377881406,14.176725729741936,-22.709634870330007,-0.32354599332345657,-0.3813025902324235,0.8659828663930841,-39.92369410653439,14.38964612090696,-21.02906333457489,0.5221478273161774,-0.34515592918407595,0.779890396772567
680679.7058265,188,1.0,0.4654358754897049,0.7803178883275868,680679.708176-0 680679.703477-1,-1.7563916820495589,-11.286352177197214,35.79403612240629,20.144859377881406,14.176725729741936,-22.709634870330007,-0.3247492107339954,-0.3834920353412962,0.8645645198349496,-39.92369410653439,14.38964612090696,-21.02906333457489,0.5221478273161774,-0.34515592918407595,0.779890396772567
680679.708872,188,1.0,0.4645533283670799,0.7814258432581025,680679.708176-0 680679.7095679999-1,-1.8182034958439814,-11.377568087456364,35.94978733402134,20.144859377881406,14.176725729741936,-22.709634870330007,-0.3247492107339954,-0.3834920353412962,0.8645645198349496,-39.92369410653439,14.38964612090696,-21.02906333457489,0.5204378638312237,-0.34611344363994617,0.7806086817493707
680679.712949,188,1.0,0.462648338545874,0.7776429082069518,680679.71633-0 680679.7095679999-1,-1.9256373102884172,-11.201719309859977,35.832440526603236,20.144859377881406,14.176725729741936,-22.709634870330007,-0.32696032979098383,-0.38023681358952177,0.8651687166872473,-39.92369410653439,14.38964612090696,-21.02906333457489,0.5204378638312237,-0.34611344363994617,0.7806086817493707
680679.716345,188,1.0,0.4625279133547167,0.7750142751723927,680679.71633-0 680679.71636-1,-1.9351542067498233,-11.12533252115532,35.899751927197045,20.144859377881406,14.176725729741936,-22.709634870330007,-0.32696032979098383,-0.38023681358952177,0.8651687166872473,-39.92369410653439,14.38964612090696,-21.02906333457489,0.5201761477731353,-0.3436488246624098,0.781870999971252
680679.7209415,188,1.0,0.4630358276010827,0.7766200213962097,680679.725523-0 680679.71636-1,-1.906454872070869,-11.191676297662463,35.92305840623047,20.144859377881406,14.176725729741936,-22.709634870330007,-0.3263716457151272,-0.38165575211399744,0.8647661162137993,-39.92369410653439,14.38964612090696,-21.02906333457489,0.5201761477731353,-0.3436488246624098,0.781870999971252
680679.725674,188,1.0,0.4623918569298768,0.7746575552424113,680679.725523-0 680679.725825-1,-1.953166902171823,-11.169182117871797,36.0837117676276,20.144859377881406,14.176725729741936,-22.709634870330007,-0.3263716457151272,-0.38165575211399744,0.8647661162137993,-39.92369410653439,14.38964612090696,-21.02906333457489,0.5188890601519557,-0.3417469282558024,0.7835580261106024
680679.729088,189,1.0,0.46274310987228195,0.7742517571657406,680679.732351-0 680679.725825-1,-1.9335282879827798,-11.165109346206018,36.12049918701618,20.144859377881406,14.176725729741936,-22.709634870330007,-0.32596310042903265,-0.38123019669910446,0.8651078512436784,-39.92369410653439,14.38964612090696,-21.02906333457489,0.5188890601519557,-0.3417469282558024,0.7835580261106024
680679.732442,189,1.0,0.4633104511288191,0.772379910799428,680679.732351-0 680679.732533-1,-1.893636532944143,-11.069495663493557,36.03788524977709,20.144859377881406,14.176725729741936,-22.709634870330007,-0.32596310042903265,-0.38123019669910446,0.8651078512436784,-39.92369410653439,14.38964612090696,-21.02906333457489,0.5199889977788021,-0.34005521973166924,0.7835648599332685
680679.7364594999,189,1.0,0.4625541385758039,0.7714350913216566,680679.740386-0 680679.732533-1,-1.9361837583976413,-11.018467375844843,35.983476713489495,20.144859377881406,14.176725729741936,-22.709634870330007,-0.3268413636446111,-0.3804604351419224,0.8651153566447368,-39.92369410653439,14.38964612090696,-21.02906333457489,0.5199889977788021,-0.34005521973166924,0.7835648599332685
680679.740384,189,1.0,0.462515411147149,0.771765427117427,680679.740386-0 680679.740382-1,-1.9384661881873217,-11.029369944824994,35.978998924891414,20.144859377881406,14.176725729741936,-22.709634870330007,-0.3268413636446111,-0.3804604351419224,0.8651153566447368,-39.90172056498652,14.276878005659196,-21.269229208876318,0.5186614457465517,-0.33817411767054406,0.7852570094140171
680679.744392,189,1.0,0.4623907526192914,0.7702587026176797,680679.740386-0 680679.748398-1,-1.9478721312002314,-10.988554989425527,36.02772161039371,20.144859377881406,14.176725729741936,-22.709634870330007,-0.3268413636446111,-0.3804604351419224,0.8651153566447368,-39.90172056498652,14.276878005659196,-21.269229208876318,0.5184028242505592,-0.3367510570777853,0.7860389541021728
680679.7484145,189,1.0,0.45871429130138097,0.773105437842359,680679.748431-0 680679.748398-1,-2.1515451109887334,-10.988421917194632,35.6725266988042,20.12791532636311,14.145816091863933,-23.41605839965075,-0.32795439612510047,-0.37986088608690566,0.8649575835169556,-39.90172056498652,14.276878005659196,-21.269229208876318,0.5184028242505592,-0.3367510570777853,0.7860389541021728
680679.7527305,189,1.0,0.4584503587788113,0.7714947745087009,680679.748431-0 680679.75703-1,-2.171313189573146,-10.953767149036569,35.75180335826971,20.12791532636311,14.145816091863933,-23.41605839965075,-0.32795439612510047,-0.37986088608690566,0.8649575835169556,-39.90172056498652,14.276878005659196,-21.269229208876318,0.5178580575411756,-0.33522912537535143,0.7870479437364389
680679.75719,189,1.0,0.4575604787249158,0.7720768108241383,680679.75735-0 680679.75703-1,-2.2200574323304583,-10.949874523696337,35.66622068243379,20.12791532636311,14.145816091863933,-23.41605839965075,-0.32896546669169463,-0.3805161177060366,0.8642853729470615,-39.90172056498652,14.276878005659196,-21.269229208876318,0.5178580575411756,-0.33522912537535143,0.7870479437364389
680679.7618025,190,1.0,0.45737347830338493,0.7693238017735675,680679.75735-0 680679.766255-1,-2.234803658378544,-10.874002433509126,35.74844401039479,20.12791532636311,14.145816091863933,-23.41605839965075,-0.32896546669169463,-0.3805161177060366,0.8642853729470615,-39.90172056498652,14.276878005659196,-21.269229208876318,0.5174523481330646,-0.332650264120529,0.7884078063997843
680679.7660255,190,1.0,0.4574637606189603,0.7678347961068643,680679.765796-0 680679.766255-1,-2.230183864891659,-10.82753967079623,35.77599253460231,20.12791532636311,14.145816091863933,-23.41605839965075,-0.3288626243390525,-0.37913559003396724,0.8649309675820532,-39.90172056498652,14.276878005659196,-21.269229208876318,0.5174523481330646,-0.332650264120529,0.7884078063997843
680679.769706,190,1.0,0.4561920623666439,0.7648505114771664,680679.773157-0 680679.766255-1,-2.300472693899529,-10.697727014849185,35.703769693621354,20.12791532636311,14.145816091863933,-23.41605839965075,-0.3303039700182492,-0.3765742884793502,0.8655004867973527,-39.90172056498652,14.276878005659196,-21.269229208876318,0.5174523481330646,-0.332650264120529,0.7884078063997843
680679.773374,190,1.0,0.45591925867182825,0.7663693974464405,680679.773157-0 680679.773591-1,-2.3198209807433336,-10.762857558268866,35.734398377779215,20.12791532636311,14.145816091863933,-23.41605839965075,-0.3303039700182492,-0.3765742884793502,0.8655004867973527,-39.90172056498652,14.276878005659196,-21.269229208876318,0.5169204964349648,-0.3340315517103898,0.7881726478553913
680679.7769575,190,1.0,0.4563960830043743,0.7649097310495352,680679.7803239999-0 680679.773591-1,-2.2940801224744707,-10.727054553213556,35.79513598344997,20.12791532636311,14.145816091863933,-23.41605839965075,-0.3297637509200509,-0.3751637673566289,0.8663186574476621,-39.90172056498652,14.276878005659196,-21.269229208876318,0.5169204964349648,-0.3340315517103898,0.7881726478553913
680679.780308,190,1.0,0.45632579035211807,0.764433118541225,680679.7803239999-0 680679.780292-1,-2.299446322217891,-10.716232620288284,35.81713793207474,20.12791532636311,14.145816091863933,-23.41605839965075,-0.3297637509200509,-0.3751637673566289,0.8663186574476621,-39.90172056498652,14.276878005659196,-21.269229208876318,0.5167731292286899,-0.3335798283264244,0.7884605450121781
680679.7853649999,190,1.0,0.4562419085042332,0.7653800170564888,680679.7803239999-0 680679.790406-1,-2.3051958176585003,-10.751576465971048,35.818790437089916,20.12791532636311,14.145816091863933,-23.41605839965075,-0.3297637509200509,-0.3751637673566289,0.8663186574476621,-39.90172056498652,14.276878005659196,-21.269229208876318,0.5166150053876473,-0.33445143279848916,0.7881948840910848
680679.7898045001,190,1.0,0.4555714716155997,0.7630524710128004,680679.789203-0 680679.790406-1,-2.342391057199915,-10.65839129329272,35.7901849827022,20.12791532636311,14.145816091863933,-23.41605839965075,-0.33052336150205097,-0.3731184565830178,0.8669122936367272,-39.90172056498652,14.276878005659196,-21.269229208876318,0.5166150053876473,-0.33445143279848916,0.7881948840910848
680679.7935545,191,1.0,0.45558941759177707,0.7633545038870402,680679.796703-0 680679.790406-1,-2.3413417459000385,-10.668741853549726,35.78785708384697,20.12791532636311,14.145816091863933,-23.41605839965075,-0.3305030265089587,-0.3733938220764541,0.8668014784848697,-39.90172056498652,14.276878005659196,-21.269229208876318,0.5166150053876473,-0.33445143279848916,0.7881948840910848
680679.796727,191,1.0,0.45511345566270833,0.762680208429086,680679.796703-0 680679.796751-1,-2.3767937643903636,-10.67668576826533,35.89583838359496,20.12791532636311,14.145816091863933,-23.41605839965075,-0.3305030265089587,-0.3733938220764541,0.8668014784848697,-39.90172056498652,14.276878005659196,-21.269229208876318,0.5156425059396103,-0.3337660049264868,0.7891217016555376
680679.8015155001,191,1.0,0.4528039284470993,0.7600980203790096,680679.80628-0 680679.796751-1,-2.503088969249033,-10.53474503005199,35.72693143729842,20.12791532636311,14.145816091863933,-23.41605839965075,-0.33311178925120744,-0.3713593573514747,0.8666768507173587,-39.90172056498652,14.276878005659196,-21.269229208876318,0.5156425059396103,-0.3337660049264868,0.7891217016555376
680679.806411,191,1.0,0.4530712174421339,0.7589318691547216,680679.80628-0 680679.806542-1,-2.483763572750874,-10.481467902175417,35.691394317215725,20.12791532636311,14.145816091863933,-23.41605839965075,-0.33311178925120744,-0.3713593573514747,0.8666768507173587,-39.90172056498652,14.276878005659196,-21.269229208876318,0.51617176614977,-0.332717083815955,0.7892186325517371
680679.809459,191,1.0,0.4524248327662465,0.7608922309680319,680679.812376-0 680679.806542-1,-2.5181938037655627,-10.529658198883524,35.61019296707356,20.12791532636311,14.145816091863933,-23.41605839965075,-0.3338372966057781,-0.37325645055222656,0.8655820478245254,-39.90172056498652,14.276878005659196,-21.269229208876318,0.51617176614977,-0.332717083815955,0.7892186325517371
680679.812587,191,1.0,0.452232755199167,0.7603361405339324,680679.812376-0 680679.8127979999-1,-2.5327799567538722,-10.523837710157594,35.6582760692675,20.12791532636311,14.145816091863933,-23.41605839965075,-0.3338372966057781,-0.37325645055222656,0.8655820478245254,-39.90172056498652,14.276878005659196,-21.269229208876318,0.5157729667510259,-0.3321763296306485,0.7897069917393134
680679.8165674999,191,1.0,0.4517999715577595,0.7613693847644246,680679.820337-0 680679.8127979999-1,-2.555850781440679,-10.546954678299688,35.607463373019684,20.12791532636311,14.145816091863933,-23.41605839965075,-0.3343224353474769,-0.37426922843150284,0.8649572555176466,-39.90172056498652,14.276878005659196,-21.269229208876318,0.5157729667510259,-0.3321763296306485,0.7897069917393134
680679.8203334999,191,1.0,0.4521487792134936,0.7610937824447865,680679.820337-0 680679.82033-1,-2.5299873398153867,-10.516861750345655,35.54106387673424,20.12791532636311,14.145816091863933,-23.41605839965075,-0.3343224353474769,-0.37426922843150284,0.8649572555176466,-39.90172056498652,14.276878005659196,-21.269229208876318,0.5164803086878462,-0.33196380484836663,0.7893339743152467
680679.8246899999,191,1.0,0.45265037599872215,0.7593410380730613,680679.820337-0 680679.829043-1,-2.493625796598222,-10.431091308766604,35.4677820292543,20.12791532636311,14.145816091863933,-23.41605839965075,-0.3343224353474769,-0.37426922843150284,0.8649572555176466,-39.90172056498652,14.276878005659196,-21.269229208876318,0.5174761529274252,-0.3304021070988673,0.7893369868288576
680679.828963,192,1.0,0.4518436365417163,0.7588707077203087,680679.828883-0 680679.829043-1,-2.5370210244509313,-10.396395278319517,35.40442913637435,20.12791532636311,14.145816091863933,-23.41605839965075,-0.33522540538584367,-0.37395952028787577,0.864741698294906,-39.90172056498652,14.276878005659196,-21.269229208876318,0.5174761529274252,-0.3304021070988673,0.7893369868288576
680679.8332815,192,1.0,0.4528359402338828,0.7525002450694982,680679.83752-0 680679.829043-1,-2.4853725716859767,-10.213371565515615,35.57055557840841,20.12791532636311,14.145816091863933,-23.41605839965075,-0.33411847435592656,-0.3679736208125244,0.8677328272459148,-39.90172056498652,14.276878005659196,-21.269229208876318,0.5174761529274252,-0.3304021070988673,0.7893369868288576
680679.8372724999,192,1.0,0.4529660683225602,0.7517250355734154,680679.83752-0 680679.837025-1,-2.4761307244721618,-10.18125178812409,35.55664301722065,20.12791532636311,14.145816091863933,-23.41605839965075,-0.33411847435592656,-0.3679736208125244,0.8677328272459148,-39.90172056498652,14.276878005659196,-21.269229208876318,0.5177296573608111,-0.32970301000101765,0.7894630625211833
680679.8409259999,192,1.0,0.45281378370125464,0.750118592551862,680679.83752-0 680679.844332-1,-2.4881864856052864,-10.139573517988477,35.61313752234304,20.12791532636311,14.145816091863933,-23.41605839965075,-0.33411847435592656,-0.3679736208125244,0.8677328272459148,-39.90172056498652,14.276878005659196,-21.269229208876318,0.517399861752209,-0.32818941803781915,0.7903094893437584
680679.8443245001,192,1.0,0.4515003607042088,0.7495200871484478,680679.844317-0 680679.844332-1,-2.558860034950097,-10.089376220851424,35.50731866926631,20.12791532636311,14.145816091863933,-23.41605839965075,-0.33559003970347107,-0.36763481929798003,0.8673084600599513,-39.90172056498652,14.276878005659196,-21.269229208876318,0.517399861752209,-0.32818941803781915,0.7903094893437584
680679.849971,192,1.0,0.45392013421246996,0.7477674612009169,680679.85561-0 680679.844332-1,-2.429045119872349,-10.08900174100943,35.73860131232766,20.12791532636311,14.145816091863933,-23.41605839965075,-0.33287617523747,-0.36563646988156356,0.8691969994493893,-39.90172056498652,14.276878005659196,-21.269229208876318,0.517399861752209,-0.32818941803781915,0.7903094893437584
680679.8549325,192,1.0,0.4539809553069502,0.744852861289161,680679.85561-0 680679.854255-1,-2.425957191544736,-9.993165727871837,35.77259158569473,20.12791532636311,14.145816091863933,-23.41605839965075,-0.33287617523747,-0.36563646988156356,0.8691969994493893,-39.90172056498652,14.276878005659196,-21.269229208876318,0.5174853972205379,-0.32548975563961546,0.791369245445617
680679.8581439999,193,1.0,0.4537504588294953,0.7426854601423059,680679.85561-0 680679.860678-1,-2.4440491020504442,-9.937714027496284,35.853819851171565,20.12791532636311,14.145816091863933,-23.41605839965075,-0.33287617523747,-0.36563646988156356,0.8691969994493893,-39.90172056498652,14.276878005659196,-21.269229208876318,0.516989871738689,-0.32343091223536113,0.7925363824646889
680679.861234,193,1.0,0.45222082211259956,0.7402249006072296,680679.86179-0 680679.860678-1,-2.5273450957351127,-9.8222995413557,35.75117494107654,20.12791532636311,14.145816091863933,-23.41605839965075,-0.3345992864582681,-0.36363310503606106,0.8693758004588411,-39.90172056498652,14.276878005659196,-21.269229208876318,0.516989871738689,-0.32343091223536113,0.7925363824646889
680679.865362,193,1.0,0.45257721613416296,0.7368001907336151,680679.86179-0 680679.868934-1,-2.5025911370254335,-9.693730628775377,35.732257148687886,20.12791532636311,14.145816091863933,-23.41605839965075,-0.3345992864582681,-0.36363310503606106,0.8693758004588411,-39.90172056498652,14.276878005659196,-21.269229208876318,0.5176686067399312,-0.32031301923929506,0.7933591767300265
680679.8703215,193,1.0,0.45210743765416816,0.7369530338394584,680679.871709-0 680679.868934-1,-2.5278080758004826,-9.688143856955733,35.68964289483499,20.12791532636311,14.145816091863933,-23.41605839965075,-0.33512609780950475,-0.3638549110941535,0.8690800321257185,-39.90172056498652,14.276878005659196,-21.269229208876318,0.5176686067399312,-0.32031301923929506,0.7933591767300265
680679.8745305,193,1.0,0.4517744177282158,0.7383703031920172,680679.871709-0 680679.877352-1,-2.5518607419528294,-9.751778370094257,35.735330422099196,20.12791532636311,14.145816091863933,-23.41605839965075,-0.33512609780950475,-0.3638549110941535,0.8690800321257185,-39.90172056498652,14.276878005659196,-21.269229208876318,0.5170099170862853,-0.32156659332638354,0.7932815841117807
680679.877439,193,1.0,0.4520318697913777,0.7344031920627208,680679.877526-0 680679.877352-1,-2.5390937601349606,-9.62837269091769,35.80652811855555,20.12791532636311,14.145816091863933,-23.41605839965075,-0.33484166826199674,-0.360163922810004,0.8707255629081027,-39.90172056498652,14.276878005659196,-21.269229208876318,0.5170099170862853,-0.32156659332638354,0.7932815841117807
680679.8810010001,193,1.0,0.4528899168878565,0.7327275701768254,680679.877526-0 680679.884476-1,-2.476326085710987,-9.5277095945678,35.65803536085024,20.12791532636311,14.145816091863933,-23.41605839965075,-0.33484166826199674,-0.360163922810004,0.8707255629081027,-39.90172056498652,14.276878005659196,-21.269229208876318,0.5187299256839447,-0.32018570032113003,0.7927170879385638
680679.884453,193,1.0,0.45306781931664747,0.7319100088138002,680679.88443-0 680679.884476-1,-2.4669852638778824,-9.50510881779893,35.68337814407245,20.12791532636311,14.145816091863933,-23.41605839965075,-0.334642971135791,-0.3593820246946564,0.871124929155273,-39.90172056498652,14.276878005659196,-21.269229208876318,0.5187299256839447,-0.32018570032113003,0.7927170879385638
680679.8892085,193,1.0,0.4531101207447841,0.7306124851999364,680679.893941-0 680679.884476-1,-2.465057163714464,-9.463922315715873,35.70280077916074,20.12791532636311,14.145816091863933,-23.41605839965075,-0.33459686848494263,-0.35818323579662215,0.8716362229705299,-39.90172056498652,14.276878005659196,-21.269229208876318,0.5187299256839447,-0.32018570032113003,0.7927170879385638
680679.8940585,194,1.0,0.45301974175283793,0.7306850991855229,680679.893941-0 680679.894176-1,-2.471690909675898,-9.471170388650538,35.72001897153818,20.12791532636311,14.145816091863933,-23.41605839965075,-0.33459686848494263,-0.35818323579662215,0.8716362229705299,-39.90172056498652,14.276878005659196,-21.269229208876318,0.5185479672266656,-0.32023376278858634,0.7928167145408554
680679.8992125001,194,1.0,0.4540532030158211,0.7270785175172487,680679.904249-0 680679.894176-1,-2.4169054296098196,-9.376429132491456,35.85336756422873,20.12791532636311,14.145816091863933,-23.41605839965075,-0.33343836483908884,-0.35467798200391537,0.8735115259314356,-39.90172056498652,14.276878005659196,-21.269229208876318,0.5185479672266656,-0.32023376278858634,0.7928167145408554
680679.9026009999,194,1.0,0.4548215621606076,0.7264346036675879,680679.904249-0 680679.900953-1,-2.360863297636527,-9.314630422962512,35.70751276251772,20.12791532636311,14.145816091863933,-23.41605839965075,-0.33343836483908884,-0.35467798200391537,0.8735115259314356,-39.90172056498652,14.276878005659196,-21.269229208876318,0.520087984788246,-0.31980907917414475,0.7919789397178986
680679.9062665,194,1.0,0.45597663482019535,0.7259549704043146,680679.904249-0 680679.908284-1,-2.2772940854132884,-9.238059017180667,35.48309339761998,20.12791532636311,14.145816091863933,-23.41605839965075,-0.33343836483908884,-0.35467798200391537,0.8735115259314356,-39.90172056498652,14.276878005659196,-21.269229208876318,0.52238953616924,-0.31962570393673295,0.7905368947012115
680679.9102705,194,1.0,0.45644055445839243,0.7221858227648936,680679.912257-0 680679.908284-1,-2.2532478517799106,-9.126332061000003,35.567679678189265,20.12791532636311,14.145816091863933,-23.41605839965075,-0.3329196862983539,-0.3511388157976811,0.8751377117432476,-39.90172056498652,14.276878005659196,-21.269229208876318,0.52238953616924,-0.31962570393673295,0.7905368947012115
680679.915117,194,1.0,0.45721926485461906,0.7194718825939128,680679.912257-0 680679.917977-1,-2.1986637003444027,-9.001045404362998,35.4541799590214,20.12791532636311,14.145816091863933,-23.41605839965075,-0.3329196862983539,-0.3511388157976811,0.8751377117432476,-39.90172056498652,14.276878005659196,-21.269229208876318,0.5238978701176902,-0.3173017852905086,0.7904749197397749
680679.9195115,194,1.0,0.45671157111711536,0.7191410702843613,680679.921046-0 680679.917977-1,-2.226030812010219,-8.979834187738174,35.41464184755547,20.12791532636311,14.145816091863933,-23.41605839965075,-0.33349027932517555,-0.35093253142372005,0.8750031954136831,-39.90172056498652,14.276878005659196,-21.269229208876318,0.5238978701176902,-0.3173017852905086,0.7904749197397749
680679.9228935,194,1.0,0.45757716185953584,0.7168287741156217,680679.921046-0 680679.9247409999-1,-2.1654743511244092,-8.863843116394797,35.2787431981127,20.12791532636311,14.145816091863933,-23.41605839965075,-0.33349027932517555,-0.35093253142372005,0.8750031954136831,-39.90172056498652,14.276878005659196,-21.269229208876318,0.5255732175932087,-0.31538098090701067,0.790131400357468
680679.9272205,195,1.0,0.4577819651176812,0.714505130046234,680679.9297-0 680679.9247409999-1,-2.155063213774392,-8.793691173283925,35.32324955253037,20.12791532636311,14.145816091863933,-23.41605839965075,-0.333262199177934,-0.34877244613003416,0.8759532449963064,-39.90172056498652,14.276878005659196,-21.269229208876318,0.5255732175932087,-0.31538098090701067,0.790131400357468
680679.931081,195,1.0,0.45800912516745773,0.7123181094382764,680679.9297-0 680679.9324619999-1,-2.139974225463247,-8.714301795766861,35.31139649782385,20.12791532636311,14.145816091863933,-23.41605839965075,-0.333262199177934,-0.34877244613003416,0.8759532449963064,-39.90172056498652,14.276878005659196,-21.269229208876318,0.5259918543576407,-0.3134218844993084,0.7906322099853461
680679.934838,195,1.0,0.45813084292897777,0.7080787447624759,680679.937214-0 680679.9324619999-1,-2.134478467875571,-8.581085493554912,35.37068376824493,20.12791532636311,14.145816091863933,-23.41605839965075,-0.33312879141142127,-0.3448763452931104,0.8775451639602561,-39.90172056498652,14.276878005659196,-21.269229208876318,0.5259918543576407,-0.3134218844993084,0.7906322099853461
680679.940217,195,1.0,0.45928955517473957,0.7064083689401618,680679.937214-0 680679.94322-1,-2.0538190750801935,-8.473413928329837,35.16871160799708,20.12791532636311,14.145816091863933,-23.41605839965075,-0.33312879141142127,-0.3448763452931104,0.8775451639602561,-39.90172056498652,14.276878005659196,-21.269229208876318,0.5282298465605686,-0.3122023316140265,0.7896220192835072
680679.9437895,195,1.0,0.46069286748844585,0.7036017914434661,680679.944359-0 680679.94322-1,-1.9791285853140455,-8.411387954830047,35.319602002132385,20.12791532636311,14.145816091863933,-23.41605839965075,-0.3315528633740081,-0.3420313709356872,0.8792537973101684,-39.90172056498652,14.276878005659196,-21.269229208876318,0.5282298465605686,-0.3122023316140265,0.7896220192835072
680679.9485084999,195,1.0,0.45986590302548774,0.7008218685133076,680679.944359-0 680679.9526579999-1,-2.038140109917766,-8.36364771386162,35.52303781865113,20.12791532636311,14.145816091863933,-23.41605839965075,-0.3315528633740081,-0.3420313709356872,0.8792537973101684,-39.90172056498652,14.276878005659196,-21.269229208876318,0.5265911162484808,-0.30939252237316023,0.7918194638853935
680679.953948,195,1.0,0.4619521960567802,0.6973443170129691,680679.955238-0 680679.9526579999-1,-1.9256507551086663,-8.292209386870468,35.74239872228261,20.12791532636311,14.145816091863933,-23.41605839965075,-0.32919154468817224,-0.3383989529102656,0.8815435755395481,-39.90172056498652,14.276878005659196,-21.269229208876318,0.5265911162484808,-0.30939252237316023,0.7918194638853935
680679.9579945,196,1.0,0.4623940979897151,0.6954367614724375,680679.955238-0 680679.960751-1,-1.8956034834258695,-8.211704766009543,35.683206111071115,20.12791532636311,14.145816091863933,-23.41605839965075,-0.32919154468817224,-0.3383989529102656,0.8815435755395481,-39.90172056498652,14.276878005659196,-21.269229208876318,0.5274281246755944,-0.3077596444366622,0.7918987148350506
680679.9612245,196,1.0,0.4622529623577263,0.6916502921047387,680679.961698-0 680679.960751-1,-1.904143140943626,-8.086950415587271,35.71356104718145,20.12791532636311,14.145816091863933,-23.41605839965075,-0.3293536499451009,-0.3349503192084768,0.8827992166568677,-39.90172056498652,14.276878005659196,-21.269229208876318,0.5274281246755944,-0.3077596444366622,0.7918987148350506
680679.9644470001,196,1.0,0.4614851566597723,0.6908344943316418,680679.961698-0 680679.967196-1,-1.9582069175556835,-8.096198915572224,35.87797595469179,20.12791532636311,14.145816091863933,-23.41605839965075,-0.3293536499451009,-0.3349503192084768,0.8827992166568677,-39.90172056498652,14.276878005659196,-21.269229208876318,0.5259243642463615,-0.3067510367027571,0.7932889540223312
680679.9685975,196,1.0,0.46179500221226394,0.6889193778944723,680679.969999-0 680679.967196-1,-1.9416987442839275,-8.039979249475785,35.92638945622645,20.12791532636311,14.145816091863933,-23.41605839965075,-0.32900205425450435,-0.33311537541677927,0.8836242385523693,-39.90172056498652,14.276878005659196,-21.269229208876318,0.5259243642463615,-0.3067510367027571,0.7932889540223312
680679.972004,196,1.0,0.46090949733018594,0.6865846006173708,680679.969999-0 680679.974009-1,-2.0052291082455724,-8.006077514820042,36.13858456258981,20.12791532636311,14.145816091863933,-23.41605839965075,-0.32900205425450435,-0.33311537541677927,0.8836242385523693,-39.90172056498652,14.276878005659196,-21.269229208876318,0.5241605737579494,-0.30427214239387196,0.7954081696090256
680679.9757745,196,1.0,0.4624541416191237,0.686238487795032,680679.97754-0 680679.974009-1,-1.9201894701911542,-8.023925688682812,36.27883233468491,20.12791532636311,14.145816091863933,-23.41605839965075,-0.3272350656521902,-0.33244213441497966,0.8845334584249595,-39.90172056498652,14.276878005659196,-21.269229208876318,0.5241605737579494,-0.30427214239387196,0.7954081696090256
680679.9798505,196,1.0,0.46168393330485696,0.6828110894693686,680679.97754-0 680679.982161-1,-1.9763399072065866,-7.94893782845423,36.485847068543904,20.12791532636311,14.145816091863933,-23.41605839965075,-0.3272350656521902,-0.33244213441497966,0.8845334584249595,-39.90172056498652,14.276878005659196,-21.269229208876318,0.5226023081871841,-0.30078428482799807,0.7977566304819642
680679.9843059999,196,1.0,0.463123903685234,0.6827019796620635,680679.986451-0 680679.982161-1,-1.8962199985115404,-7.972521496641179,36.61614011507369,20.12791532636311,14.145816091863933,-23.41605839965075,-0.3255769500059765,-0.3320035611901846,0.8853097113337465,-39.90172056498652,14.276878005659196,-21.269229208876318,0.5226023081871841,-0.30078428482799807,0.7977566304819642
680679.988527,196,1.0,0.4622086444714605,0.6813065538290408,680679.986451-0 680679.990603-1,-1.962222454480834,-7.968828220463849,36.82502749732399,20.12791532636311,14.145816091863933,-23.41605839965075,-0.3255769500059765,-0.3320035611901846,0.8853097113337465,-39.90172056498652,14.276878005659196,-21.269229208876318,0.5207707356066406,-0.2991351261295949,0.7995723965039997
680679.991615,197,1.0,0.46246907681673,0.6813613197009949,680679.992627-0 680679.990603-1,-1.9476129193020704,-7.975592027447591,36.84803595475664,20.12791532636311,14.145816091863933,-23.41605839965075,-0.3252757113575432,-0.33199295253828565,0.8854244129601102,-39.90172056498652,14.276878005659196,-21.269229208876318,0.5207707356066406,-0.2991351261295949,0.7995723965039997
680679.9956155,197,1.0,0.46145814445182654,0.6808683836805496,680679.992627-0 680679.998604-1,-2.020853925555878,-8.005705051743885,37.06579677558466,20.12791532636311,14.145816091863933,-23.41605839965075,-0.3252757113575432,-0.33199295253828565,0.8854244129601102,-39.90172056498652,14.276878005659196,-21.269229208876318,0.51874232438646,-0.29829509118365094,0.8012031199801148
680680.000714,197,1.0,0.46245501790638494,0.6794819928158745,680680.002824-0 680679.998604-1,-1.9649710745742865,-7.978362575514157,37.173090210831305,20.12791532636311,14.145816091863933,-23.41605839965075,-0.3241194746184742,-0.33045249342808924,0.8864241173164248,-39.90172056498652,14.276878005659196,-21.269229208876318,0.51874232438646,-0.29829509118365094,0.8012031199801148
680680.004555,197,1.0,0.4614282609619657,0.6790525329323145,680680.002824-0 680680.006286-1,-2.0400278681872734,-8.011395461832908,37.396204435779985,20.12791532636311,14.145816091863933,-23.41605839965075,-0.3241194746184742,-0.33045249342808924,0.8864241173164248,-39.90172056498652,14.276878005659196,-21.269229208876318,0.5166666489917007,-0.29749801092768324,0.8028390295157295
680680.007465,197,1.0,0.4616049651294363,0.6769273583173347,680680.0086439999-0 680680.006286-1,-2.0305229162458183,-7.94309422681554,37.436810988657854,20.12791532636311,14.145816091863933,-23.41605839965075,-0.32391533526216426,-0.32840602967919547,0.8872588885169577,-39.90172056498652,14.276878005659196,-21.269229208876318,0.5166666489917007,-0.29749801092768324,0.8028390295157295
680680.010497,197,0.9957389831542969,0.4614133522656657,0.6780563813891003,680680.0086439999-0 680680.01235-1,-2.044097002714352,-7.989162241502197,37.46075848592095,20.12791532636311,14.145816091863933,-23.41605839965075,-0.32391533526216426,-0.32840602967919547,0.8872588885169577,-39.90172056498652,14.276878005659196,-21.269229208876318,0.51629161998421,-0.2985015133159917,0.8027077984435825
680680.0145205,197,0.9957389831542969,0.4605023484534506,0.6787193237181841,680680.016691-0 680680.01235-1,-2.0955576495966994,-7.994076193627598,37.36863151352459,20.12791532636311,14.145816091863933,-23.41605839965075,-0.32497531292725385,-0.3292535459778297,0.8865569064921094,-39.90172056498652,14.276878005659196,-21.269229208876318,0.51629161998421,-0.2985015133159917,0.8027077984435825
680680.0194095001,197,1.0,0.459379132187434,0.679670640651711,680680.016691-0 680680.022128-1,-2.1783954966853205,-8.077818346646513,37.59470716598145,20.12791532636311,14.145816091863933,-23.41605839965075,-0.32497531292725385,-0.3292535459778297,0.8865569064921094,-39.90172056498652,14.276878005659196,-21.269229208876318,0.5140097049202876,-0.29898108346121977,0.8039927456016714
680680.023502,198,1.0,0.4574027205410319,0.677289089041351,680680.024876-0 680680.022128-1,-2.290633612871611,-7.9593174800156,37.43771280991893,20.12791532636311,14.145816091863933,-23.41605839965075,-0.3272731921759819,-0.32748845287094,0.8863653710063027,-39.90172056498652,14.276878005659196,-21.269229208876318,0.5140097049202876,-0.29898108346121977,0.8039927456016714
680680.026831,198,1.0,0.45685635712023354,0.6769861181908585,680680.024876-0 680680.028786-1,-2.331921890106953,-7.9747584580941195,37.56013108570443,20.12791532636311,14.145816091863933,-23.41605839965075,-0.3272731921759819,-0.32748845287094,0.8863653710063027,-39.90172056498652,14.276878005659196,-21.269229208876318,0.5128772641878698,-0.2984784518625052,0.8049021839036893
680680.030576,198,1.0,0.45610890707216845,0.6755849379238563,680680.032366-0 680680.028786-1,-2.3743331044900273,-7.91315523047228,37.506394499447474,20.12791532636311,14.145816091863933,-23.41605839965075,-0.32814075350991867,-0.3263493881222991,0.8864647329466321,-39.90172056498652,14.276878005659196,-21.269229208876318,0.5128772641878698,-0.2984784518625052,0.8049021839036893
680680.0344189999,198,1.0,0.4561267662786944,0.676750879570355,680680.032366-0 680680.036472-1,-2.3723669881578147,-7.950813775566359,37.48486326847454,20.12791532636311,14.145816091863933,-23.41605839965075,-0.32814075350991867,-0.3263493881222991,0.8864647329466321,-39.90172056498652,14.276878005659196,-21.269229208876318,0.512930787375153,-0.29959999151837047,0.804451274127214
680680.038399,198,1.0,0.45501204079083235,0.6729116960697121,680680.040326-0 680680.036472-1,-2.435845726396238,-7.800173048131188,37.42445268270575,20.12791532636311,14.145816091863933,-23.41605839965075,-0.3294344356585053,-0.32300057084546646,0.8872111269792917,-39.90172056498652,14.276878005659196,-21.269229208876318,0.512930787375153,-0.29959999151837047,0.804451274127214
680680.0446349999,198,1.0,0.4542262775288505,0.6710837232135958,680680.040326-0 680680.048944-1,-2.4968253870618504,-7.775880702807291,37.622997802463615,20.12791532636311,14.145816091863933,-23.41605839965075,-0.3294344356585053,-0.32300057084546646,0.8872111269792917,-39.90172056498652,14.276878005659196,-21.269229208876318,0.5112647863587109,-0.2975311252973143,0.8062775872544738
680680.0489155,198,1.0,0.45346941859243073,0.6687550213940047,680680.048887-0 680680.048944-1,-2.5398310104892587,-7.682989394901905,37.57835408290701,20.12791532636311,14.145816091863933,-23.41605839965075,-0.3303124564905301,-0.32098861367128073,0.8876147762292945,-39.90172056498652,14.276878005659196,-21.269229208876318,0.5112647863587109,-0.2975311252973143,0.8062775872544738
680680.0526415,198,1.0,0.45193436749335064,0.665600462859108,680680.056339-0 680680.048944-1,-2.626184538733579,-7.548537884113428,37.470706891350815,20.12791532636311,14.145816091863933,-23.41605839965075,-0.33208511615762626,-0.3183990719712333,0.8878859761221782,-39.90172056498652,14.276878005659196,-21.269229208876318,0.5112647863587109,-0.2975311252973143,0.8062775872544738
680680.056339,198,1.0,0.45194687226868063,0.6665380003705685,680680.056339-0 680680.056339-1,-2.624643202432292,-7.578845870100287,37.453668421842195,20.12791532636311,14.145816091863933,-23.41605839965075,-0.33208511615762626,-0.3183990719712333,0.8878859761221782,-39.90172056498652,14.276878005659196,-21.269229208876318,0.5113063182578931,-0.29843345490636275,0.8059176892848363
680680.0603855001,199,0.990743100643158,0.4519005800594246,0.6671820121159541,680680.056339-0 680680.064432-1,-2.6278207974589822,-7.6021276347033355,37.45391831245993,20.12791532636311,14.145816091863933,-23.41605839965075,-0.33208511615762626,-0.3183990719712333,0.8878859761221782,-39.90172056498652,14.276878005659196,-21.269229208876318,0.5112194332059243,-0.2990298174168759,0.8057517355912075
680680.0644690001,199,0.990743100643158,0.4504527390294152,0.6661749796737223,680680.064506-0 680680.064432-1,-2.7081273987732626,-7.542355076069003,37.33165928181512,20.12791532636311,14.145816091863933,-23.41605839965075,-0.3337453239119079,-0.31782096104621793,0.887470504009341,-39.90172056498652,14.276878005659196,-21.269229208876318,0.5112194332059243,-0.2990298174168759,0.8057517355912075
680680.068421,199,1.0,0.4504711760783448,0.6676230781159017,680680.064506-0 680680.072336-1,-2.705768211941317,-7.588991100031122,37.30540680583772,20.12791532636311,14.145816091863933,-23.41605839965075,-0.3337453239119079,-0.31782096104621793,0.887470504009341,-39.90172056498652,14.276878005659196,-21.269229208876318,0.5112827848887418,-0.3004202616071693,0.8051941258431364
680680.0723355,199,1.0,0.4493912364611171,0.6675064582790304,680680.072335-0 680680.072336-1,-2.765109665329218,-7.565912249931732,37.207978609846506,20.12791532636311,14.145816091863933,-23.41605839965075,-0.3349771114918704,-0.3179880344443867,0.886946415927568,-39.90172056498652,14.276878005659196,-21.269229208876318,0.5112827848887418,-0.3004202616071693,0.8051941258431364
680680.0763875,199,1.0,0.44893381598170823,0.6682640522452994,680680.080439-0 680680.072336-1,-2.789897838385871,-7.58326816317932,37.158155591794134,20.12791532636311,14.145816091863933,-23.41605839965075,-0.33549540530461475,-0.31881926608232286,0.8864519776018446,-39.90172056498652,14.276878005659196,-21.269229208876318,0.5112827848887418,-0.3004202616071693,0.8051941258431364
680680.0804399999,199,1.0,0.4483620971424179,0.6697827945035962,680680.080439-0 680680.0804409999-1,-2.833507101573568,-7.65891800893666,37.25934545645223,20.12791532636311,14.145816091863933,-23.41605839965075,-0.33549540530461475,-0.31881926608232286,0.8864519776018446,-39.90172056498652,14.276878005659196,-21.269229208876318,0.5100980749336479,-0.30163001103521175,0.8054931969867185
680680.0849929999,199,1.0,0.4475895846018509,0.6717914816852647,680680.089545-0 680680.0804409999-1,-2.875062132474353,-7.712629055558204,37.16713494930231,20.12791532636311,14.145816091863933,-23.41605839965075,-0.33636737663633254,-0.32090913115272157,0.8853667700323955,-39.90172056498652,14.276878005659196,-21.269229208876318,0.5100980749336479,-0.30163001103521175,0.8054931969867185
680680.089322,199,1.0,0.4470491452002873,0.6744190887690521,680680.089545-0 680680.089099-1,-2.9157722482707875,-7.8236528092638755,37.24450939988759,20.12791532636311,14.145816091863933,-23.41605839965075,-0.33636737663633254,-0.32090913115272157,0.8853667700323955,-39.90172056498652,14.276878005659196,-21.269229208876318,0.5089936853951207,-0.30391593554600366,0.8053325600949525
680680.09294,200,0.9893009662628174,0.4469336358832338,0.6751560684290419,680680.089545-0 680680.096335-1,-2.9243782514951615,-7.853193105168894,37.258318578236796,20.12791532636311,14.145816091863933,-23.41605839965075,-0.33636737663633254,-0.32090913115272157,0.8853667700323955,-39.90172056498652,14.276878005659196,-21.269229208876318,0.5087602825157757,-0.3045724971431937,0.8052319969539382
680680.0963425001,200,0.9893009662628174,0.4467946017356801,0.6769317090402713,680680.09635-0 680680.096335-1,-2.931387912365407,-7.91046823475222,37.22620558438977,20.12791532636311,14.145816091863933,-23.41605839965075,-0.3365200505350967,-0.3226188908786805,0.8846871236974493,-39.90172056498652,14.276878005659196,-21.269229208876318,0.5087602825157757,-0.3045724971431937,0.8052319969539382
680680.10081,200,1.0,0.44683819027387495,0.6757549258779348,680680.09635-0 680680.10527-1,-2.928763860044384,-7.869933654315354,37.23505757356715,20.12791532636311,14.145816091863933,-23.41605839965075,-0.3365200505350967,-0.3226188908786805,0.8846871236974493,-39.90172056498652,14.276878005659196,-21.269229208876318,0.5088320296601776,-0.30346765975163803,0.8056037146617239
680680.104755,200,1.0,0.44684963551926754,0.6763655342810628,680680.10424-0 680680.10527-1,-2.927938131712624,-7.890707378488901,37.22940037010187,20.12791532636311,14.145816091863933,-23.41605839965075,-0.3365052796418379,-0.3231918967018827,0.8844835751326353,-39.90172056498652,14.276878005659196,-21.269229208876318,0.5088320296601776,-0.30346765975163803,0.8056037146617239
680680.108849,200,1.0,0.4454641146870383,0.6752152853360198,680680.112428-0 680680.10527-1,-3.003691988030875,-7.826706143451436,37.11592719089026,20.12791532636311,14.145816091863933,-23.41605839965075,-0.3380778623281619,-0.3224512941135341,0.8841541279257409,-39.90172056498652,14.276878005659196,-21.269229208876318,0.5088320296601776,-0.30346765975163803,0.8056037146617239
680680.112429,200,1.0,0.445895656732571,0.6752331007206204,680680.112428-0 680680.11243-1,-2.9695428817537017,-7.806976350220549,37.02130937254805,20.12791532636311,14.145816091863933,-23.41605839965075,-0.3380778623281619,-0.3224512941135341,0.8841541279257409,-39.90172056498652,14.276878005659196,-21.269229208876318,0.5097554728811421,-0.3036566670910766,0.8049484371056708
680680.1169225,200,0.9982111752033234,0.44521942392645586,0.6787776318787845,680680.121415-0 680680.11243-1,-3.0049054279080067,-7.913210661723119,36.92149975887614,20.12791532636311,14.145816091863933,-23.41605839965075,-0.3388296555310114,-0.32594719547494133,0.8825830784094811,-39.90172056498652,14.276878005659196,-21.269229208876318,0.5097554728811421,-0.3036566670910766,0.8049484371056708
680680.1220189999,200,0.9982111752033234,0.44522826849566605,0.6782247048098825,680680.121415-0 680680.122623-1,-3.0045994790314907,-7.894857600780418,36.928168574939,20.12791532636311,14.145816091863933,-23.41605839965075,-0.3388296555310114,-0.32594719547494133,0.8825830784094811,-39.90172056498652,14.276878005659196,-21.269229208876318,0.5097640928603572,-0.30313486304703813,0.805139630396933
680680.1261509999,200,1.0,0.4458705847499558,0.6801355293758281,680680.129679-0 680680.122623-1,-2.9692348811379965,-7.970521850918785,36.964979140552074,20.12791532636311,14.145816091863933,-23.41605839965075,-0.33809948052842725,-0.3275848872190905,0.8822566990009558,-39.90172056498652,14.276878005659196,-21.269229208876318,0.5097640928603572,-0.30313486304703813,0.805139630396933
680680.1295435,200,1.0,0.44686288364923943,0.6789438495334872,680680.129679-0 680680.129408-1,-2.8922706636564044,-7.884803410494631,36.76874235972727,20.12791532636311,14.145816091863933,-23.41605839965075,-0.33809948052842725,-0.3275848872190905,0.8822566990009558,-39.90172056498652,14.276878005659196,-21.269229208876318,0.511849875721875,-0.30238400192065823,0.8040980164793023
680680.1333250001,200,1.0,0.4462977798951112,0.6797975519317727,680680.129679-0 680680.136971-1,-2.9358725388766196,-7.939169060039883,36.87751766005886,20.12791532636311,14.145816091863933,-23.41605839965075,-0.33809948052842725,-0.3275848872190905,0.8822566990009558,-39.90172056498652,14.276878005659196,-21.269229208876318,0.5106674772790765,-0.30297727305275896,0.8046263105708996
680680.1371375,201,1.0,0.4435126638354026,0.6767976649349738,680680.137304-0 680680.136971-1,-3.0865254845943024,-7.788874154834356,36.6613723730692,20.12791532636311,14.145816091863933,-23.41605839965075,-0.34123755671180106,-0.3254518704802048,0.881837859184043,-39.90172056498652,14.276878005659196,-21.269229208876318,0.5106674772790765,-0.30297727305275896,0.8046263105708996
680680.141096,201,1.0,0.4430647629262883,0.676599735024928,680680.137304-0 680680.144888-1,-3.1221882882043097,-7.803558543291854,36.7615032217692,20.12791532636311,14.145816091863933,-23.41605839965075,-0.34123755671180106,-0.3254518704802048,0.881837859184043,-39.90172056498652,14.276878005659196,-21.269229208876318,0.5097045378629913,-0.3026141079579616,0.8053731965658414
680680.1446865,201,1.0,0.443320462728804,0.6726106140300426,680680.1444849999-0 680680.144888-1,-3.1099189787120523,-7.675337114896213,36.82765028223477,20.12791532636311,14.145816091863933,-23.41605839965075,-0.34096494578454717,-0.32164949057153175,0.883337144561019,-39.90172056498652,14.276878005659196,-21.269229208876318,0.5097045378629913,-0.3026141079579616,0.8053731965658414
680680.1496214999,201,1.0,0.44404213730249814,0.6725418444807467,680680.154355-0 680680.144888-1,-3.071227464302787,-7.685810049859934,36.89306641069204,20.12791532636311,14.145816091863933,-23.41605839965075,-0.3401551170664476,-0.32140482521425134,0.8837383292935233,-39.90172056498652,14.276878005659196,-21.269229208876318,0.5097045378629913,-0.3026141079579616,0.8053731965658414
680680.1535765,201,1.0,0.44392006325193006,0.6722715133181312,680680.154355-0 680680.152798-1,-3.081122823724284,-7.682716314140996,36.923896261994905,20.12791532636311,14.145816091863933,-23.41605839965075,-0.3401551170664476,-0.32140482521425134,0.8837383292935233,-39.90172056498652,14.276878005659196,-21.269229208876318,0.509437481515855,-0.3023075537855928,0.8056572443359232
680680.157351,201,1.0,0.4444282253288473,0.6713751661876237,680680.154355-0 680680.160347-1,-3.041522583767284,-7.630247602400481,36.827197968104784,20.12791532636311,14.145816091863933,-23.41605839965075,-0.3401551170664476,-0.32140482521425134,0.8837383292935233,-39.90172056498652,14.276878005659196,-21.269229208876318,0.5105081389051751,-0.30166355886403,0.8052208003802822
680680.160347,201,1.0,0.4436218176911598,0.6680935050010581,680680.160347-0 680680.160347-1,-3.0858908853834546,-7.506987510735118,36.79027144219255,20.12791532636311,14.145816091863933,-23.41605839965075,-0.34107124454731713,-0.31853002042776635,0.8844258206481935,-39.90172056498652,14.276878005659196,-21.269229208876318,0.5105081389051751,-0.30166355886403,0.8052208003802822
680680.1647915,201,1.0,0.44370481359067543,0.6675429534963979,680680.160347-0 680680.1692359999-1,-3.0797364534544265,-7.4854693045664105,36.780778606018075,20.12791532636311,14.145816091863933,-23.41605839965075,-0.34107124454731713,-0.31853002042776635,0.8844258206481935,-39.90172056498652,14.276878005659196,-21.269229208876318,0.5106748613939033,-0.3011759514764433,0.8052976047354025
680680.169122,201,1.0,0.44246937306161166,0.6647672692643616,680680.1690079999-0 680680.1692359999-1,-3.1466504603477627,-7.372223340987165,36.700173148004055,20.12791532636311,14.145816091863933,-23.41605839965075,-0.34246381848941737,-0.3162435022752134,0.8847081893451391,-39.90172056498652,14.276878005659196,-21.269229208876318,0.5106748613939033,-0.3011759514764433,0.8052976047354025
680680.1729385,202,1.0,0.44317454030491465,0.6621434429229835,680680.176641-0 680680.1692359999-1,-3.109987945287637,-7.296914748707294,36.79042621543046,20.12791532636311,14.145816091863933,-23.41605839965075,-0.3416847854252731,-0.31359968175669356,0.8859496300642522,-39.90172056498652,14.276878005659196,-21.269229208876318,0.5106748613939033,-0.3011759514764433,0.8052976047354025
680680.1765495,202,1.0,0.4429547833765257,0.6607840205811899,680680.176641-0 680680.176458-1,-3.1285125290769873,-7.2626938255977,36.85937016632863,20.12791532636311,14.145816091863933,-23.41605839965075,-0.3416847854252731,-0.31359968175669356,0.8859496300642522,-39.90172056498652,14.276878005659196,-21.269229208876318,0.5101757498467693,-0.2997877532474295,0.806131507429864
680680.1807055,202,1.0,0.443046949362137,0.6588589458307579,680680.176641-0 680680.1847699999-1,-3.1226893485711127,-7.196425491921686,36.86899532069966,20.12791532636311,14.145816091863933,-23.41605839965075,-0.3416847854252731,-0.31359968175669356,0.8859496300642522,-39.90172056498652,14.276878005659196,-21.269229208876318,0.5103345043992172,-0.2979981668922443,0.8066943573302515
680680.1847675,202,1.0,0.44022386717814577,0.6558696183615383,680680.184765-0 680680.1847699999-1,-3.2738266539451004,-7.051171358887664,36.649017453479196,20.12791532636311,14.145816091863933,-23.41605839965075,-0.34484864221441086,-0.3115422457953094,0.8854495146803639,-39.90172056498652,14.276878005659196,-21.269229208876318,0.5103345043992172,-0.2979981668922443,0.8066943573302515
680680.188578,202,1.0,0.43969133987324904,0.6554662653086292,680680.192386-0 680680.1847699999-1,-3.302076033659109,-7.029295686833941,36.60614372333403,20.12791532636311,14.145816091863933,-23.41605839965075,-0.34544210954571947,-0.3113059952012858,0.8853012630197361,-39.90172056498652,14.276878005659196,-21.269229208876318,0.5103345043992172,-0.2979981668922443,0.8066943573302515
680680.192581,202,1.0,0.439715985247853,0.6546092549567171,680680.192386-0 680680.192776-1,-3.3008242328403643,-7.000739572687851,36.6139965882727,20.12791532636311,14.145816091863933,-23.41605839965075,-0.34544210954571947,-0.3113059952012858,0.8853012630197361,-39.90172056498652,14.276878005659196,-21.269229208876318,0.5103689727052302,-0.2971963471331242,0.8069683035600193
680680.1969365,202,0.9654021561145782,0.43680793705921167,0.6499946072286111,680680.201097-0 680680.192776-1,-3.454966984336094,-6.803090723182362,36.4057686798799,20.12791532636311,14.145816091863933,-23.41605839965075,-0.34867991815127714,-0.3077688165580514,0.8852686994537167,-39.90172056498652,14.276878005659196,-21.269229208876318,0.5103689727052302,-0.2971963471331242,0.8069683035600193
680680.2008750001,202,0.9654021561145782,0.43702271801891446,0.6484543127408837,680680.201097-0 680680.200653-1,-3.438993455571458,-6.745073072805776,36.38283005596471,20.12791532636311,14.145816091863933,-23.41605839965075,-0.34867991815127714,-0.3077688165580514,0.8852686994537167,-39.90172056498652,14.276878005659196,-21.269229208876318,0.5107997001992073,-0.2958403226077306,0.8071940100098326
680680.2053365,203,0.9654021561145782,0.436339679458135,0.648150570973305,680680.201097-0 680680.209576-1,-3.4947069701401894,-6.763638831508604,36.536511619771105,20.12791532636311,14.145816091863933,-23.41605839965075,-0.34867991815127714,-0.3077688165580514,0.8852686994537167,-39.90172056498652,14.276878005659196,-21.269229208876318,0.5093039256846216,-0.2952220148355256,0.8083646907421711
680680.2089595001,203,1.0,0.43428928799746175,0.6450442048839221,680680.208343-0 680680.209576-1,-3.6024954810214407,-6.630417053682511,36.3884808436609,20.12791532636311,14.145816091863933,-23.41605839965075,-0.3509515923304948,-0.3054241806615552,0.8851830599982741,-39.90172056498652,14.276878005659196,-21.269229208876318,0.5093039256846216,-0.2952220148355256,0.8083646907421711
680680.2129734999,203,0.9970455765724182,0.43313730951310114,0.6440961843077447,680680.2163709999-0 680680.209576-1,-3.6623316896240947,-6.582255502469654,36.29788001330165,20.12791532636311,14.145816091863933,-23.41605839965075,-0.3522184970884616,-0.30485616128782667,0.884875613424619,-39.90172056498652,14.276878005659196,-21.269229208876318,0.5093039256846216,-0.2952220148355256,0.8083646907421711
680680.216367,203,0.9970455765724182,0.4323416021158278,0.6438798660183274,680680.2163709999-0 680680.216363-1,-3.7283557103159275,-6.607896737557538,36.47627757828592,20.12791532636311,14.145816091863933,-23.41605839965075,-0.3522184970884616,-0.30485616128782667,0.884875613424619,-39.90172056498652,14.276878005659196,-21.269229208876318,0.5075390213908465,-0.29461811549555733,0.8096939593373957
680680.220341,203,0.9970455765724182,0.4314618575047147,0.6439265606633522,680680.2163709999-0 680680.224311-1,-3.801833200546996,-6.645735273102727,36.67108349970452,20.12791532636311,14.145816091863933,-23.41605839965075,-0.3522184970884616,-0.30485616128782667,0.884875613424619,-39.90172056498652,14.276878005659196,-21.269229208876318,0.5055788938689325,-0.29421823834230576,0.8110644920726198
680680.224695,203,0.9965973794460297,0.431065754016317,0.6445803082885984,680680.225079-0 680680.224311-1,-3.822024140514875,-6.6615019243820095,36.629766049605706,20.12791532636311,14.145816091863933,-23.41605839965075,-0.35264913663647196,-0.3055809509783815,0.8844539947496981,-39.90172056498652,14.276878005659196,-21.269229208876318,0.5055788938689325,-0.29421823834230576,0.8110644920726198
680680.22919,203,0.9965973794460297,0.4311371358897286,0.6430311139693454,680680.225079-0 680680.233301-1,-3.8176258838873505,-6.608808543990967,36.63802756835826,20.12791532636311,14.145816091863933,-23.41605839965075,-0.35264913663647196,-0.3055809509783815,0.8844539947496981,-39.90172056498652,14.276878005659196,-21.269229208876318,0.5056976584287566,-0.2927775439574172,0.8115116684397923
680680.232994,203,1.0,0.42844701652116096,0.6399813011696092,680680.232687-0 680680.233301-1,-3.957220493356118,-6.468836781249499,36.433174251567145,20.12791532636311,14.145816091863933,-23.41605839965075,-0.3556058387813979,-0.30347551668984857,0.8839949650277471,-39.90172056498652,14.276878005659196,-21.269229208876318,0.5056976584287566,-0.2927775439574172,0.8115116684397923
680680.2376339999,204,1.0,0.4265386659721024,0.6390151600843298,680680.241967-0 680680.233301-1,-4.054774623286498,-6.409865311720686,36.27742971314874,20.12791532636311,14.145816091863933,-23.41605839965075,-0.35768323802789403,-0.3031094157759891,0.8832821651668392,-39.90172056498652,14.276878005659196,-21.269229208876318,0.5056976584287566,-0.2927775439574172,0.8115116684397923
680680.2411725,204,1.0,0.4257684123789064,0.6399055133248668,680680.241967-0 680680.240378-1,-4.119720604035733,-6.469623458592252,36.43595568158216,20.12791532636311,14.145816091863933,-23.41605839965075,-0.35768323802789403,-0.3031094157759891,0.8832821651668392,-39.90172056498652,14.276878005659196,-21.269229208876318,0.5039738629279052,-0.2932209531200773,0.812423422937127
680680.245175,204,1.0,0.4253349242006865,0.6408143968333824,680680.241967-0 680680.248383-1,-4.156064986171895,-6.516549233404846,36.519362160618186,20.12791532636311,14.145816091863933,-23.41605839965075,-0.35768323802789403,-0.3031094157759891,0.8832821651668392,-39.90172056498652,14.276878005659196,-21.269229208876318,0.5030102632158732,-0.29386026462820075,0.8127895299351128
680680.2483825,204,1.0,0.4248582307723524,0.6410328491411024,680680.248382-0 680680.248383-1,-4.180178868043711,-6.516900227533218,36.47573667401694,20.12791532636311,14.145816091863933,-23.41605839965075,-0.35819855546805335,-0.3034489476770297,0.8829566982668533,-39.90172056498652,14.276878005659196,-21.269229208876318,0.5030102632158732,-0.29386026462820075,0.8127895299351128
680680.2523594999,204,1.0,0.42414895140884823,0.6411941413343695,680680.2563359999-0 680680.248383-1,-4.216044535961586,-6.512026551636354,36.41258384430227,20.12791532636311,14.145816091863933,-23.41605839965075,-0.35896507060986976,-0.3037999644402854,0.8825245943814441,-39.90172056498652,14.276878005659196,-21.269229208876318,0.5030102632158732,-0.29386026462820075,0.8127895299351128
680680.256973,204,1.0,0.4235247738454405,0.642560253999573,680680.2563359999-0 680680.25761-1,-4.268789130566503,-6.5817788259377705,36.532359392688065,20.12791532636311,14.145816091863933,-23.41605839965075,-0.35896507060986976,-0.3037999644402854,0.8825245943814441,-39.90172056498652,14.276878005659196,-21.269229208876318,0.5016148284028616,-0.2948375296147445,0.8132978513785966
680680.2611499999,204,1.0,0.42547261194778346,0.6450492848494163,680680.26469-0 680680.25761-1,-4.168458393633529,-6.692914025929878,36.678108633167994,20.12791532636311,14.145816091863933,-23.41605839965075,-0.35683476709831236,-0.30559445492678766,0.8827689267910899,-39.90172056498652,14.276878005659196,-21.269229208876318,0.5016148284028616,-0.2948375296147445,0.8132978513785966
680680.2645304999,204,1.0,0.4246991726264649,0.6443782781433716,680680.26469-0 680680.264371-1,-4.236831048637866,-6.704442672122108,36.8657840730974,20.12791532636311,14.145816091863933,-23.41605839965075,-0.35683476709831236,-0.30559445492678766,0.8827689267910899,-39.90172056498652,14.276878005659196,-21.269229208876318,0.4998098347644606,-0.2937972113860732,0.8147842215301481
680680.269732,205,1.0,0.42401741315610736,0.6458204982375084,680680.26469-0 680680.2747739999-1,-4.295250198082373,-6.780637037455944,37.00000897910951,20.12791532636311,14.145816091863933,-23.41605839965075,-0.35683476709831236,-0.30559445492678766,0.8827689267910899,-39.90172056498652,14.276878005659196,-21.269229208876318,0.49826847462480633,-0.29482872288435874,0.8153554754568382
680680.274027,205,0.9920540750026703,0.4252628753271729,0.6468144811599283,680680.27328-0 680680.2747739999-1,-4.230665511933033,-6.832922528095547,37.10111597617364,20.12791532636311,14.145816091863933,-23.41605839965075,-0.3554667899395798,-0.3061855311726131,0.8831159503432124,-39.90172056498652,14.276878005659196,-21.269229208876318,0.49826847462480633,-0.29482872288435874,0.8153554754568382
680680.27846,205,1.0,0.42564179981886674,0.6493216601087017,680680.282146-0 680680.2747739999-1,-4.209897360118589,-6.923026451273796,37.10965849407282,20.12791532636311,14.145816091863933,-23.41605839965075,-0.3550354111356432,-0.3084523103777068,0.8825004413950166,-39.90172056498652,14.276878005659196,-21.269229208876318,0.49826847462480633,-0.29482872288435874,0.8153554754568382
680680.2816455,205,1.0,0.4251175356403863,0.6500955960837682,680680.282146-0 680680.281145-1,-4.255349442707757,-6.971636219935992,37.219037691265726,20.12791532636311,14.145816091863933,-23.41605839965075,-0.3550354111356432,-0.3084523103777068,0.8825004413950166,-39.90172056498652,14.276878005659196,-21.269229208876318,0.49707034808753564,-0.2953091559553358,0.8159127229435039
680680.2852769999,205,1.0,0.4244148776055205,0.6524314229526296,680680.282146-0 680680.288408-1,-4.315192629802608,-7.079768857848719,37.34555315593356,20.12791532636311,14.145816091863933,-23.41605839965075,-0.3550354111356432,-0.3084523103777068,0.8825004413950166,-39.90172056498652,14.276878005659196,-21.269229208876318,0.4954941391350422,-0.2972076668899417,0.8161820635278999
680680.2888625,205,1.0,0.42402063663379985,0.6540606355320848,680680.289317-0 680680.288408-1,-4.3348318823675385,-7.128616800840127,37.29325057118698,20.12791532636311,14.145816091863933,-23.41605839965075,-0.3554573631374559,-0.3101070063960661,0.88175036579263,-39.90172056498652,14.276878005659196,-21.269229208876318,0.4954941391350422,-0.2972076668899417,0.8161820635278999
680680.2932885,205,1.0,0.4236785269586588,0.6539454330112835,680680.289317-0 680680.29726-1,-4.365665895070773,-7.140667672196783,37.375631964584336,20.12791532636311,14.145816091863933,-23.41605839965075,-0.3554573631374559,-0.3101070063960661,0.88175036579263,-39.90172056498652,14.276878005659196,-21.269229208876318,0.494684825994731,-0.2969276527771913,0.8167746886056093
680680.2970799999,206,1.0,0.4234291929919932,0.6547899790705313,680680.2969-0 680680.29726-1,-4.3781661293009115,-7.165280988192168,37.34437330929161,20.12791532636311,14.145816091863933,-23.41605839965075,-0.3557252654919143,-0.3109772568491215,0.8813357369432506,-39.90172056498652,14.276878005659196,-21.269229208876318,0.494684825994731,-0.2969276527771913,0.8167746886056093
680680.3017465,206,1.0,0.42355700538403773,0.6576454054144543,680680.306233-0 680680.29726-1,-4.37015900391498,-7.264031489412786,37.326325805842416,20.12791532636311,14.145816091863933,-23.41605839965075,-0.35556622162893814,-0.31365173613238706,0.8804517309072996,-39.90172056498652,14.276878005659196,-21.269229208876318,0.494684825994731,-0.2969276527771913,0.8167746886056093
680680.3052695,206,1.0,0.4230453434574155,0.6579452314653903,680680.306233-0 680680.304306-1,-4.415958494022616,-7.298056489304245,37.44226448012064,20.12791532636311,14.145816091863933,-23.41605839965075,-0.35556622162893814,-0.31365173613238706,0.8804517309072996,-39.90172056498652,14.276878005659196,-21.269229208876318,0.4934838086058305,-0.29696989292406084,0.8174855431997289
680680.3096665,206,1.0,0.4218666392328506,0.6587229220984174,680680.306233-0 680680.3131-1,-4.522517053788874,-7.380188392520048,37.710829998879944,20.12791532636311,14.145816091863933,-23.41605839965075,-0.35556622162893814,-0.31365173613238706,0.8804517309072996,-39.90172056498652,14.276878005659196,-21.269229208876318,0.49069636689555357,-0.2971509539966553,0.8190960786466884
680680.3127860001,206,0.9981037974357605,0.42103761030753634,0.6578116228116082,680680.312472-0 680680.3131-1,-4.5660422510076355,-7.335304534970352,37.64435949927413,20.12791532636311,14.145816091863933,-23.41605839965075,-0.3564836184067653,-0.3130087303681465,0.8803095844763594,-39.90172056498652,14.276878005659196,-21.269229208876318,0.49069636689555357,-0.2971509539966553,0.8190960786466884
680680.3167495,206,1.0,0.42264719089074027,0.6589990702040558,680680.320399-0 680680.3131-1,-4.481689990737038,-7.402657365244122,37.779735074088904,20.12791532636311,14.145816091863933,-23.41605839965075,-0.3547046074945077,-0.3137027658552759,0.8807810262016983,-39.90172056498652,14.276878005659196,-21.269229208876318,0.49069636689555357,-0.2971509539966553,0.8190960786466884
680680.3204969999,206,1.0,0.42267105899185387,0.6592672623382018,680680.320399-0 680680.3205949999-1,-4.479178833741493,-7.410377275174942,37.76955961358028,20.12791532636311,14.145816091863933,-23.41605839965075,-0.3547046074945077,-0.3137027658552759,0.8807810262016983,-39.90172056498652,14.276878005659196,-21.269229208876318,0.49076168446411134,-0.2974227436603829,0.8189582899119331
680680.3251614999,206,1.0,0.42327167702308655,0.6596428534346177,680680.329728-0 680680.3205949999-1,-4.447595596660506,-7.433331165914622,37.82099075807168,20.12791532636311,14.145816091863933,-23.41605839965075,-0.35403935935413,-0.31389811057476696,0.8809790622970038,-39.90172056498652,14.276878005659196,-21.269229208876318,0.49076168446411134,-0.2974227436603829,0.8189582899119331
680680.329742,207,1.0,0.4232861891073215,0.6588937313855061,680680.329728-0 680680.329756-1,-4.447159559571627,-7.4077924377419295,37.82986855660468,20.12791532636311,14.145816091863933,-23.41605839965075,-0.35403935935413,-0.31389811057476696,0.8809790622970038,-39.90172056498652,14.276878005659196,-21.269229208876318,0.4907738283568064,-0.2967025308106241,0.819212217688783
680680.3338375,207,1.0,0.42414279694713175,0.6600423446541364,680680.337919-0 680680.329756-1,-4.401672484296247,-7.461672005962526,37.89696968985156,20.12791532636311,14.145816091863933,-23.41605839965075,-0.35308461834084937,-0.3147624946965454,0.881053814601301,-39.90172056498652,14.276878005659196,-21.269229208876318,0.4907738283568064,-0.2967025308106241,0.819212217688783
680680.3381125,207,1.0,0.4238985012619333,0.6600222770985784,680680.337919-0 680680.338306-1,-4.4240249572115875,-7.4729217696045795,37.956179351361655,20.12791532636311,14.145816091863933,-23.41605839965075,-0.35308461834084937,-0.3147624946965454,0.881053814601301,-39.90172056498652,14.276878005659196,-21.269229208876318,0.4901896199857289,-0.2965652264591926,0.8196116171171894
680680.3413295,207,1.0,0.4236627328259218,0.6610730362663346,680680.3443529999-0 680680.338306-1,-4.435901173743364,-7.505083888735393,37.92311033844811,20.12791532636311,14.145816091863933,-23.41605839965075,-0.3533387744839518,-0.315831255315267,0.88056932073072,-39.90172056498652,14.276878005659196,-21.269229208876318,0.4901896199857289,-0.2965652264591926,0.8196116171171894
680680.345336,207,1.0,0.42423790831552743,0.6595316750701627,680680.3443529999-0 680680.346319-1,-4.3851996890855265,-7.425870073845027,37.810126994829574,20.12791532636311,14.145816091863933,-23.41605839965075,-0.3533387744839518,-0.315831255315267,0.88056932073072,-39.90172056498652,14.276878005659196,-21.269229208876318,0.4915166885877127,-0.2953446158548394,0.8192575313815107
680680.3503320001,207,1.0,0.42444530759672555,0.6597205434206711,680680.354345-0 680680.346319-1,-4.374226199687321,-7.435839627251142,37.827281902929926,20.12791532636311,14.145816091863933,-23.41605839965075,-0.3531081573807011,-0.31595522609386945,0.8806173540733668,-39.90172056498652,14.276878005659196,-21.269229208876318,0.4915166885877127,-0.2953446158548394,0.8192575313815107
680680.3543445,207,1.0,0.424918319902788,0.6602805884896219,680680.354345-0 680680.354344-1,-4.330731157433139,-7.431530241844919,37.70514622141472,20.12791532636311,14.145816091863933,-23.41605839965075,-0.3531081573807011,-0.31595522609386945,0.8806173540733668,-39.90172056498652,14.276878005659196,-21.269229208876318,0.4926552947551125,-0.2961144474982939,0.8182951756747273
680680.3588624999,207,1.0,0.42507783618101075,0.6610862626371465,680680.354345-0 680680.36338-1,-4.3154242410409545,-7.450449479576823,37.65405296051124,20.12791532636311,14.145816091863933,-23.41605839965075,-0.3531081573807011,-0.31595522609386945,0.8806173540733668,-39.90172056498652,14.276878005659196,-21.269229208876318,0.4930558059523364,-0.2969703659420283,0.8177435869323278
680680.3639994999,208,1.0,0.42673939194768096,0.6593537132166636,680680.364619-0 680680.36338-1,-4.228920231100416,-7.419179130672833,37.825479162161955,20.12791532636311,14.145816091863933,-23.41605839965075,-0.3512792069546856,-0.3138545278399986,0.8820987779810255,-39.90172056498652,14.276878005659196,-21.269229208876318,0.4930558059523364,-0.2969703659420283,0.8177435869323278
680680.3679385,208,1.0,0.42782707968384875,0.6583039995146189,680680.364619-0 680680.371258-1,-4.133176310627626,-7.332810779374582,37.58538030728488,20.12791532636311,14.145816091863933,-23.41605839965075,-0.3512792069546856,-0.3138545278399986,0.8820987779810255,-39.90172056498652,14.276878005659196,-21.269229208876318,0.49557428681868376,-0.29647517512379373,0.816399777547415
680680.372493,208,1.0,0.4308619639577945,0.6610252138685846,680680.373728-0 680680.371258-1,-3.971327342614268,-7.476999123261785,37.836152161624696,20.12791532636311,14.145816091863933,-23.41605839965075,-0.3478877133286246,-0.3156269310905109,0.8828101603886117,-39.90172056498652,14.276878005659196,-21.269229208876318,0.49557428681868376,-0.29647517512379373,0.816399777547415
680680.375731,208,1.0,0.431581192218595,0.6624715542359809,680680.373728-0 680680.377734-1,-3.907098133653733,-7.490636230831885,37.64447394329226,20.12791532636311,14.145816091863933,-23.41605839965075,-0.3478877133286246,-0.3156269310905109,0.8828101603886117,-39.90172056498652,14.276878005659196,-21.269229208876318,0.49727013189127406,-0.29820793079466923,0.814735813586218
680680.37906,208,1.0,0.4305655620095464,0.6582008975454154,680680.380386-0 680680.377734-1,-3.962819460414213,-7.327917178705019,37.5963003322921,20.12791532636311,14.145816091863933,-23.41605839965075,-0.3490421081128436,-0.3118369099018095,0.8837009383196515,-39.90172056498652,14.276878005659196,-21.269229208876318,0.49727013189127406,-0.29820793079466923,0.814735813586218
680680.384127,208,1.0,0.4313866774317905,0.6588862777177201,680680.380386-0 680680.387868-1,-3.890927169981744,-7.312295187058971,37.39478487620545,20.12791532636311,14.145816091863933,-23.41605839965075,-0.3490421081128436,-0.3118369099018095,0.8837009383196515,-39.90172056498652,14.276878005659196,-21.269229208876318,0.4991718844247064,-0.29925573700994995,0.8131872070234009
680680.389395,208,1.0,0.4323132173267762,0.6619897917569912,680680.3909219999-0 680680.387868-1,-3.84061320893405,-7.433047227542592,37.44659041164452,20.12791532636311,14.145816091863933,-23.41605839965075,-0.34799569720981666,-0.3145336686051764,0.8831577243263077,-39.90172056498652,14.276878005659196,-21.269229208876318,0.4991718844247064,-0.29925573700994995,0.8131872070234009
680680.3931585,208,1.0,0.43332013282408477,0.6615400602189518,680680.3909219999-0 680680.395395-1,-3.7550422849510614,-7.371430716935321,37.22309051252779,20.12791532636311,14.145816091863933,-23.41605839965075,-0.34799569720981666,-0.3145336686051764,0.8831577243263077,-39.90172056498652,14.276878005659196,-21.269229208876318,0.5014441364720691,-0.29928417797392876,0.8117775303691589
680680.396265,209,1.0,0.4343931993906242,0.6619055601648669,680680.397135-0 680680.395395-1,-3.6981053681128238,-7.401823926927601,37.316465574076105,20.12791532636311,14.145816091863933,-23.41605839965075,-0.34680019632471853,-0.3145954017517206,0.883605883313262,-39.90172056498652,14.276878005659196,-21.269229208876318,0.5014441364720691,-0.29928417797392876,0.8117775303691589
680680.401157,209,1.0,0.4337351707533797,0.6623570914772813,680680.397135-0 680680.405179-1,-3.7535872353574433,-7.4472641605851715,37.459798316472195,20.12791532636311,14.145816091863933,-23.41605839965075,-0.34680019632471853,-0.3145954017517206,0.883605883313262,-39.90172056498652,14.276878005659196,-21.269229208876318,0.49996879544723777,-0.2994183540647272,0.8126375900905689
680680.404844,209,0.9889126420021057,0.43521833773944146,0.6646127537431359,680680.404509-0 680680.405179-1,-3.6735709388708333,-7.549371212005817,37.57168353760002,20.12791532636311,14.145816091863933,-23.41605839965075,-0.34513136790819327,-0.316344563450056,0.883634797900927,-39.90172056498652,14.276878005659196,-21.269229208876318,0.49996879544723777,-0.2994183540647272,0.8126375900905689
680680.4092079999,209,1.0,0.4345072657553051,0.6645627281014548,680680.413237-0 680680.405179-1,-3.71156555188119,-7.535369559555705,37.506983028567774,20.12791532636311,14.145816091863933,-23.41605839965075,-0.3459271689847668,-0.3164842781542557,0.8832735111161005,-39.90172056498652,14.276878005659196,-21.269229208876318,0.49996879544723777,-0.2994183540647272,0.8126375900905689
680680.4123055,209,1.0,0.434567340884664,0.6658027412373466,680680.413237-0 680680.411374-1,-3.7052840401322307,-7.57328388384641,37.47329643342598,20.12791532636311,14.145816091863933,-23.41605839965075,-0.3459271689847668,-0.3164842781542557,0.8832735111161005,-39.90172056498652,14.276878005659196,-21.269229208876318,0.5001346988980131,-0.3006377033526291,0.8120851274842128
680680.4162554999,209,1.0,0.43410548289565176,0.6676093749173361,680680.413237-0 680680.419274-1,-3.742936447652818,-7.654774094397559,37.55033079478676,20.12791532636311,14.145816091863933,-23.41605839965075,-0.3459271689847668,-0.3164842781542557,0.8832735111161005,-39.90172056498652,14.276878005659196,-21.269229208876318,0.4991329185921758,-0.30217113237987836,0.8121323391750374
680680.421079,209,1.0,0.43355370793217596,0.6708706386589228,680680.422884-0 680680.419274-1,-3.770988922068897,-7.755903178457161,37.46470598950695,20.12791532636311,14.145816091863933,-23.41605839965075,-0.3465276066167479,-0.31972183250470787,0.8818710606842134,-39.90172056498652,14.276878005659196,-21.269229208876318,0.4991329185921758,-0.30217113237987836,0.8121323391750374
680680.42506,209,1.0,0.43321697382674823,0.6692741910729998,680680.422884-0 680680.427236-1,-3.8013960729272327,-7.719796250527714,37.56812702733208,20.12791532636311,14.145816091863933,-23.41605839965075,-0.3465276066167479,-0.31972183250470787,0.8818710606842134,-39.90172056498652,14.276878005659196,-21.269229208876318,0.4983277641826263,-0.30048974926965555,0.8132498693689437
680680.4291805,209,1.0,0.43005273745193373,0.6684731301057988,680680.431125-0 680680.427236-1,-3.9691612967672594,-7.637239807942746,37.28799440429066,20.12791532636311,14.145816091863933,-23.41605839965075,-0.3500495205630715,-0.3197807430394846,0.8804576137070305,-39.90172056498652,14.276878005659196,-21.269229208876318,0.4983277641826263,-0.30048974926965555,0.8132498693689437
680680.4324945,210,1.0,0.42896686732713263,0.6661297591087386,680680.431125-0 680680.433864-1,-4.066446645865604,-7.613049794722721,37.57809910747945,20.12791532636311,14.145816091863933,-23.41605839965075,-0.3500495205630715,-0.3197807430394846,0.8804576137070305,-39.90172056498652,14.276878005659196,-21.269229208876318,0.4957610320727364,-0.29775111746148863,0.8158218378595966
680680.4361950001,210,1.0,0.42590783840302604,0.6639461269510827,680680.438526-0 680680.433864-1,-4.227794680585426,-7.486613965616907,37.32263511076326,20.12791532636311,14.145816091863933,-23.41605839965075,-0.3534428200845577,-0.31851427767876506,0.87956058793323,-39.90172056498652,14.276878005659196,-21.269229208876318,0.4957610320727364,-0.29775111746148863,0.8158218378595966
680680.439888,210,1.0,0.42628142829308324,0.6621103141823006,680680.438526-0 680680.44125-1,-4.19670549916337,-7.408686427138238,37.2651094009538,20.12791532636311,14.145816091863933,-23.41605839965075,-0.3534428200845577,-0.31851427767876506,0.87956058793323,-39.90172056498652,14.276878005659196,-21.269229208876318,0.49658097948480984,-0.29615653619280097,0.8159035708245117
680680.4443920001,210,1.0,0.4250945740382428,0.6650283647656967,680680.447534-0 680680.44125-1,-4.2568781470907755,-7.487190629887077,37.12708579166318,20.12791532636311,14.145816091863933,-23.41605839965075,-0.35472727679000227,-0.32158455100454325,0.8779247892936816,-39.90172056498652,14.276878005659196,-21.269229208876318,0.49658097948480984,-0.29615653619280097,0.8159035708245117
680680.4495895,210,1.0,0.4237719836691058,0.6629087961596278,680680.447534-0 680680.451645-1,-4.377557488732844,-7.481739402288068,37.47104977452884,20.12791532636311,14.145816091863933,-23.41605839965075,-0.35472727679000227,-0.32158455100454325,0.8779247892936816,-39.90172056498652,14.276878005659196,-21.269229208876318,0.49341396701215573,-0.29350571669359116,0.8187777790252423
680680.4532059999,210,1.0,0.42334863744025003,0.6660578373182724,680680.4547669999-0 680680.451645-1,-4.397952179009518,-7.581426134574184,37.398505752202084,20.12791532636311,14.145816091863933,-23.41605839965075,-0.3551709947831031,-0.32468110465519584,0.8766046684479057,-39.90172056498652,14.276878005659196,-21.269229208876318,0.49341396701215573,-0.29350571669359116,0.8187777790252423
680680.4563579999,210,1.0,0.4227393721738487,0.6651975470547863,680680.4547669999-0 680680.457949-1,-4.45417405485945,-7.583145320518839,37.55670305393838,20.12791532636311,14.145816091863933,-23.41605839965075,-0.3551709947831031,-0.32468110465519584,0.8766046684479057,-39.90172056498652,14.276878005659196,-21.269229208876318,0.4919430737388762,-0.2923942415475648,0.8200595220532291
680680.461171,210,1.0,0.42095463532993593,0.6657590054254656,680680.464393-0 680680.457949-1,-4.54631016048987,-7.5718167550389675,37.3879372793112,20.12791532636311,14.145816091863933,-23.41605839965075,-0.35712359440769725,-0.32568297708253136,0.8754389394789256,-39.90172056498652,14.276878005659196,-21.269229208876318,0.4919430737388762,-0.2923942415475648,0.8200595220532291
680680.4645529999,211,1.0,0.4205848478350405,0.6651960330457446,680680.464393-0 680680.464713-1,-4.580891929054873,-7.5716324060150155,37.48506324611766,20.12791532636311,14.145816091863933,-23.41605839965075,-0.35712359440769725,-0.32568297708253136,0.8754389394789256,-39.90172056498652,14.276878005659196,-21.269229208876318,0.49104078471735507,-0.2916788943343354,0.8208546584774089
680680.4684755,211,1.0,0.42147827422023376,0.6669112977581335,680680.472238-0 680680.464713-1,-4.53374765448409,-7.645267339021562,37.54790855600761,20.12791532636311,14.145816091863933,-23.41605839965075,-0.356132255588672,-0.32707525755159067,0.8753237072231537,-39.90172056498652,14.276878005659196,-21.269229208876318,0.49104078471735507,-0.2916788943343354,0.8208546584774089
680680.473191,211,1.0,0.4208683181249061,0.6670508530119403,680680.472238-0 680680.474144-1,-4.589758709172257,-7.680536316639732,37.69188801845241,20.12791532636311,14.145816091863933,-23.41605839965075,-0.356132255588672,-0.32707525755159067,0.8753237072231537,-39.90172056498652,14.276878005659196,-21.269229208876318,0.4895798031463163,-0.29153391120362104,0.8217783125451372
680680.4763539999,211,1.0,0.4192579816412919,0.667107707080815,680680.478564-0 680680.474144-1,-4.673094349427636,-7.654709064017543,37.54360809457901,20.12791532636311,14.145816091863933,-23.41605839965075,-0.35789663782511044,-0.32755198183038603,0.8744253517782224,-39.90172056498652,14.276878005659196,-21.269229208876318,0.4895798031463163,-0.29153391120362104,0.8217783125451372
680680.4794709999,211,1.0,0.41873622993485854,0.6656648980785247,680680.478564-0 680680.480378-1,-4.723446591014069,-7.633318584382791,37.69272435137789,20.12791532636311,14.145816091863933,-23.41605839965075,-0.35789663782511044,-0.32755198183038603,0.8744253517782224,-39.90172056498652,14.276878005659196,-21.269229208876318,0.4882714304548247,-0.2898917113807016,0.8231365657497952
680680.484066,211,1.0,0.41578508718458435,0.6641151019804293,680680.487754-0 680680.480378-1,-4.875920922369485,-7.530440123415443,37.43994570561425,20.12791532636311,14.145816091863933,-23.41605839965075,-0.36112727900514463,-0.3268617903420631,0.8733547150915952,-39.90172056498652,14.276878005659196,-21.269229208876318,0.4882714304548247,-0.2898917113807016,0.8231365657497952
680680.4880855,211,1.0,0.41537956836771406,0.6657905352357751,680680.487754-0 680680.488417-1,-4.912181372616695,-7.606114264659584,37.51115452291414,20.12791532636311,14.145816091863933,-23.41605839965075,-0.36112727900514463,-0.3268617903420631,0.8733547150915952,-39.90172056498652,14.276878005659196,-21.269229208876318,0.487329775471788,-0.2913249091396115,0.8231886097689968
680680.4924544999,211,1.0,0.41488474601424946,0.6690795453594784,680680.496492-0 680680.488417-1,-4.935565738831086,-7.709588775631045,37.43012991242879,20.12791532636311,14.145816091863933,-23.41605839965075,-0.361637853168759,-0.3301109726928261,0.8719201849156188,-39.90172056498652,14.276878005659196,-21.269229208876318,0.487329775471788,-0.2913249091396115,0.8231886097689968
680680.4971939999,212,1.0,0.41488305718527163,0.6701776842108813,680680.496492-0 680680.4978959999-1,-4.934345216283644,-7.745817484048536,37.4127346035155,20.12791532636311,14.145816091863933,-23.41605839965075,-0.361637853168759,-0.3301109726928261,0.8719201849156188,-39.90172056498652,14.276878005659196,-21.269229208876318,0.4873603511421159,-0.29238787044489706,0.8227935472227109
680680.5020965,212,1.0,0.4158147580409139,0.6724934353480393,680680.506297-0 680680.4978959999-1,-4.885463310357379,-7.840752659954249,37.47189085824934,20.12791532636311,14.145816091863933,-23.41605839965075,-0.36060758988469194,-0.3320650737178925,0.8716048146575857,-39.90172056498652,14.276878005659196,-21.269229208876318,0.4873603511421159,-0.29238787044489706,0.8227935472227109
680680.5060395,212,1.0,0.4156950256454361,0.6719102851015276,680680.506297-0 680680.505782-1,-4.897519771252432,-7.8277726052328775,37.51037465622825,20.12791532636311,14.145816091863933,-23.41605839965075,-0.36060758988469194,-0.3320650737178925,0.8716048146575857,-39.90172056498652,14.276878005659196,-21.269229208876318,0.487048471745265,-0.29176916654901236,0.8231977524397747
680680.511324,212,1.0,0.41629280894043064,0.6726981578895879,680680.506297-0 680680.5163509999-1,-4.840122500744718,-7.822570767879626,37.35310348567674,20.12791532636311,14.145816091863933,-23.41605839965075,-0.36060758988469194,-0.3320650737178925,0.8716048146575857,-39.90172056498652,14.276878005659196,-21.269229208876318,0.4885361508570971,-0.2927982807197307,0.8219498744529993
680680.5142985,212,1.0,0.4136305690704575,0.6731766320878771,680680.512246-0 680680.5163509999-1,-4.9750343561126655,-7.7926211811284345,37.10776712182168,20.12791532636311,14.145816091863933,-23.41605839965075,-0.3634837684570711,-0.3331962682993999,0.8699768944400768,-39.90172056498652,14.276878005659196,-21.269229208876318,0.4885361508570971,-0.2927982807197307,0.8219498744529993
680680.517088,212,1.0,0.413462740373513,0.6731594786767856,680680.517825-0 680680.5163509999-1,-4.983514793323275,-7.789153399990474,37.09291238960396,20.12791532636311,14.145816091863933,-23.41605839965075,-0.36366474530461024,-0.3332227884752887,0.8698911002322564,-39.90172056498652,14.276878005659196,-21.269229208876318,0.4885361508570971,-0.2927982807197307,0.8219498744529993
680680.5217515,212,1.0,0.4126154444114397,0.673823616207625,680680.517825-0 680680.525678-1,-5.063428510529141,-7.855320665118813,37.286886958343686,20.12791532636311,14.145816091863933,-23.41605839965075,-0.36366474530461024,-0.3332227884752887,0.8698911002322564,-39.90172056498652,14.276878005659196,-21.269229208876318,0.4864674233039099,-0.29306561009351567,0.8230807944816655
680680.5266845,212,1.0,0.4081603359091425,0.6697648565374701,680680.527691-0 680680.525678-1,-5.289179762564627,-7.642431258754473,36.932347024962255,20.12791532636311,14.145816091863933,-23.41605839965075,-0.3684800348101248,-0.330534793012677,0.8688896446352643,-39.90172056498652,14.276878005659196,-21.269229208876318,0.4864674233039099,-0.29306561009351567,0.8230807944816655
680680.529965,213,1.0,0.4083563591838691,0.6722142794451327,680680.527691-0 680680.532239-1,-5.266742819453526,-7.711595922903176,36.8446436355015,20.12791532636311,14.145816091863933,-23.41605839965075,-0.3684800348101248,-0.330534793012677,0.8688896446352643,-39.90172056498652,14.276878005659196,-21.269229208876318,0.4870433527109723,-0.2955131724455988,0.8218641843341228
680680.5332825,213,1.0,0.4062072693688579,0.6668023607416482,680680.534326-0 680680.532239-1,-5.3761793368328,-7.4948727892425095,36.71323170031337,20.12791532636311,14.145816091863933,-23.41605839965075,-0.37081303047742603,-0.3259970701770032,0.8696111813127506,-39.90172056498652,14.276878005659196,-21.269229208876318,0.4870433527109723,-0.2955131724455988,0.8218641843341228
680680.5380609999,213,1.0,0.40606502150498214,0.6677852741964259,680680.534326-0 680680.541796-1,-5.388616414083382,-7.533838956023074,36.73142845244768,20.12791532636311,14.145816091863933,-23.41605839965075,-0.37081303047742603,-0.3259970701770032,0.8696111813127506,-39.90172056498652,14.276878005659196,-21.269229208876318,0.4867216741008559,-0.2963920624540738,0.8217382535057502
680680.5414229999,213,1.0,0.4009917375604536,0.6663384765506645,680680.54105-0 680680.541796-1,-5.636652560812468,-7.4041733810476975,36.305049935035186,20.12791532636311,14.145816091863933,-23.41605839965075,-0.376169549389868,-0.32595605801263533,0.8673229608148784,-39.90172056498652,14.276878005659196,-21.269229208876318,0.4867216741008559,-0.2963920624540738,0.8217382535057502
680680.5452385,213,1.0,0.39551306074740067,0.6625958403665075,680680.548681-0 680680.541796-1,-5.9003810975911275,-7.196258787704697,35.876369752379,20.12791532636311,14.145816091863933,-23.41605839965075,-0.3818978952255545,-0.323889181552679,0.8655921647608803,-39.90172056498652,14.276878005659196,-21.269229208876318,0.4867216741008559,-0.2963920624540738,0.8217382535057502
680680.548494,213,1.0,0.3953647148656273,0.6634401448874996,680680.548681-0 680680.548307-1,-5.913908732456537,-7.2303156863540705,35.89820185300019,20.12791532636311,14.145816091863933,-23.41605839965075,-0.3818978952255545,-0.323889181552679,0.8655921647608803,-39.90172056498652,14.276878005659196,-21.269229208876318,0.48637373938328365,-0.297125695453742,0.8216793211097939
680680.554032,213,1.0,0.39587856091190776,0.6632065640090233,680680.548681-0 680680.559383-1,-5.862512640220977,-7.196992565393946,35.77766538600231,20.12791532636311,14.145816091863933,-23.41605839965075,-0.3818978952255545,-0.323889181552679,0.8655921647608803,-39.90172056498652,14.276878005659196,-21.269229208876318,0.4876920289274337,-0.29714984728059585,0.820888819013733
680680.5582689999,213,1.0,0.3946032914521053,0.6639472165871908,680680.5571549999-0 680680.559383-1,-5.921957364084392,-7.201912545777778,35.6630982201721,20.12791532636311,14.145816091863933,-23.41605839965075,-0.38320136383670894,-0.32490890204343664,0.8646334021575932,-39.90172056498652,14.276878005659196,-21.269229208876318,0.4876920289274337,-0.29714984728059585,0.820888819013733
680680.5628565,214,1.0,0.39530016361241616,0.6637155980973899,680680.56633-0 680680.559383-1,-5.889398853380182,-7.20487041953549,35.723864681869586,20.12791532636311,14.145816091863933,-23.41605839965075,-0.3824878298037371,-0.3245128781982726,0.8650979435506133,-39.90172056498652,14.276878005659196,-21.269229208876318,0.4876920289274337,-0.29714984728059585,0.820888819013733
680680.566049,214,1.0,0.39532835030292146,0.6642996995625667,680680.56633-0 680680.565768-1,-5.885550993465515,-7.221718016068173,35.70726714121014,20.12791532636311,14.145816091863933,-23.41605839965075,-0.3824878298037371,-0.3245128781982726,0.8650979435506133,-39.90172056498652,14.276878005659196,-21.269229208876318,0.4877898880859231,-0.2977187676862451,0.820624494180198
680680.569791,214,1.0,0.39548342145809234,0.6639846876909801,680680.56633-0 680680.573252-1,-5.870518775264914,-7.204038092322377,35.67519633042488,20.12791532636311,14.145816091863933,-23.41605839965075,-0.3824878298037371,-0.3245128781982726,0.8650979435506133,-39.90172056498652,14.276878005659196,-21.269229208876318,0.4881761583624755,-0.2974929910032271,0.8204766655490022
680680.5733385,214,1.0,0.39499920584490794,0.6633118144979968,680680.573425-0 680680.573252-1,-5.893684227864419,-7.174853687756641,35.64156161399259,20.12791532636311,14.145816091863933,-23.41605839965075,-0.38299238348149967,-0.3240137721748084,0.8650617952702633,-39.90172056498652,14.276878005659196,-21.269229208876318,0.4881761583624755,-0.2974929910032271,0.8204766655490022
680680.5772165,214,1.0,0.3944330607438946,0.6631013605119085,680680.573425-0 680680.581008-1,-5.951187603763582,-7.196841996018326,35.78191959827776,20.12791532636311,14.145816091863933,-23.41605839965075,-0.38299238348149967,-0.3240137721748084,0.8650617952702633,-39.90172056498652,14.276878005659196,-21.269229208876318,0.4867018998430376,-0.2970210926527305,0.8215228123482367
680680.5806539999,214,1.0,0.39289042051189355,0.662110070650214,680680.5803-0 680680.581008-1,-6.024110570604371,-7.141398272564797,35.66265527886762,20.12791532636311,14.145816091863933,-23.41605839965075,-0.38458620867923277,-0.32349506942195627,0.8645486615300594,-39.90172056498652,14.276878005659196,-21.269229208876318,0.4867018998430376,-0.2970210926527305,0.8215228123482367
680680.586201,214,1.0,0.39436740428913264,0.6621675640402862,680680.591394-0 680680.581008-1,-5.954890976353143,-7.165346496192902,35.785936164384324,20.12791532636311,14.145816091863933,-23.41605839965075,-0.3830699388898403,-0.3231620323109384,0.8653460133331623,-39.90172056498652,14.276878005659196,-21.269229208876318,0.4867018998430376,-0.2970210926527305,0.8215228123482367
680680.590471,214,1.0,0.3949879760515233,0.6615264633154898,680680.591394-0 680680.589548-1,-5.893384285282762,-7.114172019637494,35.64669017849596,20.12791532636311,14.145816091863933,-23.41605839965075,-0.3830699388898403,-0.3231620323109384,0.8653460133331623,-39.90172056498652,14.276878005659196,-21.269229208876318,0.4882801480990364,-0.2967120225452884,0.8206975524817087
680680.594608,214,1.0,0.3952864394614713,0.6620797256946653,680680.591394-0 680680.597822-1,-5.86248954058135,-7.116556687239224,35.56573556726404,20.12791532636311,14.145816091863933,-23.41605839965075,-0.3830699388898403,-0.3231620323109384,0.8653460133331623,-39.90172056498652,14.276878005659196,-21.269229208876318,0.48907268587815866,-0.29738151294460574,0.8199830142671866
680680.5976559999,215,1.0,0.3935479707367753,0.6624163426094617,680680.59749-0 680680.597822-1,-5.943386495015776,-7.101722658614297,35.418003152372094,20.12791532636311,14.145816091863933,-23.41605839965075,-0.38484530301088066,-0.323925737509153,0.8642720690440104,-39.90172056498652,14.276878005659196,-21.269229208876318,0.48907268587815866,-0.29738151294460574,0.8199830142671866
680680.6027615,215,1.0,0.3971349284990879,0.6623670946702798,680680.607701-0 680680.597822-1,-5.775434765364578,-7.153515858714116,35.717314506655974,20.12791532636311,14.145816091863933,-23.41605839965075,-0.38116628095897537,-0.3229472743871448,0.8662663125308622,-39.90172056498652,14.276878005659196,-21.269229208876318,0.48907268587815866,-0.29738151294460574,0.8199830142671866
680680.606698,215,1.0,0.39788859845701313,0.6621927938492933,680680.607701-0 680680.605695-1,-5.701142362545921,-7.1107699159728925,35.540503446032275,20.12791532636311,14.145816091863933,-23.41605839965075,-0.38116628095897537,-0.3229472743871448,0.8662663125308622,-39.90172056498652,14.276878005659196,-21.269229208876318,0.4909853300637509,-0.2975760299693017,0.8187685338665004
680680.6099525,215,1.0,0.39895469459634864,0.6612514901244924,680680.607701-0 680680.612204-1,-5.598513396649228,-7.029602399258459,35.30494932636746,20.12791532636311,14.145816091863933,-23.41605839965075,-0.38116628095897537,-0.3229472743871448,0.8662663125308622,-39.90172056498652,14.276878005659196,-21.269229208876318,0.49363550269149464,-0.29719218123467356,0.8173131577892845
680680.612978,215,1.0,0.3990112276712735,0.6598181005193231,680680.613752-0 680680.612204-1,-5.59677300887083,-6.9842934377840225,35.324047205209425,20.12791532636311,14.145816091863933,-23.41605839965075,-0.3811227811099804,-0.3216093188581622,0.8667830592152703,-39.90172056498652,14.276878005659196,-21.269229208876318,0.49363550269149464,-0.29719218123467356,0.8173131577892845
680680.6174025,215,1.0,0.39970255713635905,0.6597650262399009,680680.613752-0 680680.621053-1,-5.530097519315598,-6.949650133324588,35.1638667192761,20.12791532636311,14.145816091863933,-23.41605839965075,-0.3811227811099804,-0.3216093188581622,0.8667830592152703,-39.90172056498652,14.276878005659196,-21.269229208876318,0.49536081432217594,-0.29747224047190807,0.8161666066329191
680680.6210304999,215,1.0,0.40328059512351455,0.6586284688413706,680680.621008-0 680680.621053-1,-5.362219002431232,-6.965273586746242,35.47009651990379,20.12791532636311,14.145816091863933,-23.41605839965075,-0.3774496111819001,-0.3196294851733084,0.869119544842065,-39.90172056498652,14.276878005659196,-21.269229208876318,0.49536081432217594,-0.29747224047190807,0.8161666066329191
680680.6254475,215,1.0,0.4069596459478859,0.6587101871215175,680680.629842-0 680680.621053-1,-5.186274355879581,-7.022438429036391,35.77673676668321,20.12791532636311,14.145816091863933,-23.41605839965075,-0.3736228166636046,-0.3187417639714236,0.8710968251398576,-39.90172056498652,14.276878005659196,-21.269229208876318,0.49536081432217594,-0.29747224047190807,0.8161666066329191
680680.629323,216,1.0,0.40727956835549983,0.6550813195497023,680680.629842-0 680680.628804-1,-5.1616236880774125,-6.89382711206241,35.76155665508976,20.12791532636311,14.145816091863933,-23.41605839965075,-0.3736228166636046,-0.3187417639714236,0.8710968251398576,-39.90172056498652,14.276878005659196,-21.269229208876318,0.4960066531595416,-0.29418704020521336,0.8169647393839997
680680.634368,216,1.0,0.4082316825490249,0.652535027607513,680680.629842-0 680680.638894-1,-5.076622929676539,-6.770769499581237,35.58305193336345,20.12791532636311,14.145816091863933,-23.41605839965075,-0.3736228166636046,-0.3187417639714236,0.8710968251398576,-39.90172056498652,14.276878005659196,-21.269229208876318,0.4982240195021568,-0.2922451171676126,0.8163122061336598
680680.638671,216,1.0,0.4084706356756499,0.6474620709293579,680680.638448-0 680680.638894-1,-5.068159882466038,-6.61006017163336,35.653483889722,20.12791532636311,14.145816091863933,-23.41605839965075,-0.3734199203855023,-0.3139768539810214,0.8729124229975567,-39.90172056498652,14.276878005659196,-21.269229208876318,0.4982240195021568,-0.2922451171676126,0.8163122061336598
680680.6427515,216,0.965022623538971,0.414457283830434,0.6409469392606704,680680.6466089999-0 680680.638894-1,-4.78025284160246,-6.48165536540585,36.22423925150133,20.12791532636311,14.145816091863933,-23.41605839965075,-0.36716786155566267,-0.30625039949651184,0.8782929205275813,-39.90172056498652,14.276878005659196,-21.269229208876318,0.4982240195021568,-0.2922451171676126,0.8163122061336598
680680.6459164999,216,0.965022623538971,0.4192237513180694,0.633472513689251,680680.6466089999-0 680680.645224-1,-4.368586390271188,-6.054231432059432,35.27203173307465,20.12791532636311,14.145816091863933,-23.41605839965075,-0.36716786155566267,-0.30625039949651184,0.8782929205275813,-39.90172056498652,14.276878005659196,-21.269229208876318,0.5090755222380409,-0.2877267061580753,0.8112061730666812
680680.64978,216,0.965022623538971,0.4288618101821976,0.6095357204987023,680680.6466089999-0 680680.652951-1,-3.6136881862600188,-5.001413077353816,33.625120828658495,20.12791532636311,14.145816091863933,-23.41605839965075,-0.36716786155566267,-0.30625039949651184,0.8782929205275813,-39.90172056498652,14.276878005659196,-21.269229208876318,0.5293270609403468,-0.27087612472657085,0.8040142956498779
680680.6535155,216,1.0,0.4533813665423116,0.602853647635168,680680.65408-0 680680.652951-1,-2.392000904617877,-5.06408989852356,35.66087465632435,20.12791532636311,14.145816091863933,-23.41605839965075,-0.34083789506890977,-0.2927602804700821,0.8933761511614656,-39.90172056498652,14.276878005659196,-21.269229208876318,0.5293270609403468,-0.27087612472657085,0.8040142956498779
680680.6579955,216,0.995,0.4813127967398431,0.5604553800008962,680680.65408-0 680680.661911-1,-0.6701901006947395,-3.20543603974392,31.284299339985992,20.12791532636311,14.145816091863933,-23.41605839965075,-0.34083789506890977,-0.2927602804700821,0.8933761511614656,-39.90172056498652,14.276878005659196,-21.269229208876318,0.5781152983526283,-0.24906065700117613,0.7770144728026589
680680.6613324999,216,0.99,0.5256414970152699,0.5632634360670763,680680.660754-0 680680.661911-1,1.7508273785156483,-3.6505565474073203,34.71875071797511,20.12791532636311,14.145816091863933,-23.41605839965075,-0.2893340141182582,-0.2799580912834771,0.9153738555361562,-39.90172056498652,14.276878005659196,-21.269229208876318,0.5781152983526283,-0.24906065700117613,0.7770144728026589
680680.6663190001,217,0.99,0.5608086879224962,0.563863201170457,680680.670727-0 680680.661911-1,4.106758433347748,-4.039702920292593,38.06047247726899,20.12791532636311,14.145816091863933,-23.41605839965075,-0.2423281579203466,-0.26678736176173795,0.9327923496058182,-39.90172056498652,14.276878005659196,-21.269229208876318,0.5781152983526283,-0.24906065700117613,0.7770144728026589
680680.6704289999,217,0.99,0.5900744789003395,0.5266651496939537,680680.670727-0 680680.670131-1,5.2624166440994085,-2.4370058065981395,33.730330486547444,20.12791532636311,14.145816091863933,-23.41605839965075,-0.2423281579203466,-0.26678736176173795,0.9327923496058182,-39.90172056498652,14.276878005659196,-21.269229208876318,0.6177620673940413,-0.23221817893071156,0.7512953783054598
680680.6746489999,217,0.995,0.6138368106265675,0.49380582125870587,680680.670727-0 680680.678571-1,6.0373259460167255,-1.3026464986756698,30.84468640563824,20.12791532636311,14.145816091863933,-23.41605839965075,-0.2423281579203466,-0.26678736176173795,0.9327923496058182,-39.90172056498652,14.276878005659196,-21.269229208876318,0.6452543082388149,-0.2177013459788973,0.7322929752894157
680680.6778655,217,0.9589027464389801,0.6339135332928368,0.49283830908005444,680680.67716-0 680680.678571-1,7.51081880290094,-1.3578401964774969,32.63446515109305,20.12791532636311,14.145816091863933,-23.41605839965075,-0.21196069196344802,-0.25562358770693466,0.9432546032064786,-39.90172056498652,14.276878005659196,-21.269229208876318,0.6452543082388149,-0.2177013459788973,0.7322929752894157
680680.6829705,217,0.9723801016807556,0.6437901873256665,0.48939356260560185,680680.6873699999-0 680680.678571-1,8.31862310431844,-1.2962857583254523,33.6354759492648,20.12791532636311,14.145816091863933,-23.41605839965075,-0.19581119571859268,-0.24691691235277397,0.9490468976954867,-39.90172056498652,14.276878005659196,-21.269229208876318,0.6452543082388149,-0.2177013459788973,0.7322929752894157
680680.6869005,217,0.9723801016807556,0.659111342040094,0.46973051383991093,680680.6873699999-0 680680.686431-1,8.7136434127171,-0.6452501068940961,31.773603643503478,20.12791532636311,14.145816091863933,-23.41605839965075,-0.19581119571859268,-0.24691691235277397,0.9490468976954867,-39.90172056498652,14.276878005659196,-21.269229208876318,0.6614925896807223,-0.20999495419743058,0.7199511601554027
680680.6903835,217,0.9723801016807556,0.6595920546192866,0.46945603900686683,680680.6873699999-0 680680.693397-1,8.72508299833737,-0.6360472802844619,31.71636581792405,20.12791532636311,14.145816091863933,-23.41605839965075,-0.19581119571859268,-0.24691691235277397,0.9490468976954867,-39.90172056498652,14.276878005659196,-21.269229208876318,0.6619673475194733,-0.21006605165781592,0.7194939087712477
680680.6943175,217,0.9779441356658936,0.6632171997371664,0.4748582364392261,680680.695238-0 680680.693397-1,9.014794689632327,-0.8056320403752393,32.01197911270776,20.12791532636311,14.145816091863933,-23.41605839965075,-0.18997503457021298,-0.24974640191753766,0.9494926123826821,-39.90172056498652,14.276878005659196,-21.269229208876318,0.6619673475194733,-0.21006605165781592,0.7194939087712477
680680.6994755,218,0.9779441356658936,0.6584770875267933,0.4795628777350506,680680.695238-0 680680.7037129999-1,8.900372914353254,-0.9622105896367081,32.58176111249598,20.12791532636311,14.145816091863933,-23.41605839965075,-0.18997503457021298,-0.24974640191753766,0.9494926123826821,-39.90172056498652,14.276878005659196,-21.269229208876318,0.6571391406779146,-0.21120663910180454,0.723574395199562
680680.7041465,218,0.9745450615882874,0.6570305290646463,0.47945064940007354,680680.70458-0 680680.7037129999-1,8.777861471457385,-0.9539941355690038,32.43905169183921,20.12791532636311,14.145816091863933,-23.41605839965075,-0.19242506462545111,-0.2505057776721278,0.9487989512308567,-39.90172056498652,14.276878005659196,-21.269229208876318,0.6571391406779146,-0.21120663910180454,0.723574395199562
680680.7073875,218,0.9745450615882874,0.650411405892964,0.4843627580470822,680680.70458-0 680680.7101949999-1,8.61293664191903,-1.1286308737441795,33.266050634070986,20.12791532636311,14.145816091863933,-23.41605839965075,-0.19242506462545111,-0.2505057776721278,0.9487989512308567,-39.90172056498652,14.276878005659196,-21.269229208876318,0.6502686286829974,-0.21132603910670522,0.7297205052252578
680680.7105815,218,0.9569567441940308,0.6434941222056814,0.482985200049183,680680.710968-0 680680.7101949999-1,8.043334344484752,-1.0610234586570426,32.597096474391655,20.12791532636311,14.145816091863933,-23.41605839965075,-0.2037967880098917,-0.2532120589472614,0.9457010745476289,-39.90172056498652,14.276878005659196,-21.269229208876318,0.6502686286829974,-0.21132603910670522,0.7297205052252578
680680.7136385001,218,0.9569567441940308,0.6398370838960199,0.48942831337266957,680680.710968-0 680680.716309-1,7.942361840221146,-1.272380400811226,33.036353484021504,20.12791532636311,14.145816091863933,-23.41605839965075,-0.2037967880098917,-0.2532120589472614,0.9457010745476289,-39.90172056498652,14.276878005659196,-21.269229208876318,0.6462450510350723,-0.2147680708393896,0.7322854701280118
680680.716565,218,0.9435528814792633,0.632108485439405,0.4777796901938215,680680.716821-0 680680.716309-1,7.356615803451444,-0.8939643388946887,32.418737169164146,20.12791532636311,14.145816091863933,-23.41605839965075,-0.2155712643766367,-0.24668091053885535,0.9448161505556409,-39.90172056498652,14.276878005659196,-21.269229208876318,0.6462450510350723,-0.2147680708393896,0.7322854701280118
680680.72138,218,0.9435528814792633,0.6300693843422687,0.47680016550263093,680680.716821-0 680680.725939-1,7.302130017573554,-0.870969626899476,32.68628969818812,20.12791532636311,14.145816091863933,-23.41605839965075,-0.2155712643766367,-0.24668091053885535,0.9448161505556409,-39.90172056498652,14.276878005659196,-21.269229208876318,0.6441429926742196,-0.21252568727618984,0.7347874775991242
680680.7261155001,218,0.9781044721603394,0.621600608768646,0.46576073347161107,680680.726292-0 680680.725939-1,6.686152013048689,-0.5235210407471307,32.018949498796424,20.12791532636311,14.145816091863933,-23.41605839965075,-0.2281232483309515,-0.24119748810036512,0.9432833907713043,-39.90172056498652,14.276878005659196,-21.269229208876318,0.6441429926742196,-0.21252568727618984,0.7347874775991242
680680.729292,219,0.9781044721603394,0.6217454799022528,0.4757577777316562,680680.726292-0 680680.732292-1,6.680149405782916,-0.8180707658969393,31.946527008916842,20.12791532636311,14.145816091863933,-23.41605839965075,-0.2281232483309515,-0.24119748810036512,0.9432833907713043,-39.90172056498652,14.276878005659196,-21.269229208876318,0.6439307853939455,-0.2215318742444726,0.7323092054014256
680680.732492,219,0.9930908381938934,0.6172317677187268,0.471795937735789,680680.732692-0 680680.732292-1,6.361343999957766,-0.6920094945607627,31.58780038450513,20.12791532636311,14.145816091863933,-23.41605839965075,-0.23470679421219845,-0.2400088267253639,0.9419705323652895,-39.90172056498652,14.276878005659196,-21.269229208876318,0.6439307853939455,-0.2215318742444726,0.7323092054014256
680680.7372669999,219,0.9930908381938934,0.6152000038288022,0.471392079791767,680680.732692-0 680680.7418419999-1,6.302979170775448,-0.6853210416628386,31.84471417741727,20.12791532636311,14.145816091863933,-23.41605839965075,-0.23470679421219845,-0.2400088267253639,0.9419705323652895,-39.90172056498652,14.276878005659196,-21.269229208876318,0.6417991059994987,-0.21980848382800763,0.7346959493392328
680680.7420035,219,0.9628260433673859,0.6106375945454225,0.46714271008942343,680680.742165-0 680680.7418419999-1,5.988847975476052,-0.5533135341911812,31.490882710808624,20.12791532636311,14.145816091863933,-23.41605839965075,-0.24122748689230494,-0.23858058415041036,0.9406851781728423,-39.90172056498652,14.276878005659196,-21.269229208876318,0.6417991059994987,-0.21980848382800763,0.7346959493392328
680680.7452904999,219,0.9628260433673859,0.6128481582122912,0.4654316420393224,680680.742165-0 680680.7484159999-1,6.056988815576501,-0.49983213002187465,31.234902600318946,20.12791532636311,14.145816091863933,-23.41605839965075,-0.24122748689230494,-0.23858058415041036,0.9406851781728423,-39.86372028933691,14.132552026231899,-21.70356850130887,0.6412806297882787,-0.2169685035102524,0.7359917270886067
680680.748468,219,0.9235665798187256,0.6109896278102037,0.46327592711839816,680680.74852-0 680680.7484159999-1,5.932149850271186,-0.4355027130527578,31.096953632283174,20.12791532636311,14.145816091863933,-23.41605839965075,-0.24384666761283236,-0.2376278277061169,0.9402509336309052,-39.86372028933691,14.132552026231899,-21.70356850130887,0.6412806297882787,-0.2169685035102524,0.7359917270886067
680680.752402,219,0.9235665798187256,0.6093004242038018,0.4655684773911989,680680.74852-0 680680.756284-1,5.880107280682237,-0.5041747847882352,31.291968217278836,20.12791532636311,14.145816091863933,-23.41605839965075,-0.24384666761283236,-0.2376278277061169,0.9402509336309052,-39.86372028933691,14.132552026231899,-21.70356850130887,0.6394270919016413,-0.21783372169995294,0.7373475868493485
680680.756284,219,0.9470089972019196,0.60974382169563,0.46396382803501035,680680.756284-0 680680.756284-1,5.914251206335096,-0.45876596937649605,31.349266808398113,20.09356675841607,14.188423621010983,-23.124786330725527,-0.2436806413480156,-0.2378028909973054,0.9402497168654418,-39.86372028933691,14.132552026231899,-21.70356850130887,0.6394270919016413,-0.21783372169995294,0.7373475868493485
680680.7605254999,219,0.9470089972019196,0.6066440322687838,0.4653601807081096,680680.756284-0 680680.764767-1,5.819758688315602,-0.5047287394425082,31.72828646220953,20.09356675841607,14.188423621010983,-23.124786330725527,-0.2436806413480156,-0.2378028909973054,0.9402497168654418,-39.86372028933691,14.132552026231899,-21.70356850130887,0.6360712182018898,-0.21693452050728312,0.7405084869111487
680680.7653270001,220,0.9313572347164154,0.6063256214509868,0.46822421328805874,680680.765887-0 680680.764767-1,5.793169699258212,-0.5874288038226823,31.674720192559022,20.09356675841607,14.188423621010983,-23.124786330725527,-0.24424063539328855,-0.2405868815233348,0.9393957975537038,-39.86372028933691,14.132552026231899,-21.70356850130887,0.6360712182018898,-0.21693452050728312,0.7405084869111487
680680.7693169999,220,0.9313572347164154,0.6055021515287449,0.46537986242745,680680.765887-0 680680.772747-1,5.770527809287629,-0.506182601133772,31.793569675397954,20.09356675841607,14.188423621010983,-23.124786330725527,-0.24424063539328855,-0.2405868815233348,0.9393957975537038,-39.86372028933691,14.132552026231899,-21.70356850130887,0.6352709418101492,-0.21384820943024413,0.7420914861491974
680680.7728965,220,0.9658388793468475,0.6035454188354855,0.4599592798718807,680680.7730459999-0 680680.772747-1,5.644306798605163,-0.34594878127881934,31.675082868056776,20.09356675841607,14.188423621010983,-23.124786330725527,-0.24688557914109238,-0.23668837141528035,0.9396946981062252,-39.86372028933691,14.132552026231899,-21.70356850130887,0.6352709418101492,-0.21384820943024413,0.7420914861491974
680680.776669,220,0.9658388793468475,0.6038007207145688,0.4556375850354064,680680.7730459999-0 680680.780292-1,5.6559697828077455,-0.21988405681924927,31.665270274358967,20.09356675841607,14.188423621010983,-23.124786330725527,-0.24688557914109238,-0.23668837141528035,0.9396946981062252,-39.86372028933691,14.132552026231899,-21.70356850130887,0.6356836676552989,-0.21019680075956007,0.7427809768880415
680680.7803005,220,0.984761118888855,0.5994739082298549,0.4508332860652988,680680.7803089999-0 680680.780292-1,5.370493237626917,-0.07893306744679318,31.34297083385919,20.09356675841607,14.188423621010983,-23.124786330725527,-0.25291000395357693,-0.23467258369451469,0.9385975220307917,-39.86372028933691,14.132552026231899,-21.70356850130887,0.6356836676552989,-0.21019680075956007,0.7427809768880415
680680.7855449999,220,0.984761118888855,0.600462223998008,0.44667003434832975,680680.7803089999-0 680680.7907809999-1,5.404868644665543,0.04091960497731861,31.241403388360197,20.09356675841607,14.188423621010983,-23.124786330725527,-0.25291000395357693,-0.23467258369451469,0.9385975220307917,-39.86372028933691,14.132552026231899,-21.70356850130887,0.6368803798787888,-0.2072334715019786,0.7425884930529749
680680.7905335,220,0.9793559014797211,0.599395575110622,0.442084918467454,680680.790286-0 680680.7907809999-1,5.340801687871103,0.172350696571538,31.193316256819784,20.09356675841607,14.188423621010983,-23.124786330725527,-0.25426717992731834,-0.23108923254208907,0.9391197835286598,-39.86372028933691,14.132552026231899,-21.70356850130887,0.6368803798787888,-0.2072334715019786,0.7425884930529749
680680.7937435,220,0.9787863790988922,0.5984663553312947,0.4400400481922043,680680.796706-0 680680.7907809999-1,5.282271227795686,0.23051132251107997,31.13436227898385,20.09356675841607,14.188423621010983,-23.124786330725527,-0.2555110806301047,-0.22974585819346993,0.9391117762642432,-39.86372028933691,14.132552026231899,-21.70356850130887,0.6368803798787888,-0.2072334715019786,0.7425884930529749
680680.797012,221,0.9787863790988922,0.6001044886588531,0.4358698892917501,680680.796706-0 680680.797318-1,5.336822413306864,0.3479839447279476,30.953789021551202,20.09356675841607,14.188423621010983,-23.124786330725527,-0.2555110806301047,-0.22974585819346993,0.9391117762642432,-39.86372028933691,14.132552026231899,-21.70356850130887,0.638770231981155,-0.20476577156795,0.7416492226982534
680680.801797,221,0.9004590511322021,0.5990808577525482,0.43464624696993315,680680.806276-0 680680.797318-1,5.271270603706208,0.3818190594696631,30.880706434675588,20.09356675841607,14.188423621010983,-23.124786330725527,-0.25691073292574806,-0.2292113992585276,0.9388604847140509,-39.86372028933691,14.132552026231899,-21.70356850130887,0.638770231981155,-0.20476577156795,0.7416492226982534
680680.806622,221,0.9004590511322021,0.6001767778232937,0.43313853673928915,680680.806276-0 680680.806968-1,5.306434446812484,0.42302177864664614,30.75503444250733,20.09356675841607,14.188423621010983,-23.124786330725527,-0.25691073292574806,-0.2292113992585276,0.9388604847140509,-39.86372028933691,14.132552026231899,-21.70356850130887,0.6399854647256594,-0.20425258086952353,0.7407425248681355
680680.809703,221,0.9946330189704895,0.5997302939309869,0.4299307291608917,680680.812438-0 680680.806968-1,5.282124602878879,0.5135723910600829,30.746377438721417,20.09356675841607,14.188423621010983,-23.124786330725527,-0.25742905581446357,-0.22655414696158693,0.9393633480804865,-39.86372028933691,14.132552026231899,-21.70356850130887,0.6399854647256594,-0.20425258086952353,0.7407425248681355
680680.812715,221,0.9946330189704895,0.6013960727723984,0.42630702060063086,680680.812438-0 680680.812992-1,5.336391450949216,0.6126557738305651,30.563116286575074,20.09356675841607,14.188423621010983,-23.124786330725527,-0.25742905581446357,-0.22655414696158693,0.9393633480804865,-39.86372028933691,14.132552026231899,-21.70356850130887,0.6418620275109949,-0.2023187526642586,0.7396487409303508
680680.8166885,221,0.9581489264965057,0.6003408718562343,0.42420335640805573,680680.820385-0 680680.812992-1,5.270872668583117,0.6701827028247642,30.49620185961387,20.09356675841607,14.188423621010983,-23.124786330725527,-0.2588362864143873,-0.2252548956481583,0.9392890975741955,-39.86372028933691,14.132552026231899,-21.70356850130887,0.6418620275109949,-0.2023187526642586,0.7396487409303508
680680.82048,221,0.9581489264965057,0.601564918767341,0.42129401967856794,680680.820385-0 680680.820575-1,5.310743392314065,0.7488158438425003,30.364053486229004,20.09356675841607,14.188423621010983,-23.124786330725527,-0.2588362864143873,-0.2252548956481583,0.9392890975741955,-39.86372028933691,14.132552026231899,-21.70356850130887,0.6432385357612566,-0.20069513090413046,0.7388948846372455
680680.8245415001,221,0.9149397313594818,0.6023918921545187,0.42103431816956216,680680.828508-0 680680.820575-1,5.365038005313369,0.7579435809101964,30.43248853208329,20.09356675841607,14.188423621010983,-23.124786330725527,-0.2576663141504346,-0.2245386547934274,0.93978213595263,-39.86372028933691,14.132552026231899,-21.70356850130887,0.6432385357612566,-0.20069513090413046,0.7388948846372455
680680.8288715,221,0.9149397313594818,0.6028678041699884,0.4202154052912348,680680.828508-0 680680.829235-1,5.3801514531995895,0.7796398123109105,30.379785190991463,20.09356675841607,14.188423621010983,-23.124786330725527,-0.2576663141504346,-0.2245386547934274,0.93978213595263,-39.86372028933691,14.132552026231899,-21.70356850130887,0.6437617470276498,-0.20033798966447278,0.738536053934475
680680.834799,222,0.9557315409183502,0.6023143258612575,0.4213197095867416,680680.8403629999-0 680680.829235-1,5.342293470447134,0.7473080608491571,30.32608370729487,20.09356675841607,14.188423621010983,-23.124786330725527,-0.258483231501765,-0.2258611766697231,0.9392407294755551,-39.86372028933691,14.132552026231899,-21.70356850130887,0.6437617470276498,-0.20033798966447278,0.738536053934475
680680.838883,222,0.9557315409183502,0.6047637317234016,0.4172028534970549,680680.8403629999-0 680680.837403-1,5.419365155845964,0.8552121056274524,30.05751038549576,20.09356675841607,14.188423621010983,-23.124786330725527,-0.258483231501765,-0.2258611766697231,0.9392407294755551,-39.86372028933691,14.132552026231899,-21.70356850130887,0.6464281884674622,-0.19859317346281727,0.7366758775802574
680680.842352,222,0.9557315409183502,0.6061250010655386,0.4157347449226201,680680.8403629999-0 680680.844341-1,5.460944324374089,0.8917141303512501,29.906457464606945,20.09356675841607,14.188423621010983,-23.124786330725527,-0.258483231501765,-0.2258611766697231,0.9392407294755551,-39.86372028933691,14.132552026231899,-21.70356850130887,0.647868282153675,-0.19834206494877787,0.7354774736530688
680680.846384,222,0.915234237909317,0.6055406063056081,0.41465097039978815,680680.848427-0 680680.844341-1,5.424948091143855,0.9203259787007454,29.869691100862347,20.09356675841607,14.188423621010983,-23.124786330725527,-0.25926323372722265,-0.22522850806394737,0.9391776694494987,-39.86372028933691,14.132552026231899,-21.70356850130887,0.647868282153675,-0.19834206494877787,0.7354774736530688
680680.850899,222,0.915234237909317,0.6059962440614652,0.41165044252918115,680680.848427-0 680680.853371-1,5.441113911535997,1.0017739441016458,29.830092500768977,20.09356675841607,14.188423621010983,-23.124786330725527,-0.25926323372722265,-0.22522850806394737,0.9391776694494987,-39.86372028933691,14.132552026231899,-21.70356850130887,0.6484292169860484,-0.19608231790139216,0.7355890667793243
680680.8550235,222,0.9342882931232452,0.6064465817196998,0.4090569205539569,680680.8566759999-0 680680.853371-1,5.474727260512437,1.0753490966969617,29.887626291231896,20.09356675841607,14.188423621010983,-23.124786330725527,-0.25853129870125485,-0.22261843028219502,0.9400013840896905,-39.86372028933691,14.132552026231899,-21.70356850130887,0.6484292169860484,-0.19608231790139216,0.7355890667793243
680680.8584789999,222,0.9342882931232452,0.607591555730869,0.4089904551633258,680680.8566759999-0 680680.860282-1,5.508285374899571,1.0728040231202431,29.756782009064104,20.09356675841607,14.188423621010983,-23.124786330725527,-0.25853129870125485,-0.22261843028219502,0.9400013840896905,-39.86372028933691,14.132552026231899,-21.70356850130887,0.6495920219691101,-0.19689765545788412,0.7343442777534739
680680.862725,223,0.93082195520401,0.6071667824615775,0.40718004977929145,680680.865168-0 680680.860282-1,5.4839248150105835,1.1217241157447138,29.73875183847631,20.09356675841607,14.188423621010983,-23.124786330725527,-0.2590595958818014,-0.22124027176194055,0.9401812952469647,-39.86372028933691,14.132552026231899,-21.70356850130887,0.6495920219691101,-0.19689765545788412,0.7343442777534739
680680.8672335,223,0.93082195520401,0.6078884500219625,0.4063571535972801,680680.865168-0 680680.869299-1,5.505704501865855,1.14151408470721,29.660031396956207,20.09356675841607,14.188423621010983,-23.124786330725527,-0.2590595958818014,-0.22124027176194055,0.9401812952469647,-39.86372028933691,14.132552026231899,-21.70356850130887,0.650346912647508,-0.19673541153852928,0.73371934079498
680680.871027,223,0.8704451322555542,0.6081441850691787,0.405940732097436,680680.872755-0 680680.869299-1,5.522967278476615,1.1539142993600064,29.683527539852733,20.09356675841607,14.188423621010983,-23.124786330725527,-0.2586835902613026,-0.22071076696974093,0.9404092499934011,-39.86372028933691,14.132552026231899,-21.70356850130887,0.650346912647508,-0.19673541153852928,0.73371934079498
680680.8748785,223,0.8704451322555542,0.6082907564363886,0.4049868889920394,680680.872755-0 680680.877002-1,5.528117659572258,1.179603437124281,29.670770613161395,20.09356675841607,14.188423621010983,-23.124786330725527,-0.2586835902613026,-0.22071076696974093,0.9404092499934011,-39.86372028933691,14.132552026231899,-21.70356850130887,0.6505262954475746,-0.19602059810832384,0.73375163648779
680680.878676,223,0.896762877702713,0.6074456499238325,0.4048666372435227,680680.88035-0 680680.877002-1,5.473765792697205,1.1800326605250175,29.60581756083304,20.09356675841607,14.188423621010983,-23.124786330725527,-0.2598672808802996,-0.2211125288005771,0.939988428617764,-39.86372028933691,14.132552026231899,-21.70356850130887,0.6505262954475746,-0.19602059810832384,0.73375163648779
680680.8827945,223,0.896762877702713,0.6086706777456897,0.4030343157085573,680680.88035-0 680680.885239-1,5.510950405952642,1.22511327209312,29.47505335402125,20.09356675841607,14.188423621010983,-23.124786330725527,-0.2598672808802996,-0.2211125288005771,0.939988428617764,-39.86372028933691,14.132552026231899,-21.70356850130887,0.6518143100748823,-0.19537321214903056,0.7327806036981156
680680.8874105,223,0.9443041980266571,0.610646392666346,0.4047406674447529,680680.889582-0 680680.885239-1,5.635748808052818,1.1848964147996712,29.61473772370762,20.09356675841607,14.188423621010983,-23.124786330725527,-0.2571480932102389,-0.22145149978252854,0.940656202553519,-39.86372028933691,14.132552026231899,-21.70356850130887,0.6518143100748823,-0.19537321214903056,0.7327806036981156
680680.8909605,223,0.9443041980266571,0.6165960903954077,0.3928481582357338,680680.889582-0 680680.892339-1,5.814480851734651,1.481873236322488,29.000409133356598,20.09356675841607,14.188423621010983,-23.124786330725527,-0.2571480932102389,-0.22145149978252854,0.940656202553519,-39.86372028933691,14.132552026231899,-21.70356850130887,0.6580588685968942,-0.18967026976798576,0.728686293426132
680680.8944059999,223,0.9405451714992523,0.6215702277053932,0.39105384523750475,680680.896473-0 680680.892339-1,6.145851048122501,1.5538635364818791,29.405244657246577,20.09356675841607,14.188423621010983,-23.124786330725527,-0.24990230632269253,-0.2166679019384952,0.943718102806219,-39.86372028933691,14.132552026231899,-21.70356850130887,0.6580588685968942,-0.18967026976798576,0.728686293426132
680680.8985415,224,0.9405451714992523,0.6271127045560199,0.3807917141380013,680680.896473-0 680680.90061-1,6.304402977771962,1.8020865751651876,28.836428320368476,20.09356675841607,14.188423621010983,-23.124786330725527,-0.24990230632269253,-0.2166679019384952,0.943718102806219,-39.86372028933691,14.132552026231899,-21.70356850130887,0.6637102729620009,-0.18511631018178049,0.7247210672178566
680680.9033095001,224,0.9819713532924652,0.6292842361502687,0.37608513674094624,680680.906009-0 680680.90061-1,6.4611514492296775,1.9442020448074109,29.048440977273778,20.09356675841607,14.188423621010983,-23.124786330725527,-0.24646565967189912,-0.21093449104704046,0.9459182412287129,-39.86372028933691,14.132552026231899,-21.70356850130887,0.6637102729620009,-0.18511631018178049,0.7247210672178566
680680.90716,224,0.9819713532924652,0.628419333290982,0.37785297743156687,680680.906009-0 680680.908311-1,6.436653862664932,1.9014866432786715,29.136639759904675,20.09356675841607,14.188423621010983,-23.124786330725527,-0.24646565967189912,-0.21093449104704046,0.9459182412287129,-39.86372028933691,14.132552026231899,-21.70356850130887,0.6628284572123908,-0.18596416345625152,0.7253108066335824
680680.9102995,224,0.9498409926891327,0.6274284687923266,0.37691482483723293,680680.912288-0 680680.908311-1,6.371758756224721,1.921681871152943,29.066040611816902,20.09356675841607,14.188423621010983,-23.124786330725527,-0.2478830216413318,-0.21074629485991903,0.9455897666455465,-39.86372028933691,14.132552026231899,-21.70356850130887,0.6628284572123908,-0.18596416345625152,0.7253108066335824
680680.9143105,224,0.9498409926891327,0.6248128940493978,0.3792691365615275,680680.912288-0 680680.916333-1,6.299842064242071,1.8740381223164269,29.344041011759828,20.09356675841607,14.188423621010983,-23.124786330725527,-0.2478830216413318,-0.21074629485991903,0.9455897666455465,-39.86372028933691,14.132552026231899,-21.70356850130887,0.6602537201464296,-0.18593637879175293,0.72766248225026
680680.918363,224,0.9920087456703186,0.6252810183594038,0.3795198760061125,680680.920393-0 680680.916333-1,6.330956901728772,1.8697129762410682,29.379297776290855,20.09356675841607,14.188423621010983,-23.124786330725527,-0.24720553985672492,-0.21066222611201033,0.9457858359870259,-39.86372028933691,14.132552026231899,-21.70356850130887,0.6602537201464296,-0.18593637879175293,0.72766248225026
680680.923345,224,0.9920087456703186,0.6236350570815683,0.3836003232872075,680680.920393-0 680680.926297-1,6.282500167849556,1.7672476222840992,29.548248748661663,20.09356675841607,14.188423621010983,-23.124786330725527,-0.24720553985672492,-0.21066222611201033,0.9457858359870259,-39.86372028933691,14.132552026231899,-21.70356850130887,0.6585162283653261,-0.18818511395130322,0.7286581776571514
680680.927378,224,0.9736137390136719,0.6236606308852256,0.3853267975143456,680680.928459-0 680680.926297-1,6.280550080938529,1.7190633256882197,29.535539434898972,20.09356675841607,14.188423621010983,-23.124786330725527,-0.24724889568880917,-0.21222412512498154,0.9454252505066704,-39.86372028933691,14.132552026231899,-21.70356850130887,0.6585162283653261,-0.18818511395130322,0.7286581776571514
680680.9307615,225,0.9736137390136719,0.624031325208259,0.3848199499444035,680680.928459-0 680680.933064-1,6.2910715055083575,1.7308782520318449,29.496055177863276,20.09356675841607,14.188423621010983,-23.124786330725527,-0.24724889568880917,-0.21222412512498154,0.9454252505066704,-39.86372028933691,14.132552026231899,-21.70356850130887,0.6588929300850911,-0.1880356051042391,0.7283561751622387
680680.9352485,225,0.9588717818260193,0.6249772839798085,0.3844937961063746,680680.937433-0 680680.933064-1,6.356038138813737,1.7450172495230643,29.574973022289335,20.09356675841607,14.188423621010983,-23.124786330725527,-0.2458381823446153,-0.2112991725942591,0.9460001309526743,-39.86372028933691,14.132552026231899,-21.70356850130887,0.6588929300850911,-0.1880356051042391,0.7283561751622387
680680.940196,225,0.9588717818260193,0.6239930749545638,0.38726397506482113,680680.937433-0 680680.942959-1,6.326659867682642,1.673927384406892,29.67559016812706,20.09356675841607,14.188423621010983,-23.124786330725527,-0.2458381823446153,-0.2112991725942591,0.9460001309526743,-39.86372028933691,14.132552026231899,-21.70356850130887,0.6578365124923776,-0.1896763202592077,0.7288854617597968
680680.9448345,225,0.9479273855686188,0.62433980294594,0.38890070292995305,680680.9467099999-0 680680.942959-1,6.346824040888231,1.6297122113105882,29.689615446496433,20.09356675841607,14.188423621010983,-23.124786330725527,-0.24540242961320594,-0.21256908735667768,0.9458287533376666,-39.86372028933691,14.132552026231899,-21.70356850130887,0.6578365124923776,-0.1896763202592077,0.7288854617597968
680680.9479445,225,0.9479273855686188,0.6232677942218984,0.3908379632449106,680680.9467099999-0 680680.949179-1,6.3157967977349445,1.5817335238531118,29.803454732730486,20.09356675841607,14.188423621010983,-23.124786330725527,-0.24540242961320594,-0.21256908735667768,0.9458287533376666,-39.86372028933691,14.132552026231899,-21.70356850130887,0.6567214464719822,-0.19052826174039322,0.7296683652330912
680680.951759,225,0.9940926134586334,0.6226068240284157,0.3911641970655354,680680.9543389999-0 680680.949179-1,6.270055527983153,1.5693903879086895,29.747038938731954,20.09356675841607,14.188423621010983,-23.124786330725527,-0.24639193016737068,-0.21329925359643415,0.9454070261869231,-39.86372028933691,14.132552026231899,-21.70356850130887,0.6567214464719822,-0.19052826174039322,0.7296683652330912
680680.9573209999,225,0.9940926134586334,0.6213291441731832,0.3929325692530897,680680.9543389999-0 680680.9603029999-1,6.233309221125693,1.5269651641266613,29.885152109638263,20.09356675841607,14.188423621010983,-23.124786330725527,-0.24639193016737068,-0.21329925359643415,0.9454070261869231,-39.86372028933691,14.132552026231899,-21.70356850130887,0.6554054982375415,-0.19107430324984764,0.7307080425981264
680680.962234,226,0.9930789470672607,0.6226885883546858,0.39542429884516206,680680.964165-0 680680.9603029999-1,6.321048505400318,1.4628227277816412,29.974548248869773,20.09356675841607,14.188423621010983,-23.124786330725527,-0.2445002800746333,-0.21470022343440323,0.9455809997565746,-39.86372028933691,14.132552026231899,-21.70356850130887,0.6554054982375415,-0.19107430324984764,0.7307080425981264
680680.966075,226,0.9930789470672607,0.6223180498921738,0.3962244506422239,680680.964165-0 680680.967985-1,6.310095774619793,1.4422740100251614,30.01391064912022,20.09356675841607,14.188423621010983,-23.124786330725527,-0.2445002800746333,-0.21470022343440323,0.9455809997565746,-39.86372028933691,14.132552026231899,-21.70356850130887,0.6550115159995881,-0.1914865367931841,0.7309533638576907
680680.9703605,226,1.0,0.6214577162221435,0.3953351895636785,680680.972736-0 680680.967985-1,6.2530486897554995,1.4635951531819904,29.95125405000106,20.09356675841607,14.188423621010983,-23.124786330725527,-0.24572948782643175,-0.21444174840037677,0.9453209800673785,-39.86372028933691,14.132552026231899,-21.70356850130887,0.6550115159995881,-0.1914865367931841,0.7309533638576907
680680.9750979999,226,1.0,0.6221690867410032,0.3935179734961469,680680.972736-0 680680.97746-1,6.274391046413229,1.5107067582596585,29.87694867392623,20.09356675841607,14.188423621010983,-23.124786330725527,-0.24572948782643175,-0.21444174840037677,0.9453209800673785,-39.86372028933691,14.132552026231899,-21.70356850130887,0.6557773393483661,-0.19045201393817154,0.7305368653148671
680680.9779185,226,0.9894866347312927,0.6209899997744035,0.39290068791716637,680680.978377-0 680680.97746-1,6.195484928776496,1.5226502455790412,29.786614460107607,20.09356675841607,14.188423621010983,-23.124786330725527,-0.24743484377327055,-0.214641100275961,0.9448307764669936,-39.86372028933691,14.132552026231899,-21.70356850130887,0.6557773393483661,-0.19045201393817154,0.7305368653148671
680680.9818905,226,0.9894866347312927,0.6188272472077438,0.3947156788146925,680680.978377-0 680680.985404-1,6.133833952226551,1.4832987365574954,30.025923910403236,20.09356675841607,14.188423621010983,-23.124786330725527,-0.24743484377327055,-0.214641100275961,0.9448307764669936,-39.86372028933691,14.132552026231899,-21.70356850130887,0.6535779112593221,-0.19034867525523663,0.732532112430901
680680.9865405001,226,0.9660564363002777,0.6205464385219734,0.39669280432711984,680680.987677-0 680680.985404-1,6.247106194989607,1.4348816940400564,30.149503939096597,20.09356675841607,14.188423621010983,-23.124786330725527,-0.2449961215939763,-0.21534634996814883,0.9453056912762691,-39.86372028933691,14.132552026231899,-21.70356850130887,0.6535779112593221,-0.19034867525523663,0.732532112430901
680680.991296,226,0.9660564363002777,0.6197387386945908,0.3985417727285916,680680.987677-0 680680.9949149999-1,6.2228229983356105,1.3867799120802227,30.23589157371945,20.09356675841607,14.188423621010983,-23.124786330725527,-0.2449961215939763,-0.21534634996814883,0.9453056912762691,-39.86372028933691,14.132552026231899,-21.70356850130887,0.6527067174312747,-0.19134220580561437,0.733049862763463
680680.9948089999,226,0.9817099273204803,0.6204764028692233,0.39884459590180876,680680.994703-0 680680.9949149999-1,6.272928825078638,1.3812628230670168,30.29420023297955,20.09356675841607,14.188423621010983,-23.124786330725527,-0.24392052413091939,-0.2151500041423954,0.9456284966228676,-39.86372028933691,14.132552026231899,-21.70356850130887,0.6527067174312747,-0.19134220580561437,0.733049862763463
680680.9997749999,227,0.9987897872924805,0.6198386704582775,0.3997590242552841,680681.004635-0 680680.9949149999-1,6.227206932794582,1.352585876643671,30.233531962014567,20.09356675841607,14.188423621010983,-23.124786330725527,-0.24490278151092626,-0.21640033682413623,0.9450891607835801,-39.86372028933691,14.132552026231899,-21.70356850130887,0.6527067174312747,-0.19134220580561437,0.733049862763463
680681.0037255001,227,0.9987897872924805,0.6184220571519528,0.401006383073219,680681.004635-0 680681.002816-1,6.186341928088233,1.324004561727362,30.39331717857884,20.09356675841607,14.188423621010983,-23.124786330725527,-0.24490278151092626,-0.21640033682413623,0.9450891607835801,-39.86372028933691,14.132552026231899,-21.70356850130887,0.6512428883856954,-0.19133694035804633,0.7343520106743618
680681.00677,227,0.9987897872924805,0.6186066063415089,0.4001383753378386,680681.004635-0 680681.0089049999-1,6.1923820026427,1.3477201126415839,30.375032559178507,20.09356675841607,14.188423621010983,-23.124786330725527,-0.24490278151092626,-0.21640033682413623,0.9450891607835801,-39.86372028933691,14.132552026231899,-21.70356850130887,0.6514596042328588,-0.19071658397400648,0.734321161788255
680681.0096515,227,0.9941461980342865,0.6184512485075977,0.4013382163594492,680681.010398-0 680681.0089049999-1,6.179299551091971,1.3128678547931774,30.351663507028604,20.09356675841607,14.188423621010983,-23.124786330725527,-0.24518429783188017,-0.2176032617002675,0.9447399010278399,-39.86372028933691,14.132552026231899,-21.70356850130887,0.6514596042328588,-0.19071658397400648,0.734321161788255
680681.0137100001,227,0.9941461980342865,0.6174085078727455,0.4023169840922102,680681.010398-0 680681.017022-1,6.148949985990361,1.2899283105041395,30.46971074210684,20.09356675841607,14.188423621010983,-23.124786330725527,-0.24518429783188017,-0.2176032617002675,0.9447399010278399,-39.86372028933691,14.132552026231899,-21.70356850130887,0.6503739130249725,-0.19076698858581956,0.735269834361837
680681.0167360001,227,0.994162917137146,0.6177510877567369,0.404805152404178,680681.01645-0 680681.017022-1,6.1675259673639875,1.220096166629638,30.476238664149925,20.09356675841607,14.188423621010983,-23.124786330725527,-0.24478854946019857,-0.21967545948513795,0.944362884993457,-39.86372028933691,14.132552026231899,-21.70356850130887,0.6503739130249725,-0.19076698858581956,0.735269834361837
680681.0218120001,227,0.9843290150165558,0.618199776925964,0.40675104528537354,680681.026602-0 680681.017022-1,6.19451086695297,1.1661005327968113,30.49629117497838,20.09356675841607,14.188423621010983,-23.124786330725527,-0.24421271330988598,-0.22118166567288208,0.9441603790818553,-39.86372028933691,14.132552026231899,-21.70356850130887,0.6503739130249725,-0.19076698858581956,0.735269834361837
680681.0258245,227,0.9843290150165558,0.6179527528431273,0.40691097649479346,680681.026602-0 680681.025047-1,6.187384568731087,1.1625760829486387,30.52464600436425,20.09356675841607,14.188423621010983,-23.124786330725527,-0.24421271330988598,-0.22118166567288208,0.9441603790818553,-39.86372028933691,14.132552026231899,-21.70356850130887,0.6501185362689197,-0.19071746602278924,0.7355084887024783
680681.029828,227,0.9843290150165558,0.6181016991934023,0.40803915132535573,680681.026602-0 680681.033054-1,6.190496817630341,1.1299320749360753,30.50288620795888,20.09356675841607,14.188423621010983,-23.124786330725527,-0.24421271330988598,-0.22118166567288208,0.9441603790818553,-39.86372028933691,14.132552026231899,-21.70356850130887,0.6502296141156991,-0.19182589074899256,0.7351219467308158
680681.0330125,228,0.986833781003952,0.6187227563824915,0.4093639334032595,680681.032971-0 680681.033054-1,6.230707463585179,1.0941551413180859,30.542895817710757,20.09356675841607,14.188423621010983,-23.124786330725527,-0.24335416859780537,-0.22200913812826514,0.9441878474189422,-39.86372028933691,14.132552026231899,-21.70356850130887,0.6502296141156991,-0.19182589074899256,0.7351219467308158
680681.0368035,228,0.988090842962265,0.619245702034809,0.41210723393803383,680681.0405529999-0 680681.033054-1,6.261365790625538,1.0173692034981006,30.561984560316702,20.09356675841607,14.188423621010983,-23.124786330725527,-0.24270184785864152,-0.22420343583182548,0.9438371853276417,-39.86372028933691,14.132552026231899,-21.70356850130887,0.6502296141156991,-0.19182589074899256,0.7351219467308158
680681.0405349999,228,0.988090842962265,0.6188844890110327,0.4143341008956606,680681.0405529999-0 680681.040517-1,6.249062533631022,0.9553045036139967,30.59580476708541,20.09356675841607,14.188423621010983,-23.124786330725527,-0.24270184785864152,-0.22420343583182548,0.9438371853276417,-39.86372028933691,14.132552026231899,-21.70356850130887,0.6497866751752273,-0.1935122810722032,0.7350716113678696
680681.044499,228,0.988090842962265,0.6176476034575227,0.4167786715389292,680681.0405529999-0 680681.048445-1,6.211750234871761,0.8896897742398631,30.732246184417505,20.09356675841607,14.188423621010983,-23.124786330725527,-0.24270184785864152,-0.22420343583182548,0.9438371853276417,-39.86372028933691,14.132552026231899,-21.70356850130887,0.6484453752493627,-0.1947296422928227,0.7359340743098001
680681.048442,228,1.0,0.6182826815557633,0.4185107569673966,680681.048439-0 680681.048445-1,6.252453777388421,0.8416422444561276,30.770152314211494,20.09356675841607,14.188423621010983,-23.124786330725527,-0.24183692368367438,-0.225404056500085,0.9437732321148566,-39.86372028933691,14.132552026231899,-21.70356850130887,0.6484453752493627,-0.1947296422928227,0.7359340743098001
680681.052636,228,0.9726108908653259,0.6184054233526799,0.41914199281567277,680681.056827-0 680681.048445-1,6.25974580082734,0.8238260286716761,30.77479544040989,20.09356675841607,14.188423621010983,-23.124786330725527,-0.24168238179523827,-0.2259088434683285,0.94369212181335,-39.86372028933691,14.132552026231899,-21.70356850130887,0.6484453752493627,-0.1947296422928227,0.7359340743098001
680681.0575204999,228,0.9726108908653259,0.6182776850113537,0.4208795319376868,680681.056827-0 680681.058214-1,6.254467728479409,0.7745285290474753,30.782964497034143,20.09356675841607,14.188423621010983,-23.124786330725527,-0.24168238179523827,-0.2259088434683285,0.94369212181335,-39.86372028933691,14.132552026231899,-21.70356850130887,0.6482548654433505,-0.19616613758938892,0.7357203788752111
680681.0613565,228,0.9829165637493134,0.6187911777126066,0.4236712729526173,680681.064499-0 680681.058214-1,6.2847399576055,0.6955479663324535,30.800989837186144,20.09356675841607,14.188423621010983,-23.124786330725527,-0.24104145868567717,-0.22815919309377214,0.9433145805093228,-39.86372028933691,14.132552026231899,-21.70356850130887,0.6482548654433505,-0.19616613758938892,0.7357203788752111
680681.0645045,229,0.9829165637493134,0.6183212298848639,0.42548955662077736,680681.064499-0 680681.0645099999-1,6.269708595857403,0.6446610448277719,30.849460100856014,20.09356675841607,14.188423621010983,-23.124786330725527,-0.24104145868567717,-0.22815919309377214,0.9433145805093228,-39.86372028933691,14.132552026231899,-21.70356850130887,0.6477126719971985,-0.19741974184520472,0.7358625823236443
680681.068548,229,0.9934256076812744,0.6181476164844979,0.425906790030683,680681.072586-0 680681.0645099999-1,6.256777959869317,0.6323435451538559,30.830940056002824,20.09356675841607,14.188423621010983,-23.124786330725527,-0.24131649513071768,-0.22864724999825425,0.9431260701762316,-39.86372028933691,14.132552026231899,-21.70356850130887,0.6477126719971985,-0.19741974184520472,0.7358625823236443
680681.0725775,229,0.9934256076812744,0.6177418736668329,0.4295611350248699,680681.072586-0 680681.072569-1,6.241790032390395,0.5286585600066385,30.863982690384,20.09356675841607,14.188423621010983,-23.124786330725527,-0.24131649513071768,-0.22864724999825425,0.9431260701762316,-39.86372028933691,14.132552026231899,-21.70356850130887,0.6471718568825103,-0.20033988570945005,0.7355491267435289
680681.0766515,229,0.9934256076812744,0.6179537577137497,0.43004074934362013,680681.072586-0 680681.080717-1,6.247352225953205,0.5145498818261354,30.836663948043615,20.09356675841607,14.188423621010983,-23.124786330725527,-0.24131649513071768,-0.22864724999825425,0.9431260701762316,-39.86372028933691,14.132552026231899,-21.70356850130887,0.6473718059026864,-0.2009178470252377,0.7352154539106462
680681.0805599999,229,0.9160257279872894,0.6184271859308332,0.4320150778614331,680681.080403-0 680681.080717-1,6.2765635975705925,0.45865624354595447,30.85878674090396,20.09356675841607,14.188423621010983,-23.124786330725527,-0.24069825345534898,-0.23017236252320206,0.9429130576644023,-39.86372028933691,14.132552026231899,-21.70356850130887,0.6473718059026864,-0.2009178470252377,0.7352154539106462
680681.0858519999,229,0.9751607775688171,0.6185403624651065,0.4329511819842915,680681.090987-0 680681.080717-1,6.282654953142228,0.4319757161865745,30.859817722381706,20.09356675841607,14.188423621010983,-23.124786330725527,-0.2405698909248875,-0.2309619114428331,0.9427527369586687,-39.86372028933691,14.132552026231899,-21.70356850130887,0.6473718059026864,-0.2009178470252377,0.7352154539106462
680681.090015,229,0.9751607775688171,0.6180090624752236,0.4336922583870034,680681.090987-0 680681.089043-1,6.266884039986847,0.4115668528338112,30.920106518551627,20.09356675841607,14.188423621010983,-23.124786330725527,-0.2405698909248875,-0.2309619114428331,0.9427527369586687,-39.86372028933691,14.132552026231899,-21.70356850130887,0.6468029835037803,-0.20118316260298774,0.7356434160757971
680681.0944310001,229,0.9751607775688171,0.6182085848286479,0.435644801516034,680681.090987-0 680681.097875-1,6.270703965054455,0.35540502171803645,30.887773880266565,20.09356675841607,14.188423621010983,-23.124786330725527,-0.2405698909248875,-0.2309619114428331,0.9427527369586687,-39.86372028933691,14.132552026231899,-21.70356850130887,0.6469398606353283,-0.2030467902896988,0.7350107602438164
680681.0973885,229,0.8995047509670258,0.6180768427442551,0.43375328868392915,680681.096902-0 680681.097875-1,6.265117216903211,0.4094820972484179,30.893809675170843,20.09356675841607,14.188423621010983,-23.124786330725527,-0.2406867398457232,-0.2293095997273115,0.9431261849484072,-39.86372028933691,14.132552026231899,-21.70356850130887,0.6469398606353283,-0.2030467902896988,0.7350107602438164
680681.101177,230,0.9361392259597778,0.6161359367642385,0.43211690134673275,680681.104479-0 680681.097875-1,6.133467231300623,0.4537587068841642,30.74490293891091,20.09356675841607,14.188423621010983,-23.124786330725527,-0.24348152803594914,-0.22896208291086823,0.942493029202018,-39.86372028933691,14.132552026231899,-21.70356850130887,0.6469398606353283,-0.2030467902896988,0.7350107602438164
680681.1049299999,230,0.9361392259597778,0.6160751879779752,0.4304660076185475,680681.104479-0 680681.105381-1,6.133291599713246,0.5008842620311045,30.75929405795845,20.09356675841607,14.188423621010983,-23.124786330725527,-0.24348152803594914,-0.22896208291086823,0.942493029202018,-39.86372028933691,14.132552026231899,-21.70356850130887,0.64693451693401,-0.2015522261180918,0.7354266999138667
680681.1088284999,230,0.9543536901473999,0.6150996187774409,0.4291136814521199,680681.112276-0 680681.105381-1,6.068655047463243,0.5379486589979576,30.689786682784373,20.09356675841607,14.188423621010983,-23.124786330725527,-0.24485669523156162,-0.22830577938995383,0.9422959566385838,-39.86372028933691,14.132552026231899,-21.70356850130887,0.64693451693401,-0.2015522261180918,0.7354266999138667
680681.1122854999,230,0.9543536901473999,0.6150901942181821,0.428380565703917,680681.112276-0 680681.112295-1,6.069076119644776,0.5588105016237508,30.69406566277442,20.09356675841607,14.188423621010983,-23.124786330725527,-0.24485669523156162,-0.22830577938995383,0.9422959566385838,-39.86372028933691,14.132552026231899,-21.70356850130887,0.6469499459975738,-0.20090158378586795,0.7355911371176694
680681.1163265,230,0.9611913561820984,0.6138542157165942,0.42555120959562875,680681.120358-0 680681.112295-1,5.989739239811398,0.6371998744377487,30.616423497622556,20.09356675841607,14.188423621010983,-23.124786330725527,-0.24654685141041266,-0.2264590078531172,0.9423008902796355,-39.86372028933691,14.132552026231899,-21.70356850130887,0.6469499459975738,-0.20090158378586795,0.7355911371176694
680681.1211735001,230,0.9611913561820984,0.6142346545474652,0.42455078134521773,680681.120358-0 680681.121989-1,6.001630438935068,0.6646801884440965,30.57572132557997,20.09356675841607,14.188423621010983,-23.124786330725527,-0.24654685141041266,-0.2264590078531172,0.9423008902796355,-39.86372028933691,14.132552026231899,-21.70356850130887,0.6473731964224476,-0.20030599645322328,0.7353811612617395
680681.1255295,230,0.9595867693424225,0.6117563564490455,0.41564092217484283,680681.12907-0 680681.121989-1,5.8499569973185395,0.9119684711016216,30.44931108066188,20.09356675841607,14.188423621010983,-23.124786330725527,-0.2497876295812939,-0.2198231645350619,0.943018513308169,-39.86372028933691,14.132552026231899,-21.70356850130887,0.6473731964224476,-0.20030599645322328,0.7353811612617395
680681.128689,230,0.9595867693424225,0.6130429750583083,0.41418953491076316,680681.12907-0 680681.128308-1,5.8884858293353455,0.9486146378748748,30.304603042658414,20.09356675841607,14.188423621010983,-23.124786330725527,-0.2497876295812939,-0.2198231645350619,0.943018513308169,-39.86372028933691,14.132552026231899,-21.70356850130887,0.648734177175853,-0.20000893186254837,0.7342618024513949
680681.133578,231,0.9595867693424225,0.6127055929931042,0.4141346911458673,680681.12907-0 680681.138086-1,5.878831507687308,0.9513004849685212,30.344248125449695,20.09356675841607,14.188423621010983,-23.124786330725527,-0.2497876295812939,-0.2198231645350619,0.943018513308169,-39.86372028933691,14.132552026231899,-21.70356850130887,0.6483934527141945,-0.19970540050800892,0.734645277317769
680681.1372505,231,1.0,0.6103809790358925,0.4138909912866382,680681.136415-0 680681.138086-1,5.724014644346598,0.9516211653827868,30.158070278849046,20.09356675841607,14.188423621010983,-23.124786330725527,-0.25311920077211914,-0.22100632600416262,0.9418528940692519,-39.86372028933691,14.132552026231899,-21.70356850130887,0.6483934527141945,-0.19970540050800892,0.734645277317769
680681.1412,231,0.8926956355571747,0.6106963423348677,0.4137225618872441,680681.144314-0 680681.138086-1,5.745246318509123,0.9572478922810612,30.18489312223531,20.09356675841607,14.188423621010983,-23.124786330725527,-0.2526614064793827,-0.22066364341504052,0.9420561395960753,-39.86372028933691,14.132552026231899,-21.70356850130887,0.6483934527141945,-0.19970540050800892,0.734645277317769
680681.1443145,231,0.8926956355571747,0.6114438713777168,0.4105370196612971,680681.144314-0 680681.144315-1,5.769892793897052,1.043735410112527,30.111391933682846,20.09356675841607,14.188423621010983,-23.124786330725527,-0.2526614064793827,-0.22066364341504052,0.9420561395960753,-39.86372028933691,14.132552026231899,-21.70356850130887,0.6492610823995075,-0.19749193082507976,0.734477354409516
680681.1486905001,231,0.9403922855854034,0.6096428663393776,0.40751850934014533,680681.153066-0 680681.144315-1,5.6562355518005365,1.1227110275713201,29.992822081241606,20.09356675841607,14.188423621010983,-23.124786330725527,-0.255115308633874,-0.21901829900042785,0.9417787234821151,-39.86372028933691,14.132552026231899,-21.70356850130887,0.6492610823995075,-0.19749193082507976,0.734477354409516
680681.1527435,231,0.9403922855854034,0.6101819917551989,0.4057832942863655,680681.153066-0 680681.152421-1,5.673501758443478,1.1688224220596544,29.93785972231521,20.09356675841607,14.188423621010983,-23.124786330725527,-0.255115308633874,-0.21901829900042785,0.9417787234821151,-39.86372028933691,14.132552026231899,-21.70356850130887,0.6498655126417252,-0.19639329319490334,0.7342373525413755
680681.1569874999,231,0.9403922855854034,0.6103149966461332,0.40662225311248346,680681.153066-0 680681.160909-1,5.6765446001136075,1.1449434558461613,29.91918588116358,20.09356675841607,14.188423621010983,-23.124786330725527,-0.255115308633874,-0.21901829900042785,0.9417787234821151,-39.86372028933691,14.132552026231899,-21.70356850130887,0.6499709634414871,-0.19722600633509643,0.7339207376195697
680681.160621,231,0.9482484757900238,0.609204736700384,0.4040494406000831,680681.160333-0 680681.160909-1,5.608336966347082,1.2129978339695926,29.85276614383946,20.09356675841607,14.188423621010983,-23.124786330725527,-0.25659234069225256,-0.21736436184956506,0.9417606409782701,-39.86372028933691,14.132552026231899,-21.70356850130887,0.6499709634414871,-0.19722600633509643,0.7339207376195697
680681.1649595,232,0.9683444797992706,0.607027271067503,0.4009249636290587,680681.16901-0 680681.160909-1,5.472349697468115,1.2920897555942563,29.70758490844389,20.09356675841607,14.188423621010983,-23.124786330725527,-0.259545943175856,-0.21586589911292567,0.9412958179983185,-39.86372028933691,14.132552026231899,-21.70356850130887,0.6499709634414871,-0.19722600633509643,0.7339207376195697
680681.1690179999,232,0.9683444797992706,0.6072173903648374,0.40107664456624437,680681.16901-0 680681.169026-1,5.477748431875794,1.2870297585589947,29.685318293884983,20.09356675841607,14.188423621010983,-23.124786330725527,-0.259545943175856,-0.21586589911292567,0.9412958179983185,-39.86372028933691,14.132552026231899,-21.70356850130887,0.6501574646199059,-0.19750499429433863,0.7336804811549841
680681.1732385,232,0.9317607283592224,0.6063276632313583,0.3985353516301826,680681.177451-0 680681.169026-1,5.424798015713573,1.3541752689143314,29.636812129128735,20.09356675841607,14.188423621010983,-23.124786330725527,-0.2606984292110058,-0.21411386725873077,0.9413774911556069,-39.86372028933691,14.132552026231899,-21.70356850130887,0.6501574646199059,-0.19750499429433863,0.7336804811549841
680681.1768995,232,0.9317607283592224,0.606764769356363,0.3978661241860735,680681.177451-0 680681.176348-1,5.438191091028986,1.370490521006957,29.589929393207882,20.09356675841607,14.188423621010983,-23.124786330725527,-0.2606984292110058,-0.21411386725873077,0.9413774911556069,-39.86372028933691,14.132552026231899,-21.70356850130887,0.6506203705172535,-0.19726468853328533,0.733334695842122
680681.1814049999,232,0.9317607283592224,0.6066035088122576,0.4005049727467045,680681.177451-0 680681.185359-1,5.430966761575189,1.2986294940951018,29.597427979100914,20.09356675841607,14.188423621010983,-23.124786330725527,-0.2606984292110058,-0.21411386725873077,0.9413774911556069,-39.86372028933691,14.132552026231899,-21.70356850130887,0.6503675051383057,-0.1994274246919365,0.7329739494285712
680681.1853634999,232,0.9593985080718994,0.6049119479725623,0.3965875842405354,680681.185368-0 680681.185359-1,5.329411192327294,1.400388199344122,29.498312927745474,20.09356675841607,14.188423621010983,-23.124786330725527,-0.2629145590905461,-0.21161403628821193,0.9413264228013759,-39.86372028933691,14.132552026231899,-21.70356850130887,0.6503675051383057,-0.1994274246919365,0.7329739494285712
680681.1890669999,232,0.9593985080718994,0.6046219576218843,0.39862154812846484,680681.185368-0 680681.1927659999-1,5.318958659989887,1.3459863836228356,29.522685854629245,20.09356675841607,14.188423621010983,-23.124786330725527,-0.2629145590905461,-0.21161403628821193,0.9413264228013759,-39.86372028933691,14.132552026231899,-21.70356850130887,0.6500054511841399,-0.20096270932327792,0.7328757758940804
680681.1935399999,232,0.9382025599479675,0.6031712175523616,0.39793537150529046,680681.194314-0 680681.1927659999-1,5.228187157173259,1.3592825421646841,29.417089081065804,20.09356675841607,14.188423621010983,-23.124786330725527,-0.26490002765290416,-0.21187416496292877,0.9407110680600883,-39.86372028933691,14.132552026231899,-21.70356850130887,0.6500054511841399,-0.20096270932327792,0.7328757758940804
680681.1974434999,232,0.9382025599479675,0.5995639921362781,0.4018760886914341,680681.194314-0 680681.200573-1,5.116840912557395,1.267925249453734,29.81199335286839,20.09356675841607,14.188423621010983,-23.124786330725527,-0.26490002765290416,-0.21187416496292877,0.9407110680600883,-39.86372028933691,14.132552026231899,-21.70356850130887,0.6461987258840947,-0.20156585163944865,0.7360695715206792
680681.2005365,233,0.9482022523880005,0.5975548913789207,0.3997640647426821,680681.2005-0 680681.200573-1,4.993607497641964,1.3191723292012068,29.674321465552268,20.09356675841607,14.188423621010983,-23.124786330725527,-0.26758889218720294,-0.21117142920066023,0.9401078726759903,-39.86372028933691,14.132552026231899,-21.70356850130887,0.6461987258840947,-0.20156585163944865,0.7360695715206792
680681.2043985,233,0.9186574816703796,0.5960099937868577,0.4015429857702931,680681.208224-0 680681.200573-1,4.8947419250718065,1.2644257305368276,29.54300456376076,20.09356675841607,14.188423621010983,-23.124786330725527,-0.26975293972301007,-0.213684153058344,0.9389208881703145,-39.86372028933691,14.132552026231899,-21.70356850130887,0.6461987258840947,-0.20156585163944865,0.7360695715206792
680681.208548,233,0.9186574816703796,0.5957681272337151,0.4029847949402474,680681.208224-0 680681.208872-1,4.886048632869715,1.2260102762795926,29.56427464232246,20.09356675841607,14.188423621010983,-23.124786330725527,-0.26975293972301007,-0.213684153058344,0.9389208881703145,-39.86372028933691,14.132552026231899,-21.70356850130887,0.6459029927128399,-0.20262528503989016,0.7360382584262181
680681.2140285,233,0.9974914491176605,0.5959116491311921,0.40426351005136596,680681.2191849999-0 680681.208872-1,4.89307789261499,1.1912815000273849,29.565134555703928,20.09356675841607,14.188423621010983,-23.124786330725527,-0.26959940158171175,-0.21474533041065014,0.9387228588532419,-39.86372028933691,14.132552026231899,-21.70356850130887,0.6459029927128399,-0.20262528503989016,0.7360382584262181
680681.2188365,233,0.9974914491176605,0.5952548006796468,0.4056551889982334,680681.2191849999-0 680681.218488-1,4.871722612339693,1.155914073274663,29.63425521574848,20.09356675841607,14.188423621010983,-23.124786330725527,-0.26959940158171175,-0.21474533041065014,0.9387228588532419,-39.86372028933691,14.132552026231899,-21.70356850130887,0.6451799723217219,-0.2033203944820862,0.7364805635606352
680681.2228854999,233,0.9974914491176605,0.5946499969608539,0.40794488472125934,680681.2191849999-0 680681.226586-1,4.851076571005858,1.095495428847066,29.69350516443219,20.09356675841607,14.188423621010983,-23.124786330725527,-0.26959940158171175,-0.21474533041065014,0.9387228588532419,-39.86372028933691,14.132552026231899,-21.70356850130887,0.6444797339816568,-0.20483548670029722,0.7366738056122161
680681.2259879999,233,0.9243225455284119,0.5934828670202957,0.4071361989996899,680681.22539-0 680681.226586-1,4.780026657525727,1.1141841326632251,29.61139076277295,20.09356675841607,14.188423621010983,-23.124786330725527,-0.2711535664033511,-0.21469742987434398,0.9382860741970407,-39.86372028933691,14.132552026231899,-21.70356850130887,0.6444797339816568,-0.20483548670029722,0.7366738056122161
680681.2299259999,234,0.9790945649147034,0.5938457958432207,0.40930154875390656,680681.2332659999-0 680681.226586-1,4.79936804574944,1.0556779058430683,29.621915462633943,20.09356675841607,14.188423621010983,-23.124786330725527,-0.2707308143488673,-0.21642391438583056,0.9380114687166217,-39.86372028933691,14.132552026231899,-21.70356850130887,0.6444797339816568,-0.20483548670029722,0.7366738056122161
680681.2330674999,234,0.9790945649147034,0.5916086271331633,0.41262386473394297,680681.2332659999-0 680681.2328689999-1,4.726895080626039,0.9726065652983369,29.865825787034062,20.09356675841607,14.188423621010983,-23.124786330725527,-0.2707308143488673,-0.21642391438583056,0.9380114687166217,-39.86372028933691,14.132552026231899,-21.70356850130887,0.6420374142772999,-0.2059918231764089,0.7384817719162592
680681.236769,234,0.9790945649147034,0.5905043228939282,0.4149548819421277,680681.2332659999-0 680681.240272-1,4.6901319956366505,0.912000725470075,29.98417349953312,20.09356675841607,14.188423621010983,-23.124786330725527,-0.2707308143488673,-0.21642391438583056,0.9380114687166217,-39.86372028933691,14.132552026231899,-21.70356850130887,0.6407990077381903,-0.20716709011925807,0.7392282654588297
680681.24028,234,0.9634288847446442,0.5909178406220529,0.4177780780744046,680681.240288-0 680681.240272-1,4.711961708015752,0.834593876783086,29.993635699386516,20.09356675841607,14.188423621010983,-23.124786330725527,-0.2702563431844539,-0.21872056491749084,0.9376154987257518,-39.86372028933691,14.132552026231899,-21.70356850130887,0.6407990077381903,-0.20716709011925807,0.7392282654588297
680681.2443375,234,0.9634288847446442,0.5880377451580695,0.4212208669009969,680681.240288-0 680681.2483869999-1,4.617316532434166,0.7472937007503946,30.318983371049,20.09356675841607,14.188423621010983,-23.124786330725527,-0.2702563431844539,-0.21872056491749084,0.9376154987257518,-39.86372028933691,14.132552026231899,-21.70356850130887,0.6376167942757497,-0.20796434565618924,0.7417517472802537
680681.2483804999,234,0.9640417993068695,0.5884853562659902,0.42380559172049803,680681.248374-0 680681.2483869999-1,4.641826405921277,0.6757696145470229,30.33313619565861,20.09356675841607,14.188423621010983,-23.124786330725527,-0.2697260561019378,-0.22079483185919146,0.9372819729856995,-39.86372028933691,14.132552026231899,-21.70356850130887,0.6376167942757497,-0.20796434565618924,0.7417517472802537
680681.2531039999,234,0.9937378764152527,0.5885426187106645,0.42643014503031285,680681.257821-0 680681.2483869999-1,4.641956832947394,0.6024004552316624,30.316506208997836,20.09356675841607,14.188423621010983,-23.124786330725527,-0.26972453167984367,-0.22312154348547994,0.9367312602036647,-39.86372028933691,14.132552026231899,-21.70356850130887,0.6376167942757497,-0.20796434565618924,0.7417517472802537
680681.257518,234,0.9937378764152527,0.5853677109690424,0.42930062982842965,680681.257821-0 680681.257215-1,4.536512655741887,0.5285727593522038,30.686713444276464,20.09356675841607,14.188423621010983,-23.124786330725527,-0.26972453167984367,-0.22312154348547994,0.9367312602036647,-39.86372028933691,14.132552026231899,-21.70356850130887,0.6340774146569289,-0.2080709677462772,0.7447498268567188
680681.261355,234,0.9937378764152527,0.5834971879971641,0.4308944078221575,680681.257821-0 680681.264889-1,4.4733736338040515,0.4870508464062686,30.909164397337932,20.09356675841607,14.188423621010983,-23.124786330725527,-0.26972453167984367,-0.22312154348547994,0.9367312602036647,-39.86372028933691,14.132552026231899,-21.70356850130887,0.6319625955023318,-0.20804872161755467,0.7465514096961153
680681.2646194999,235,0.9554888606071472,0.5833153136590928,0.432740737007816,680681.26435-0 680681.264889-1,4.4597059577145135,0.43433158516108605,30.879767165411522,20.09356675841607,14.188423621010983,-23.124786330725527,-0.27001990074916765,-0.22489149593580915,0.9362227663623458,-39.86372028933691,14.132552026231899,-21.70356850130887,0.6319625955023318,-0.20804872161755467,0.7465514096961153
680681.2685995,235,0.9130827784538269,0.5823452958661623,0.43196593487697166,680681.27231-0 680681.264889-1,4.4000773052021875,0.4551223319311788,30.809575744413706,20.09356675841607,14.188423621010983,-23.124786330725527,-0.27130420850355896,-0.2247212127642599,0.9358923030894193,-39.86372028933691,14.132552026231899,-21.70356850130887,0.6319625955023318,-0.20804872161755467,0.7465514096961153
680681.2722974999,235,0.9130827784538269,0.5820219229659025,0.43188869600899893,680681.27231-0 680681.272285-1,4.389332558295989,0.45787184787923785,30.850036964019495,20.09356675841607,14.188423621010983,-23.124786330725527,-0.27130420850355896,-0.2247212127642599,0.9358923030894193,-39.86372028933691,14.132552026231899,-21.70356850130887,0.6316044783480169,-0.20773484943960557,0.7469417750126401
680681.276327,235,0.9130827784538269,0.5818797445870473,0.4310045231416162,680681.27231-0 680681.280344-1,4.385281884620227,0.48319122333450615,30.872326859725355,20.09356675841607,14.188423621010983,-23.124786330725527,-0.27130420850355896,-0.2247212127642599,0.9358923030894193,-39.86372028933691,14.132552026231899,-21.70356850130887,0.6314703581358209,-0.20684808406859953,0.7473011821969558
680681.2803374999,235,0.9571476876735687,0.5815797830760097,0.43190357793812295,680681.280331-0 680681.280344-1,4.365513227682871,0.4572808359491516,30.84137156597044,20.09356675841607,14.188423621010983,-23.124786330725527,-0.27173096633992205,-0.22569772574857666,0.9355334406229915,-39.86372028933691,14.132552026231899,-21.70356850130887,0.6314703581358209,-0.20684808406859953,0.7473011821969558
680681.284585,235,0.9465923011302948,0.5815142706886808,0.4335005285998157,680681.288826-0 680681.280344-1,4.359509956798806,0.4119243949782181,30.8231552916195,20.09356675841607,14.188423621010983,-23.124786330725527,-0.2718616004444875,-0.2271754675813243,0.9351377316379488,-39.86372028933691,14.132552026231899,-21.70356850130887,0.6314703581358209,-0.20684808406859953,0.7473011821969558
680681.290172,235,0.9465923011302948,0.5800988855243303,0.4345787493925657,680681.288826-0 680681.291518-1,4.310966109998121,0.3834881739939977,30.99366857444322,20.09356675841607,14.188423621010983,-23.124786330725527,-0.2718616004444875,-0.2271754675813243,0.9351377316379488,-39.86372028933691,14.132552026231899,-21.70356850130887,0.6298538409864401,-0.2067228464538173,0.7486987403145939
680681.295954,235,0.9059231281280518,0.5794819445274559,0.43384759685033414,680681.30039-0 680681.291518-1,4.273468316789524,0.40362704141403327,30.950931152394674,20.09356675841607,14.188423621010983,-23.124786330725527,-0.27266844596578116,-0.22684844363452827,0.9349821935177152,-39.86372028933691,14.132552026231899,-21.70356850130887,0.6298538409864401,-0.2067228464538173,0.7486987403145939
680681.2989825,236,0.9059231281280518,0.5778759225887045,0.4348538360817856,680681.30039-0 680681.297575-1,4.217861709353165,0.37737843609520194,31.14740659580496,20.09356675841607,14.188423621010983,-23.124786330725527,-0.27266844596578116,-0.22684844363452827,0.9349821935177152,-39.86372028933691,14.132552026231899,-21.70356850130887,0.6280075661060964,-0.2063850830370186,0.7503410520645261
680681.3027369999,236,0.9059231281280518,0.5764483180372115,0.4343566243874687,680681.30039-0 680681.305084-1,4.168944809892632,0.3937548481749973,31.33152176832808,20.09356675841607,14.188423621010983,-23.124786330725527,-0.27266844596578116,-0.22684844363452827,0.9349821935177152,-39.86372028933691,14.132552026231899,-21.70356850130887,0.6263865358875075,-0.20484773863759162,0.7521152249714887
680681.3066445,236,0.9825433194637299,0.5762201177550974,0.43802368855047413,680681.308205-0 680681.305084-1,4.150556456870519,0.2881900072556851,31.282904313437122,20.09356675841607,14.188423621010983,-23.124786330725527,-0.2730664026363357,-0.23030370352958188,0.9340208476751518,-39.86372028933691,14.132552026231899,-21.70356850130887,0.6263865358875075,-0.20484773863759162,0.7521152249714887
680681.3106559999,236,0.9825433194637299,0.57618075290172,0.43721869334083263,680681.308205-0 680681.313107-1,4.149794510766552,0.3113158552690489,31.2922887653704,20.09356675841607,14.188423621010983,-23.124786330725527,-0.2730664026363357,-0.23030370352958188,0.9340208476751518,-39.86372028933691,14.132552026231899,-21.70356850130887,0.6263617161212078,-0.2041041039781288,0.752338032613652
680681.3148035,236,0.9639324843883514,0.5737865924901933,0.43192323117173737,680681.3165-0 680681.313107-1,4.007619358479351,0.46052732797257434,31.145988052202853,20.09356675841607,14.188423621010983,-23.124786330725527,-0.2761183161532174,-0.22678944900007375,0.9339835230382572,-39.86372028933691,14.132552026231899,-21.70356850130887,0.6263617161212078,-0.2041041039781288,0.752338032613652
680681.3188004999,236,0.9639324843883514,0.5723990742861385,0.43217516589791116,680681.3165-0 680681.321101-1,3.9586233334804692,0.4557932373642366,31.321793165276773,20.09356675841607,14.188423621010983,-23.124786330725527,-0.2761183161532174,-0.22678944900007375,0.9339835230382572,-39.86372028933691,14.132552026231899,-21.70356850130887,0.6247497345635944,-0.20324834313314646,0.7539084030413437
680681.3230089999,236,0.9736732244491577,0.5696449421366443,0.4286180055530113,680681.324917-0 680681.321101-1,3.793890396598332,0.5540258679435084,31.133481710108974,20.09356675841607,14.188423621010983,-23.124786330725527,-0.279663834609644,-0.22504904919176616,0.9333493799587117,-39.86372028933691,14.132552026231899,-21.70356850130887,0.6247497345635944,-0.20324834313314646,0.7539084030413437
680681.3266455,236,0.9736732244491577,0.5704252295179282,0.4258151942756271,680681.324917-0 680681.328374-1,3.823657395755884,0.6321507837610714,31.049341858936707,20.09356675841607,14.188423621010983,-23.124786330725527,-0.279663834609644,-0.22504904919176616,0.9333493799587117,-39.86372028933691,14.132552026231899,-21.70356850130887,0.6257243323354716,-0.20137922493766713,0.7536016638031212
680681.330669,236,0.9819827377796173,0.5676398353434007,0.42043553880221873,680681.332964-0 680681.328374-1,3.6612934481120565,0.7800935221336962,30.876042362416726,20.09356675841607,14.188423621010983,-23.124786330725527,-0.28317514608614386,-0.22169504106450935,0.9330933208455072,-39.86372028933691,14.132552026231899,-21.70356850130887,0.6257243323354716,-0.20137922493766713,0.7536016638031212
680681.3353995,237,0.9819827377796173,0.5673699270898911,0.42168494111953436,680681.332964-0 680681.337835-1,3.650744504692115,0.7454645158102426,30.90343172818124,20.09356675841607,14.188423621010983,-23.124786330725527,-0.28317514608614386,-0.22169504106450935,0.9330933208455072,-39.86372028933691,14.132552026231899,-21.70356850130887,0.6253806886723731,-0.20226890665907504,0.7536486473381416
680681.339078,237,0.9823997616767883,0.5653141171860636,0.4218804521693649,680681.340321-0 680681.337835-1,3.528155032655807,0.7358736272385613,30.74426601961855,20.09356675841607,14.188423621010983,-23.124786330725527,-0.28583824698383836,-0.22298637014269018,0.9319729477253046,-39.86372028933691,14.132552026231899,-21.70356850130887,0.6253806886723731,-0.20226890665907504,0.7536486473381416
680681.342347,237,0.9744505882263184,0.5657761379495417,0.42251280740254193,680681.340321-0 680681.344373-1,3.544308446779116,0.7167321086592553,30.682674020515726,20.09356675841607,14.188423621010983,-23.124786330725527,-0.28583824698383836,-0.22298637014269018,0.9319729477253046,-39.86372028933691,14.132552026231899,-21.70356850130887,0.6259024139040864,-0.2031946904772153,0.7529661918246437
680681.3463185,237,0.9887675046920776,0.5652348644751758,0.4234537306226437,680681.348264-0 680681.344373-1,3.511435711618363,0.6892063183008101,30.634213848907223,20.09356675841607,14.188423621010983,-23.124786330725527,-0.28655490091987584,-0.2241239462150045,0.9314798685381309,-39.86372028933691,14.132552026231899,-21.70356850130887,0.6259024139040864,-0.2031946904772153,0.7529661918246437
680681.3503425,237,0.9967166781425476,0.5627734929793569,0.4255734310010785,680681.348264-0 680681.352421-1,3.420791389457378,0.6358013344613074,30.93381575453583,20.09356675841607,14.188423621010983,-23.124786330725527,-0.28655490091987584,-0.2241239462150045,0.9314798685381309,-39.86372028933691,14.132552026231899,-21.70356850130887,0.622976201241379,-0.20310828155511226,0.75541225741352
680681.355161,237,0.9600845873355865,0.5616987610336245,0.4250330682716277,680681.357901-0 680681.352421-1,3.3578724953540338,0.6493085116608741,30.855870623413175,20.09356675841607,14.188423621010983,-23.124786330725527,-0.2879216890582753,-0.22421014501731845,0.9310375458815519,-39.86372028933691,14.132552026231899,-21.70356850130887,0.622976201241379,-0.20310828155511226,0.75541225741352
680681.360019,237,0.9600845873355865,0.5610575198692069,0.4250368088209794,680681.357901-0 680681.362137-1,3.3342900905738873,0.6508590400821994,30.937717813873412,20.09356675841607,14.188423621010983,-23.124786330725527,-0.2879216890582753,-0.22421014501731845,0.9310375458815519,-39.86372028933691,14.132552026231899,-21.70356850130887,0.6222181061366734,-0.20259887035530913,0.7561734762119364
680681.363324,237,0.9688422977924347,0.5615920785187496,0.42737974810086565,680681.364511-0 680681.362137-1,3.3636916995851553,0.5851830082221348,30.960248766378342,20.09356675841607,14.188423621010983,-23.124786330725527,-0.28728520612308367,-0.22604079341689245,0.9307914750653227,-39.86372028933691,14.132552026231899,-21.70356850130887,0.6222181061366734,-0.20259887035530913,0.7561734762119364
680681.367206,237,0.9688422977924347,0.5612566835116751,0.42619094579015615,680681.364511-0 680681.3699009999-1,3.352120454103412,0.6197343655802605,31.009928402474195,20.09356675841607,14.188423621010983,-23.124786330725527,-0.28728520612308367,-0.22604079341689245,0.9307914750653227,-39.86372028933691,14.132552026231899,-21.70356850130887,0.6218465477145125,-0.2012784760202951,0.7568314516366837
680681.3711029999,238,0.9724607169628143,0.5579066814081931,0.4236028162888028,680681.372305-0 680681.3699009999-1,3.1581777588277866,0.6873812863545599,30.77501872813714,20.09356675841607,14.188423621010983,-23.124786330725527,-0.29150219421978496,-0.22548744309943577,0.9296138358315936,-39.86372028933691,14.132552026231899,-21.70356850130887,0.6218465477145125,-0.2012784760202951,0.7568314516366837
680681.374302,238,0.9724607169628143,0.5580264531350603,0.4244381279784749,680681.372305-0 680681.376299-1,3.1621002748532305,0.6635101359846107,30.75501594548639,20.09356675841607,14.188423621010983,-23.124786330725527,-0.29150219421978496,-0.22548744309943577,0.9296138358315936,-39.86372028933691,14.132552026231899,-21.70356850130887,0.6219713092845996,-0.2021124358061596,0.7565066118146635
680681.379817,238,0.9773732423782349,0.558102827258091,0.4269056078479402,680681.383335-0 680681.376299-1,3.1644194449594263,0.5940306971020082,30.741511651251997,20.09356675841607,14.188423621010983,-23.124786330725527,-0.29145403724456653,-0.22766570552273854,0.9290978800442269,-39.86372028933691,14.132552026231899,-21.70356850130887,0.6219713092845996,-0.2021124358061596,0.7565066118146635
680681.384328,238,0.9773732423782349,0.5572510876674888,0.42791452997118906,680681.383335-0 680681.385321-1,3.132020703573133,0.5675624970800452,30.84447403646007,20.09356675841607,14.188423621010983,-23.124786330725527,-0.29145403724456653,-0.22766570552273854,0.9290978800442269,-39.86372028933691,14.132552026231899,-21.70356850130887,0.6209360143698258,-0.2023239881355818,0.7573001187662843
680681.3899940001,238,0.9443845152854919,0.5547481848647323,0.42758673778191236,680681.394667-0 680681.385321-1,2.987816990455194,0.5731003951597913,30.658658418639888,20.09356675841607,14.188423621010983,-23.124786330725527,-0.2946008398689811,-0.22867862543322218,0.9278558246939353,-39.86372028933691,14.132552026231899,-21.70356850130887,0.6209360143698258,-0.2023239881355818,0.7573001187662843
680681.3956245,238,0.9443845152854919,0.553193869817232,0.4307099553133339,680681.394667-0 680681.396582-1,2.9270775514696137,0.4885687340534952,30.839499357962993,20.09356675841607,14.188423621010983,-23.124786330725527,-0.2946008398689811,-0.22867862543322218,0.9278558246939353,-39.86372028933691,14.132552026231899,-21.70356850130887,0.6190064215983818,-0.20383908454435934,0.7584725951753852
680681.4014475,238,0.956086665391922,0.5527423056040612,0.430400964488582,680681.406313-0 680681.396582-1,2.901401143877031,0.49671385770360743,30.80796108757091,20.09356675841607,14.188423621010983,-23.124786330725527,-0.295160863071665,-0.22863446517856015,0.9276887119305179,-39.86372028933691,14.132552026231899,-21.70356850130887,0.6190064215983818,-0.20383908454435934,0.7584725951753852
680681.4078055001,239,0.956086665391922,0.5491628495525223,0.4342788481701909,680681.406313-0 680681.409298-1,2.760725700459247,0.3932473867524413,31.251671499775036,20.09356675841607,14.188423621010983,-23.124786330725527,-0.295160863071665,-0.22863446517856015,0.9276887119305179,-39.86372028933691,14.132552026231899,-21.70356850130887,0.614554029948529,-0.20441125481856454,0.7619313506986848
680681.4116555001,239,0.9661401808261871,0.5481017395096789,0.434124551924186,680681.414013-0 680681.409298-1,2.6998383696157333,0.39657339567655914,31.172106367880232,20.09356675841607,14.188423621010983,-23.124786330725527,-0.2964844355458808,-0.22903914837227835,0.9271666775677077,-39.86372028933691,14.132552026231899,-21.70356850130887,0.614554029948529,-0.20441125481856454,0.7619313506986848
680681.415665,239,0.9661401808261871,0.5469037102038469,0.43479119148036893,680681.414013-0 680681.417317-1,2.652132513317758,0.37946844772061095,31.326828207016888,20.09356675841607,14.188423621010983,-23.124786330725527,-0.2964844355458808,-0.22903914837227835,0.9271666775677077,-39.86372028933691,14.132552026231899,-21.70356850130887,0.6130510487433165,-0.20404050345326855,0.7632403845350796
680681.421264,239,0.8650054335594177,0.5454171515550257,0.4354037703687095,680681.425211-0 680681.417317-1,2.566661938576381,0.3605700308274775,31.20896597297373,20.09356675841607,14.188423621010983,-23.124786330725527,-0.29834368608734896,-0.23034975743401973,0.926245126422753,-39.86372028933691,14.132552026231899,-21.70356850130887,0.6130510487433165,-0.20404050345326855,0.7632403845350796
680681.426285,239,0.8650054335594177,0.5441338439641848,0.4384601476446558,680681.425211-0 680681.427359-1,2.5136612558073974,0.2750370537400766,31.36100630733707,20.09356675841607,14.188423621010983,-23.124786330725527,-0.29834368608734896,-0.23034975743401973,0.926245126422753,-39.86372028933691,14.132552026231899,-21.70356850130887,0.6113869452868257,-0.20572903370785733,0.7641214352591315
680681.4320634999,239,1.0,0.5443842548798011,0.4444241482773348,680681.436768-0 680681.427359-1,2.524106652335515,0.10473678554314425,31.33308900264567,20.09356675841607,14.188423621010983,-23.124786330725527,-0.29812367700117864,-0.23559937197420763,0.9249947076262952,-39.86372028933691,14.132552026231899,-21.70356850130887,0.6113869452868257,-0.20572903370785733,0.7641214352591315
680681.4377105,239,1.0,0.5427556879645253,0.44679548058531393,680681.436768-0 680681.4386529999-1,2.457055570025812,0.0373573961849063,31.53707105371322,20.09356675841607,14.188423621010983,-23.124786330725527,-0.29812367700117864,-0.23559937197420763,0.9249947076262952,-39.86372028933691,14.132552026231899,-21.70356850130887,0.6092848934582125,-0.20655476745724408,0.7655762840137477
680681.442846,240,0.9902386665344238,0.5424116106151402,0.450194100232592,680681.447039-0 680681.4386529999-1,2.435281208055695,-0.06005680493574861,31.483434601074734,20.09356675841607,14.188423621010983,-23.124786330725527,-0.2986001914310145,-0.23883241574048464,0.9240113651189177,-39.86372028933691,14.132552026231899,-21.70356850130887,0.6092848934582125,-0.20655476745724408,0.7655762840137477
680681.4478394999,240,0.9902386665344238,0.5407848203074932,0.4533275030107844,680681.447039-0 680681.44864-1,2.3671127440179482,-0.15073693951370704,31.68412652666406,20.09356675841607,14.188423621010983,-23.124786330725527,-0.2986001914310145,-0.23883241574048464,0.9240113651189177,-39.86372028933691,14.132552026231899,-21.70356850130887,0.6071528762534425,-0.20807666965112964,0.7668568865205988
680681.4529815,240,0.9532740712165833,0.5404908106280437,0.4555708347391181,680681.457323-0 680681.44864-1,2.348984067514639,-0.21511083786504503,31.643306602886796,20.09356675841607,14.188423621010983,-23.124786330725527,-0.2989956157377217,-0.24099791080928704,0.923320978184282,-39.86372028933691,14.132552026231899,-21.70356850130887,0.6071528762534425,-0.20807666965112964,0.7668568865205988
680681.458233,240,0.9532740712165833,0.5398089132607368,0.4585897121307406,680681.457323-0 680681.459143-1,2.3193614505610736,-0.30268811841630594,31.71656792431478,20.09356675841607,14.188423621010983,-23.124786330725527,-0.2989956157377217,-0.24099791080928704,0.923320978184282,-39.86372028933691,14.132552026231899,-21.70356850130887,0.6062278028702239,-0.21024106690907543,0.7669983994846888
680681.4645064999,240,0.9666634202003479,0.5396657607018451,0.4641990645373927,680681.46987-0 680681.459143-1,2.3079696824491833,-0.46369668838481015,31.659571120448327,20.09356675841607,14.188423621010983,-23.124786330725527,-0.29924988962125787,-0.2461139087255752,0.9218879799050882,-39.86372028933691,14.132552026231899,-21.70356850130887,0.6062278028702239,-0.21024106690907543,0.7669983994846888
680681.4705075,240,0.9666634202003479,0.5377171279955199,0.4682811426740876,680681.46987-0 680681.471145-1,2.2247775858281393,-0.5855869800149804,31.900407051456128,20.09356675841607,14.188423621010983,-23.124786330725527,-0.29924988962125787,-0.2461139087255752,0.9218879799050882,-39.86372028933691,14.132552026231899,-21.70356850130887,0.6036356401689378,-0.21240435293220672,0.7684454468427067
680681.474311,240,0.9861157238483429,0.5378886432534328,0.4716417015446319,680681.477477-0 680681.471145-1,2.2327530542360687,-0.6828240418657119,31.885739106404344,20.09356675841607,14.188423621010983,-23.124786330725527,-0.2990827443861441,-0.24905999884605745,0.921150709159611,-39.86372028933691,14.132552026231899,-21.70356850130887,0.6036356401689378,-0.21240435293220672,0.7684454468427067
680681.478106,241,0.9861157238483429,0.5360823853455082,0.4731041426728618,680681.477477-0 680681.478735-1,2.1556418780514033,-0.7306326505017564,32.12799385876176,20.09356675841607,14.188423621010983,-23.124786330725527,-0.2990827443861441,-0.24905999884605745,0.921150709159611,-39.86372028933691,14.132552026231899,-21.70356850130887,0.6012374693002668,-0.21235756819716387,0.770336140096515
680681.4839605,241,0.9950211942195892,0.5366212118825633,0.4754561349803127,680681.489186-0 680681.478735-1,2.1853443444239726,-0.7999914374407906,32.15040588053296,20.09356675841607,14.188423621010983,-23.124786330725527,-0.29844736974985253,-0.2509350744808846,0.9208478462181836,-39.86372028933691,14.132552026231899,-21.70356850130887,0.6012374693002668,-0.21235756819716387,0.770336140096515
680681.489764,241,0.9950211942195892,0.5355577290100288,0.4774659100913732,680681.489186-0 680681.490342-1,2.1390074746650587,-0.8623429086693628,32.286583085781785,20.09356675841607,14.188423621010983,-23.124786330725527,-0.29844736974985253,-0.2509350744808846,0.9208478462181836,-39.86372028933691,14.132552026231899,-21.70356850130887,0.599797467660512,-0.21336590516778053,0.7711796083273796
680681.493179,241,1.0,0.5338972322654518,0.47899841986783853,680681.4960159999-0 680681.490342-1,2.0430425159619467,-0.9031966665597162,32.143086200110375,20.09356675841607,14.188423621010983,-23.124786330725527,-0.3005132082218554,-0.2530755593907066,0.9195893501576063,-39.86372028933691,14.132552026231899,-21.70356850130887,0.599797467660512,-0.21336590516778053,0.7711796083273796
680681.4969734999,241,1.0,0.5319151177863021,0.4803352575496739,680681.4960159999-0 680681.497931-1,1.9563344500540847,-0.9501287236382057,32.41599795781795,20.09356675841607,14.188423621010983,-23.124786330725527,-0.3005132082218554,-0.2530755593907066,0.9195893501576063,-39.86372028933691,14.132552026231899,-21.70356850130887,0.5971155289391764,-0.21309159788381943,0.7733337028805922
680681.5032215,241,1.0,0.5279720129514912,0.48040372903418604,680681.508512-0 680681.497931-1,1.7326744541683468,-0.942747551808993,32.10669796467754,20.09356675841607,14.188423621010983,-23.124786330725527,-0.3053288688688863,-0.2549129202501639,0.9174931525220118,-39.86372028933691,14.132552026231899,-21.70356850130887,0.5971155289391764,-0.21309159788381943,0.7733337028805922
680681.5091085,241,1.0,0.5250471349909349,0.48692576822477385,680681.508512-0 680681.509705-1,1.5994122575563363,-1.1462031534129586,32.480241696962054,20.09356675841607,14.188423621010983,-23.124786330725527,-0.3053288688688863,-0.2549129202501639,0.9174931525220118,-39.86372028933691,14.132552026231899,-21.70356850130887,0.5930346697709493,-0.2167693422647607,0.7754488588577354
680681.513894,241,0.9966317713260651,0.5228110951851755,0.4844382188599632,680681.518083-0 680681.509705-1,1.4748277673260493,-1.0674433293979337,32.326351389649304,20.09356675841607,14.188423621010983,-23.124786330725527,-0.3080082037577573,-0.2536547085728171,0.9169461463121807,-39.86372028933691,14.132552026231899,-21.70356850130887,0.5930346697709493,-0.2167693422647607,0.7754488588577354
680681.5182284999,242,0.9966317713260651,0.5213785042216099,0.4873751565579224,680681.518083-0 680681.518374-1,1.4081888721383926,-1.1603813801372187,32.51353511606558,20.09356675841607,14.188423621010983,-23.124786330725527,-0.3080082037577573,-0.2536547085728171,0.9169461463121807,-39.86372028933691,14.132552026231899,-21.70356850130887,0.5910067180099783,-0.21834153739148013,0.7765552345561769
680681.523171,242,0.9046181738376617,0.520685638099415,0.49010811148539046,680681.527968-0 680681.518374-1,1.3686359601487403,-1.2382279755826628,32.43638115434902,20.09356675841607,14.188423621010983,-23.124786330725527,-0.3088646114260592,-0.2564231634463555,0.9158874456268046,-39.86372028933691,14.132552026231899,-21.70356850130887,0.5910067180099783,-0.21834153739148013,0.7765552345561769
680681.527916,242,0.9046181738376617,0.5192755401632198,0.4895957828878673,680681.527968-0 680681.527864-1,1.3031647746720445,-1.231005483146716,32.64863354437667,20.09356675841607,14.188423621010983,-23.124786330725527,-0.3088646114260592,-0.2564231634463555,0.9158874456268046,-39.86372028933691,14.132552026231899,-21.70356850130887,0.589019891396705,-0.2168346873248224,0.7784846086543781
680681.5324055001,242,0.9046181738376617,0.5188516872083586,0.48888414449850015,680681.527968-0 680681.536843-1,1.283467267776528,-1.2123810485111521,32.71725842662319,20.09356675841607,14.188423621010983,-23.124786330725527,-0.3088646114260592,-0.2564231634463555,0.9158874456268046,-39.86372028933691,14.132552026231899,-21.70356850130887,0.5884226893772355,-0.2158755987443779,0.7792024541111364
680681.5368575,242,1.0,0.5180615009239263,0.48965352432097986,680681.536872-0 680681.536843-1,1.2391165649345268,-1.2326287964056997,32.64848362859394,20.09356675841607,14.188423621010983,-23.124786330725527,-0.30981999782735975,-0.2574644342282158,0.9152724370665816,-39.86372028933691,14.132552026231899,-21.70356850130887,0.5884226893772355,-0.2158755987443779,0.7792024541111364
680681.5418459999,242,1.0,0.5175464565590133,0.491205133204476,680681.536872-0 680681.5468199999-1,1.2144153201272836,-1.2812178708244968,32.71326568074286,20.09356675841607,14.188423621010983,-23.124786330725527,-0.30981999782735975,-0.2574644342282158,0.9152724370665816,-39.86372028933691,14.132552026231899,-21.70356850130887,0.5876756431349328,-0.2168924447579084,0.7794838073192288
680681.546965,242,0.9957526922225952,0.5180400525357697,0.49549579073818306,680681.54711-0 680681.5468199999-1,1.2407661542276411,-1.409083067233083,32.71539581943834,20.09356675841607,14.188423621010983,-23.124786330725527,-0.30926106434988665,-0.2611327808891401,0.9144218199618158,-39.86372028933691,14.132552026231899,-21.70356850130887,0.5876756431349328,-0.2168924447579084,0.7794838073192288
680681.5516685001,243,0.9957526922225952,0.517297713825364,0.4961005422321789,680681.54711-0 680681.556227-1,1.2054616719485924,-1.431680375396402,32.821899660301895,20.09356675841607,14.188423621010983,-23.124786330725527,-0.30926106434988665,-0.2611327808891401,0.9144218199618158,-39.86372028933691,14.132552026231899,-21.70356850130887,0.586607646184856,-0.21689306976248157,0.7802876813883902
680681.556262,243,0.9824667274951935,0.517758741989019,0.5010680448935236,680681.556297-0 680681.556227-1,1.2298893934411428,-1.5798504199423533,32.81506754485277,20.09356675841607,14.188423621010983,-23.124786330725527,-0.30874611325376417,-0.2654308892630122,0.9133576958540068,-39.86372028933691,14.132552026231899,-21.70356850130887,0.586607646184856,-0.21689306976248157,0.7802876813883902
680681.560745,243,0.9824667274951935,0.515751769627597,0.505810514111475,680681.556297-0 680681.565193-1,1.1327960223759774,-1.7354133602505248,33.08107977284706,20.09356675841607,14.188423621010983,-23.124786330725527,-0.30874611325376417,-0.2654308892630122,0.9133576958540068,-39.86372028933691,14.132552026231899,-21.70356850130887,0.5836751100012578,-0.21973466424548976,0.7816905035203774
680681.5657565,243,0.9637469351291656,0.5130572171681909,0.5065805543309125,680681.56632-0 680681.565193-1,0.9821964926336211,-1.746649237225049,32.85992542062549,20.09356675841607,14.188423621010983,-23.124786330725527,-0.3119768497519915,-0.2672492496637672,0.911728185246555,-39.86372028933691,14.132552026231899,-21.70356850130887,0.5836751100012578,-0.21973466424548976,0.7816905035203774
680681.5701204999,243,0.9637469351291656,0.5111464014115152,0.5102394906862493,680681.56632-0 680681.573921-1,0.8879580219533523,-1.8709190416849566,33.12241398566417,20.09356675841607,14.188423621010983,-23.124786330725527,-0.3119768497519915,-0.2672492496637672,0.911728185246555,-39.86372028933691,14.132552026231899,-21.70356850130887,0.5808478846925442,-0.22167619437978459,0.7832467042340444
680681.574208,243,0.9512105584144592,0.5106510849964812,0.5077897614204847,680681.574495-0 680681.573921-1,0.8608923356117639,-1.7959482101469497,33.10441428125185,20.09356675841607,14.188423621010983,-23.124786330725527,-0.31255238879651603,-0.2652336879508985,0.9121195618084049,-39.86372028933691,14.132552026231899,-21.70356850130887,0.5808478846925442,-0.22167619437978459,0.7832467042340444
680681.5804325,243,0.9512105584144592,0.5106041507150708,0.5078874866117391,680681.574495-0 680681.58637-1,0.8585535804308293,-1.7992429610680176,33.110849574886515,20.09356675841607,14.188423621010983,-23.124786330725527,-0.31255238879651603,-0.2652336879508985,0.9121195618084049,-39.86372028933691,14.132552026231899,-21.70356850130887,0.5807778636646368,-0.2217309434844447,0.7832831300230066
680681.586294,243,0.9321229457855225,0.5072713641580322,0.504657398165977,680681.586218-0 680681.58637-1,0.6754212575352305,-1.6894906941614112,32.87517495157916,20.09356675841607,14.188423621010983,-23.124786330725527,-0.3164822381434282,-0.2636889751954318,0.9112118948412105,-39.86372028933691,14.132552026231899,-21.70356850130887,0.5807778636646368,-0.2217309434844447,0.7832831300230066
680681.5902859999,244,0.9920025169849396,0.5060360893406977,0.498881834402257,680681.594202-0 680681.58637-1,0.6088409034855609,-1.5143519060976542,32.82740795270417,20.09356675841607,14.188423621010983,-23.124786330725527,-0.31790755061681486,-0.2589838602869477,0.9120647725746719,-39.86372028933691,14.132552026231899,-21.70356850130887,0.5807778636646368,-0.2217309434844447,0.7832831300230066
680681.594145,244,0.9920025169849396,0.504335286358565,0.5031646315546534,680681.594202-0 680681.594088-1,0.5224276728192461,-1.6536512268325287,33.05475958557429,20.09356675841607,14.188423621010983,-23.124786330725527,-0.31790755061681486,-0.2589838602869477,0.9120647725746719,-39.86372028933691,14.132552026231899,-21.70356850130887,0.5782106388336774,-0.2243502933931377,0.7844357226656392
680681.5993655,244,0.9920025169849396,0.5005424508033254,0.5055813226546592,680681.594202-0 680681.604529-1,0.3257860256916061,-1.7566384530489199,33.63601262933536,20.09356675841607,14.188423621010983,-23.124786330725527,-0.31790755061681486,-0.2589838602869477,0.9120647725746719,-39.86372028933691,14.132552026231899,-21.70356850130887,0.5723913917583354,-0.22372728484998766,0.7888689350295195
680681.6046775,244,0.9815169870853424,0.49657140664508403,0.5021764459077261,680681.6048259999-0 680681.604529-1,0.10930311941916138,-1.6380939892034938,33.347054238235174,20.09356675841607,14.188423621010983,-23.124786330725527,-0.3225514035746179,-0.25752951312703015,0.9108452897833961,-39.86372028933691,14.132552026231899,-21.70356850130887,0.5723913917583354,-0.22372728484998766,0.7888689350295195
680681.6085665,244,0.9815169870853424,0.49448236304692184,0.5018249387268834,680681.6048259999-0 680681.612307-1,-0.0031110888336893794,-1.6441160972297775,33.68924582669455,20.09356675841607,14.188423621010983,-23.124786330725527,-0.3225514035746179,-0.25752951312703015,0.9108452897833961,-39.86372028933691,14.132552026231899,-21.70356850130887,0.5690971365459373,-0.2218056310208859,0.7917895624612902
680681.612304,244,1.0,0.49354629995573573,0.5064346142118175,680681.6123009999-0 680681.612307-1,-0.05381371994851136,-1.7794967652233877,33.57534743815042,20.09356675841607,14.188423621010983,-23.124786330725527,-0.32364919165600464,-0.2621338909253328,0.9091408163583683,-39.86372028933691,14.132552026231899,-21.70356850130887,0.5690971365459373,-0.2218056310208859,0.7917895624612902
680681.6173715,244,0.9465417861938477,0.49088903299648107,0.5018894435947348,680681.622436-0 680681.612307-1,-0.1967130845187537,-1.6321004562600248,33.40225759340228,20.09356675841607,14.188423621010983,-23.124786330725527,-0.32671997796605834,-0.25908485695552325,0.9089164388953445,-39.86372028933691,14.132552026231899,-21.70356850130887,0.5690971365459373,-0.2218056310208859,0.7917895624612902
680681.622659,244,0.9465417861938477,0.48921450147408896,0.5043228923653176,680681.622436-0 680681.6228819999-1,-0.28915682224476846,-1.7190720030171383,33.655419753011145,20.09356675841607,14.188423621010983,-23.124786330725527,-0.32671997796605834,-0.25908485695552325,0.9089164388953445,-39.86372028933691,14.132552026231899,-21.70356850130887,0.5664085188629041,-0.22274792455653925,0.7934511653941189
680681.6261924999,245,1.0,0.48660259834990127,0.5017763232767536,680681.629503-0 680681.6228819999-1,-0.4285700403796291,-1.6320194562205188,33.46908637034019,20.09356675841607,14.188423621010983,-23.124786330725527,-0.329723540863905,-0.2578372334201788,0.9081862956807908,-39.86372028933691,14.132552026231899,-21.70356850130887,0.5664085188629041,-0.22274792455653925,0.7934511653941189
680681.6296999999,245,1.0,0.48489676818769833,0.502992851407307,680681.629503-0 680681.629897-1,-0.5249683116952006,-1.6827548170260096,33.74184574577508,20.09356675841607,14.188423621010983,-23.124786330725527,-0.329723540863905,-0.2578372334201788,0.9081862956807908,-39.86372028933691,14.132552026231899,-21.70356850130887,0.5636213476074582,-0.22253318608994893,0.7954935308409546
680681.6335390001,245,1.0,0.4797245738997118,0.49997346189908576,680681.637181-0 680681.629897-1,-0.7974015620678845,-1.5721642714434907,33.358164367054925,20.09356675841607,14.188423621010983,-23.124786330725527,-0.335614170558563,-0.25721108415421123,0.9062039432205661,-39.86372028933691,14.132552026231899,-21.70356850130887,0.5636213476074582,-0.22253318608994893,0.7954935308409546
680681.6382485,245,1.0,0.47680082990824396,0.5004196998884336,680681.637181-0 680681.6393159999-1,-0.9689413360880401,-1.6092259790234325,33.84881759360648,20.09356675841607,14.188423621010983,-23.124786330725527,-0.335614170558563,-0.25721108415421123,0.9062039432205661,-39.86372028933691,14.132552026231899,-21.70356850130887,0.5587102352593851,-0.22060084288896553,0.7994861731969356
680681.6429504999,245,1.0,0.47235169936351556,0.4934808650139735,680681.646585-0 680681.6393159999-1,-1.2013241090652258,-1.3835590150152024,33.55313893102711,20.09356675841607,14.188423621010983,-23.124786330725527,-0.3406448258328522,-0.2526974350279209,0.9055965486703309,-39.86372028933691,14.132552026231899,-21.70356850130887,0.5587102352593851,-0.22060084288896553,0.7994861731969356
680681.6463085,245,1.0,0.47045631408397204,0.4928935318608869,680681.646585-0 680681.646032-1,-1.3170149755512082,-1.3793406661958239,33.88651380872756,20.09356675841607,14.188423621010983,-23.124786330725527,-0.3406448258328522,-0.2526974350279209,0.9055965486703309,-39.86372028933691,14.132552026231899,-21.70356850130887,0.5554275810305734,-0.21846983242012125,0.8023534972522084
680681.651795,245,1.0,0.4714529153347445,0.48995035734083203,680681.646585-0 680681.6570049999-1,-1.256914469870658,-1.2829983104297646,33.74141567538557,20.09356675841607,14.188423621010983,-23.124786330725527,-0.3406448258328522,-0.2526974350279209,0.9055965486703309,-39.86372028933691,14.132552026231899,-21.70356850130887,0.5571318416852674,-0.2165714335408118,0.8016863009646977
680681.6560645,245,1.0,0.48011973024812454,0.49017084593071536,680681.655124-0 680681.6570049999-1,-0.8009293523515595,-1.3158221186584962,34.43662513759802,20.09356675841607,14.188423621010983,-23.124786330725527,-0.33079135898475187,-0.24919261943121407,0.9102088305669371,-39.86372028933691,14.132552026231899,-21.70356850130887,0.5571318416852674,-0.2165714335408118,0.8016863009646977
680681.6609055,246,1.0,0.502213684874288,0.49296970242440175,680681.664806-0 680681.6570049999-1,0.4495206089744581,-1.4799762063485762,36.320252911190266,20.09356675841607,14.188423621010983,-23.124786330725527,-0.30437707333309244,-0.24197584817720355,0.9213046652047867,-39.86372028933691,14.132552026231899,-21.70356850130887,0.5571318416852674,-0.2165714335408118,0.8016863009646977
680681.664393,246,1.0,0.5165205264210307,0.4745758033512859,680681.664806-0 680681.66398-1,1.2068862636157878,-0.8185837320278821,34.04457670811337,20.09356675841607,14.188423621010983,-23.124786330725527,-0.30437707333309244,-0.24197584817720355,0.9213046652047867,-39.86372028933691,14.132552026231899,-21.70356850130887,0.5797732760512236,-0.21093351370542274,0.7870006360688127
680681.6695445,246,0.995,0.5412244403401363,0.44541461592022025,680681.664806-0 680681.674283-1,2.3150251607236925,0.07491008427762669,30.69392798616618,20.09356675841607,14.188423621010983,-23.124786330725527,-0.30437707333309244,-0.24197584817720355,0.9213046652047867,-39.86372028933691,14.132552026231899,-21.70356850130887,0.6137966595556488,-0.2042227768761226,0.7625921046820064
680681.673597,246,0.99,0.5800116492597084,0.46397388402377593,680681.672911-0 680681.674283-1,4.681337772815745,-0.48968605892897976,33.69028806379653,20.09356675841607,14.188423621010983,-23.124786330725527,-0.25401544823179867,-0.2391948444217744,0.9371563255197296,-39.86372028933691,14.132552026231899,-21.70356850130887,0.6137966595556488,-0.2042227768761226,0.7625921046820064
680681.678126,246,0.99,0.6169080822318813,0.47812172734384417,680681.681969-0 680681.674283-1,7.4859879510233025,-1.0344117517093068,37.26927103680208,20.09356675841607,14.188423621010983,-23.124786330725527,-0.1983553782694319,-0.23194746755161877,0.9522896178201152,-39.86372028933691,14.132552026231899,-21.70356850130887,0.6137966595556488,-0.2042227768761226,0.7625921046820064
680681.6815765,246,0.99,0.6479064271981698,0.4430569477278715,680681.681969-0 680681.681184-1,8.388086188922685,0.15498844429286418,32.97666118591155,20.09356675841607,14.188423621010983,-23.124786330725527,-0.1983553782694319,-0.23194746755161877,0.9522896178201152,-39.86372028933691,14.132552026231899,-21.70356850130887,0.6497864557161493,-0.1941302189790086,0.7349088515231035
680681.6870115,246,0.99,0.6856507138916994,0.401678111595429,680681.681969-0 680681.692054-1,9.273906737109105,1.2680336205005727,28.74560379406899,20.09356675841607,14.188423621010983,-23.124786330725527,-0.1983553782694319,-0.23194746755161877,0.9522896178201152,-39.86372028933691,14.132552026231899,-21.70356850130887,0.6863423606346585,-0.18464477407872423,0.7034489828010708
680681.6912105,246,0.99,0.7092505006820742,0.41370076589142946,680681.690367-0 680681.692054-1,11.361641835427118,1.0243939658767882,30.959293218928224,20.09356675841607,14.188423621010983,-23.124786330725527,-0.15492535698822973,-0.2246233821257974,0.9620511784538478,-39.86372028933691,14.132552026231899,-21.70356850130887,0.6863423606346585,-0.18464477407872423,0.7034489828010708
680681.6959885,247,0.99,0.730399490924432,0.4288872577910061,680681.699923-0 680681.692054-1,13.593499569191858,0.6227385110076797,33.29157133566284,20.09356675841607,14.188423621010983,-23.124786330725527,-0.11126581335656295,-0.22114656767472163,0.9688725996661234,-39.86372028933691,14.132552026231899,-21.70356850130887,0.6863423606346585,-0.18464477407872423,0.7034489828010708
680681.699786,247,0.99,0.7725220441816948,0.38591310920945365,680681.699923-0 680681.699649-1,14.15092008233735,1.7816066085985858,28.45217906920154,20.09356675841607,14.188423621010983,-23.124786330725527,-0.11126581335656295,-0.22114656767472163,0.9688725996661234,-39.86372028933691,14.132552026231899,-21.70356850130887,0.722620280376624,-0.17650826081783846,0.6683298319329094
680681.7050345,247,0.99,0.8632627221295465,0.2908978159467761,680681.699923-0 680681.710146-1,15.068581525990801,3.616015308309602,20.4629826994831,20.09356675841607,14.188423621010983,-23.124786330725527,-0.11126581335656295,-0.22114656767472163,0.9688725996661234,-39.86372028933691,14.132552026231899,-21.70356850130887,0.7841189542560121,-0.16321422592231133,0.5987642123850075
680681.709019,247,0.99,0.8760079389294806,0.31592290024563485,680681.707892-0 680681.710146-1,16.898035024532057,3.295145298391943,21.87365412358568,20.09356675841607,14.188423621010983,-23.124786330725527,-0.06878524229346085,-0.2212125052122492,0.9727968019994466,-39.86372028933691,14.132552026231899,-21.70356850130887,0.7841189542560121,-0.16321422592231133,0.5987642123850075
680681.7137985,247,0.99,0.8963600987237864,0.34775279998810427,680681.717451-0 680681.710146-1,20.99444989366001,2.949720196362186,25.108889742705905,20.09356675841607,14.188423621010983,-23.124786330725527,0.018271420042903455,-0.20773100703435932,0.9780153290854426,-39.86372028933691,14.132552026231899,-21.70356850130887,0.7841189542560121,-0.16321422592231133,0.5987642123850075
680681.7194935,247,0.99,0.934734105278223,0.3019995563958018,680681.717451-0 680681.721536-1,20.919581446948133,3.906548118439578,21.100008738553726,20.09356675841607,14.188423621010983,-23.124786330725527,0.018271420042903455,-0.20773100703435932,0.9780153290854426,-39.86372028933691,14.132552026231899,-21.70356850130887,0.809754919831252,-0.15488683411514065,0.5659567460741779
680681.724011,247,0.99,0.9408198053942272,0.3189573546919807,680681.726486-0 680681.721536-1,22.696603533383012,3.6947606580504226,22.36834947384842,20.09356675841607,14.188423621010983,-23.124786330725527,0.05574585281371943,-0.20459868706478807,0.9772572727513651,-39.86372028933691,14.132552026231899,-21.70356850130887,0.809754919831252,-0.15488683411514065,0.5659567460741779
680681.728762,248,0.99,0.9758773997020557,0.275814720968539,680681.726486-0 680681.731038-1,22.48278153078011,4.526947575090256,18.626597055103623,20.09356675841607,14.188423621010983,-23.124786330725527,0.05574585281371943,-0.20459868706478807,0.9772572727513651,-39.86372028933691,14.132552026231899,-21.70356850130887,0.8324269769345014,-0.14871438840581294,0.5338064806208068
680681.734405,248,0.99,0.9800117601366841,0.29476661431869255,680681.737772-0 680681.731038-1,24.08294935050953,4.278234175302065,19.661284798258322,20.09356675841607,14.188423621010983,-23.124786330725527,0.0905360172965838,-0.20425220087171542,0.9747226620999088,-39.86372028933691,14.132552026231899,-21.70356850130887,0.8324269769345014,-0.14871438840581294,0.5338064806208068
680681.7387534999,248,0.995,1.0051504130598286,0.2593686920525624,680681.737772-0 680681.739735-1,23.813949976480483,4.950413726199466,16.777045770305037,20.09356675841607,14.188423621010983,-23.124786330725527,0.0905360172965838,-0.20425220087171542,0.9747226620999088,-39.86372028933691,14.132552026231899,-21.70356850130887,0.849142350232176,-0.1427837721299719,0.5084978500038251
680681.7425035,248,0.9802317023277283,1.0085000710872327,0.28246628066244217,680681.745272-0 680681.739735-1,25.10568920660824,4.54935075865715,17.515900865608856,20.09356675841607,14.188423621010983,-23.124786330725527,0.11920658033240762,-0.21157438969069503,0.9700649817576465,-39.86372028933691,14.132552026231899,-21.70356850130887,0.849142350232176,-0.1427837721299719,0.5084978500038251
680681.746282,248,0.9802317023277283,1.0301503247107284,0.24441044811805313,680681.745272-0 680681.747292-1,24.77399235315054,5.297066732424259,14.849368414085808,20.09356675841607,14.188423621010983,-23.124786330725527,0.11920658033240762,-0.21157438969069503,0.9700649817576465,-39.86372028933691,14.132552026231899,-21.70356850130887,0.8641915154284626,-0.13288980673299292,0.4852971501337351
680681.7513369999,248,0.9822964370250702,1.0335656610620507,0.27295019307198387,680681.755382-0 680681.747292-1,26.13918581729282,4.7738811201600155,15.550787734970234,20.09356675841607,14.188423621010983,-23.124786330725527,0.15020042143284879,-0.22347452497959328,0.9630674795083363,-39.86372028933691,14.132552026231899,-21.70356850130887,0.8641915154284626,-0.13288980673299292,0.4852971501337351
680681.7562905,248,0.9772964370250702,1.092637449925283,0.19042629523406052,680681.755382-0 680681.757199-1,25.31287820877306,6.125353384691731,10.280338282903974,20.09356675841607,14.188423621010983,-23.124786330725527,0.15020042143284879,-0.22347452497959328,0.9630674795083363,-39.86624325051754,14.160103702812414,-21.624856616509085,0.8926314263718125,-0.11853248750013735,0.4349243452147204
680681.7596215,249,0.9492834460735321,1.094556312352759,0.21709582552012685,680681.762044-0 680681.757199-1,26.338026505621563,5.693491377252844,10.710732062484128,19.98794025667484,14.198696884353255,-23.73766139994974,0.1761967609581406,-0.23157544025894064,0.9567275039930324,-39.86624325051754,14.160103702812414,-21.624856616509085,0.8926314263718125,-0.11853248750013735,0.4349243452147204
680681.765717,249,0.9542834460735321,1.1160694424400135,0.19139036637968143,680681.762044-0 680681.76939-1,26.12851974192116,6.057989544450125,9.591089407589704,19.98794025667484,14.198696884353255,-23.73766139994974,0.1761967609581406,-0.23157544025894064,0.9567275039930324,-39.86624325051754,14.160103702812414,-21.624856616509085,0.8984410329517458,-0.11229441474500526,0.4244922552010537
680681.7711235001,249,0.9512974917888641,1.1243257003507647,0.21510459213773947,680681.772857-0 680681.76939-1,25.727524290515458,5.339907800564342,9.203162088732972,19.98794025667484,14.198696884353255,-23.73766139994974,0.1658471344675235,-0.2645992093726056,0.9499905191044293,-39.86624325051754,14.160103702812414,-21.624856616509085,0.8984410329517458,-0.11229441474500526,0.4244922552010537
680681.774489,249,0.9512974917888641,1.10724543965884,0.23128501383005284,680681.772857-0 680681.776121-1,25.861696783508325,5.135480553385805,9.973759548629602,19.98794025667484,14.198696884353255,-23.73766139994974,0.1658471344675235,-0.2645992093726056,0.9499905191044293,-39.86624325051754,14.160103702812414,-21.624856616509085,0.8944776238262233,-0.11422342315804734,0.43227628905163296
680681.7808805,249,0.9713859856128693,1.1164508410198628,0.2486780670064468,680681.78564-0 680681.776121-1,24.93789601287286,4.484500753556198,9.290446787822946,19.98794025667484,14.198696884353255,-23.73766139994974,0.14210176789245552,-0.2985378656026326,0.9437596253089359,-39.86624325051754,14.160103702812414,-21.624856616509085,0.8944776238262233,-0.11422342315804734,0.43227628905163296
680681.7837275,249,0.9713859856128693,1.0883825336334703,0.2743407070383602,680681.78564-0 680681.781815-1,25.155580473161812,4.129725867061601,10.757853089328146,19.98794025667484,14.198696884353255,-23.73766139994974,0.14210176789245552,-0.2985378656026326,0.9437596253089359,-39.86624325051754,14.160103702812414,-21.624856616509085,0.8867052005123095,-0.11549373680901619,0.44767743313943653
680681.7889245,250,0.9713859856128693,1.068596235638917,0.299830340964617,680681.78564-0 680681.792209-1,25.375314334469138,3.6779642886642954,12.219799570473429,19.98794025667484,14.198696884353255,-23.73766139994974,0.14210176789245552,-0.2985378656026326,0.9437596253089359,-39.86624325051754,14.160103702812414,-21.624856616509085,0.8787707154919796,-0.12051106827332228,0.4617782065205511
680681.7933614999,250,0.9816336333751678,1.0732088118845209,0.3134226646694048,680681.794514-0 680681.792209-1,24.389632039868644,3.183606839450463,11.47888333932604,19.98794025667484,14.198696884353255,-23.73766139994974,0.11808777578298171,-0.32582877591605885,0.9380249922020579,-39.86624325051754,14.160103702812414,-21.624856616509085,0.8787707154919796,-0.12051106827332228,0.4617782065205511
680681.796811,250,0.9816336333751678,1.0586761494974273,0.32944234260762495,680681.794514-0 680681.799108-1,24.538219189421888,2.8952353274852802,12.684228535557521,19.98794025667484,14.198696884353255,-23.73766139994974,0.11808777578298171,-0.32582877591605885,0.9380249922020579,-39.86624325051754,14.160103702812414,-21.624856616509085,0.8720940389830569,-0.12080326922523581,0.474192531905252
680681.8008815,250,0.9323560893535614,1.061821339518752,0.3400153481040027,680681.802655-0 680681.799108-1,23.749287567393083,2.5368935201199436,12.071018021812923,19.98794025667484,14.198696884353255,-23.73766139994974,0.09888547614865933,-0.34633820581553404,0.9328834384848569,-39.86624325051754,14.160103702812414,-21.624856616509085,0.8720940389830569,-0.12080326922523581,0.474192531905252
680681.804393,250,0.9323560893535614,1.0527502125384336,0.3533180455352094,680681.802655-0 680681.8061309999-1,23.834731357586293,2.2687409524595417,12.883852059724473,19.98794025667484,14.198696884353255,-23.73766139994974,0.09888547614865933,-0.34633820581553404,0.9328834384848569,-39.86624325051754,14.160103702812414,-21.624856616509085,0.8673669310631653,-0.12345802819836971,0.48211276914373147
680681.8074965,250,0.9373954832553864,1.0538089004384505,0.35278964860441275,680681.808862-0 680681.8061309999-1,23.06123466105281,2.2030951797592646,12.378746115156668,19.98794025667484,14.198696884353255,-23.73766139994974,0.07996233687694115,-0.35515200995633917,0.9313823460347264,-39.86624325051754,14.160103702812414,-21.624856616509085,0.8673669310631653,-0.12345802819836971,0.48211276914373147
680681.8114815,250,0.9373954832553864,1.0442182180739916,0.3660766354056074,680681.808862-0 680681.814101-1,23.13612927280972,1.935035692209083,13.262937873398828,19.98794025667484,14.198696884353255,-23.73766139994974,0.07996233687694115,-0.35515200995633917,0.9313823460347264,-39.86624325051754,14.160103702812414,-21.624856616509085,0.8621098043325942,-0.12533139623937511,0.49097731759247765
680681.8171575,250,0.9699367880821228,1.0467238255299236,0.37927332159023863,680681.820214-0 680681.814101-1,22.708649984716452,1.584706930267795,12.840132169919338,19.98794025667484,14.198696884353255,-23.73766139994974,0.06950496896133401,-0.3726062403367973,0.9253829742067664,-39.86624325051754,14.160103702812414,-21.624856616509085,0.8621098043325942,-0.12533139623937511,0.49097731759247765
680681.8217835,251,0.9699367880821228,1.0347553589809564,0.39260206541403253,680681.820214-0 680681.823353-1,22.790762163005866,1.31031597274528,13.96022559422943,19.98794025667484,14.198696884353255,-23.73766139994974,0.06950496896133401,-0.3726062403367973,0.9253829742067664,-39.86624325051754,14.160103702812414,-21.624856616509085,0.8554049211296191,-0.1249509432088223,0.502662593295399
680681.824938,251,0.9911032617092133,1.0355281881035658,0.3955352273097872,680681.826523-0 680681.823353-1,22.374431192607908,1.216137810229906,13.64306169320602,19.98794025667484,14.198696884353255,-23.73766139994974,0.059493462169649555,-0.379792594538416,0.9231566026914646,-39.86624325051754,14.160103702812414,-21.624856616509085,0.8554049211296191,-0.1249509432088223,0.502662593295399
680681.8292135,251,0.9911032617092133,1.0268448356823185,0.405032252496067,680681.826523-0 680681.831904-1,22.42606092064139,1.0143239572764218,14.46203960179833,19.98794025667484,14.198696884353255,-23.73766139994974,0.059493462169649555,-0.379792594538416,0.9231566026914646,-39.86624325051754,14.160103702812414,-21.624856616509085,0.8504178298110648,-0.12466173875976524,0.5111251956505676
680681.8341625,251,0.9978069961071014,1.026505340849818,0.4008320966452896,680681.836421-0 680681.831904-1,22.000474382620688,1.0935752541887673,14.210679074475271,19.98794025667484,14.198696884353255,-23.73766139994974,0.049349709301741575,-0.3802834411837261,0.9235524406081645,-39.86624325051754,14.160103702812414,-21.624856616509085,0.8504178298110648,-0.12466173875976524,0.5111251956505676
680681.8384235,251,0.9978069961071014,1.0177126130861291,0.4144910477218209,680681.836421-0 680681.840426-1,22.044290865592643,0.7907552144696623,15.035128879530093,19.98794025667484,14.198696884353255,-23.73766139994974,0.049349709301741575,-0.3802834411837261,0.9235524406081645,-39.86624325051754,14.160103702812414,-21.624856616509085,0.84520499235304,-0.1279673544375103,0.5188958249010702
680681.841316,251,0.94562828540802,1.0164271637083986,0.4044473858227995,680681.842206-0 680681.840426-1,21.702556881216154,1.015747576342065,14.900619311462568,19.98794025667484,14.198696884353255,-23.73766139994974,0.04130184892836067,-0.3744815922886651,0.926314036551344,-39.86624325051754,14.160103702812414,-21.624856616509085,0.84520499235304,-0.1279673544375103,0.5188958249010702
680681.8459385,251,0.94562828540802,1.0076790203180268,0.41690029662575967,680681.842206-0 680681.849671-1,21.738236324897624,0.7382627193089943,15.704431009901322,19.98794025667484,14.198696884353255,-23.73766139994974,0.04130184892836067,-0.3744815922886651,0.926314036551344,-39.86624325051754,14.160103702812414,-21.624856616509085,0.8400800665060542,-0.13062150393387648,0.5265011914224278
680681.851667,251,0.9141983389854431,1.0067463362599078,0.41013009028034075,680681.8536629999-0 680681.849671-1,21.455748590188623,0.8897806862419335,15.572786690553412,19.98794025667484,14.198696884353255,-23.73766139994974,0.03471705439258622,-0.37106352985869856,0.9279582872861823,-39.86624325051754,14.160103702812414,-21.624856616509085,0.8400800665060542,-0.13062150393387648,0.5265011914224278
680681.855242,252,0.9141983389854431,1.00011820360823,0.4189818496455797,680681.8536629999-0 680681.856821-1,21.47803111104614,0.6910016706135389,16.169649026486447,19.98794025667484,14.198696884353255,-23.73766139994974,0.03471705439258622,-0.37106352985869856,0.9279582872861823,-39.86624325051754,14.160103702812414,-21.624856616509085,0.8362451805689733,-0.13236238191935817,0.5321411446484842
680681.858504,252,0.9682450294494629,0.9978815311788806,0.4030576819265337,680681.860187-0 680681.856821-1,21.187173015859823,1.062311027953112,16.12147990676835,19.98794025667484,14.198696884353255,-23.73766139994974,0.028013245355065882,-0.359426330054067,0.9327528994050577,-39.86624325051754,14.160103702812414,-21.624856616509085,0.8362451805689733,-0.13236238191935817,0.5321411446484842
680681.8628710001,252,0.9682450294494629,0.9902630492859092,0.41098195807779303,680681.860187-0 680681.865555-1,21.207504501475317,0.8891515930567842,16.796066412679757,19.98794025667484,14.198696884353255,-23.73766139994974,0.028013245355065882,-0.359426330054067,0.9327528994050577,-39.86624325051754,14.160103702812414,-21.624856616509085,0.8319372595814942,-0.13267892804793222,0.5387733272648942
680681.866037,252,0.9499504566192627,0.9884683799747602,0.39899269870280085,680681.866519-0 680681.865555-1,20.926305773110634,1.1667088018895226,16.707999811983093,19.98794025667484,14.198696884353255,-23.73766139994974,0.02156980825763585,-0.3512956139920544,0.9360160975975116,-39.86624325051754,14.160103702812414,-21.624856616509085,0.8319372595814942,-0.13267892804793222,0.5387733272648942
680681.869901,252,0.9499504566192627,0.9839490904115564,0.40248534612883524,680681.866519-0 680681.873283-1,20.935574619485354,1.0940747305732375,17.101884254660725,19.98794025667484,14.198696884353255,-23.73766139994974,0.02156980825763585,-0.3512956139920544,0.9360160975975116,-39.86624325051754,14.160103702812414,-21.624856616509085,0.8294371590720021,-0.13194275722104698,0.5427937987555441
680681.8747685,252,0.9421446025371552,0.9819920815871417,0.3891626815542083,680681.876254-0 680681.873283-1,20.748845473889304,1.4081297959061567,17.091600011567365,19.98794025667484,14.198696884353255,-23.73766139994974,0.01732178510008328,-0.3410589010267014,0.9398823233742644,-39.86624325051754,14.160103702812414,-21.624856616509085,0.8294371590720021,-0.13194275722104698,0.5427937987555441
680681.8780980001,252,0.9421446025371552,0.9760929715540833,0.3975390225832657,680681.876254-0 680681.879942-1,20.758433880109763,1.2229402561139127,17.610347068704392,19.98794025667484,14.198696884353255,-23.73766139994974,0.01732178510008328,-0.3410589010267014,0.9398823233742644,-39.86624325051754,14.160103702812414,-21.624856616509085,0.8260039230247352,-0.13419842370319907,0.5474562103249205
680681.882331,252,0.9198735654354095,0.9736436022136529,0.3805253730726793,680681.88472-0 680681.879942-1,20.588554415418407,1.630979704918957,17.64070596323704,19.98794025667484,14.198696884353255,-23.73766139994974,0.013505256003332678,-0.32728537586286854,0.944829027288316,-39.86624325051754,14.160103702812414,-21.624856616509085,0.8260039230247352,-0.13419842370319907,0.5474562103249205
680681.8873099999,253,0.9198735654354095,0.9690104873122266,0.38690863135510056,680681.88472-0 680681.8899-1,20.594411497370977,1.4915209226470356,18.048962153886166,19.98794025667484,14.198696884353255,-23.73766139994974,0.013505256003332678,-0.32728537586286854,0.944829027288316,-39.86624325051754,14.160103702812414,-21.624856616509085,0.8232951365610782,-0.1358468523662878,0.5511177286361304
680681.8917455,253,0.9499975442886353,0.9685277677042095,0.38443352224374616,680681.893591-0 680681.8899-1,20.480697987921033,1.5450429849424285,17.985199044753365,19.98794025667484,14.198696884353255,-23.73766139994974,0.010929273016205644,-0.3261796113435211,0.9452446308417344,-39.86624325051754,14.160103702812414,-21.624856616509085,0.8232951365610782,-0.1358468523662878,0.5511177286361304
680681.895259,253,0.9499975442886353,0.9626402973512045,0.39273283495496236,680681.893591-0 680681.896927-1,20.486679532965113,1.3605931713217068,18.503495371700588,19.98794025667484,14.198696884353255,-23.73766139994974,0.010929273016205644,-0.3261796113435211,0.9452446308417344,-39.86624325051754,14.160103702812414,-21.624856616509085,0.8198315108934975,-0.1381827742106897,0.55568139671715
680681.8982595,253,0.9580621719360352,0.959480007460536,0.3729336894357336,680681.899592-0 680681.896927-1,20.113762783180373,1.8273744965134693,18.39251731411273,19.98794025667484,14.198696884353255,-23.73766139994974,0.0025693327272076245,-0.31193256663137786,0.9501007696050445,-39.86624325051754,14.160103702812414,-21.624856616509085,0.8198315108934975,-0.1381827742106897,0.55568139671715
680681.90301,253,0.9580621719360352,0.952645102686389,0.38246818946188,680681.899592-0 680681.906428-1,20.11531935687738,1.619235600075954,18.991579179878805,19.98794025667484,14.198696884353255,-23.73766139994974,0.0025693327272076245,-0.31193256663137786,0.9501007696050445,-39.86624325051754,14.160103702812414,-21.624856616509085,0.8157855402206986,-0.14084932072913206,0.5609415488417354
680681.906412,253,0.9799771308898926,0.9510075896595733,0.3713588454417619,680681.906396-0 680681.906428-1,19.990021964562402,1.8889502796015778,18.98846253710279,19.98794025667484,14.198696884353255,-23.73766139994974,-0.00020412854560596347,-0.303086831300411,0.9529629221663417,-39.86624325051754,14.160103702812414,-21.624856616509085,0.8157855402206986,-0.14084932072913206,0.5609415488417354
680681.9122794999,253,0.9501803517341614,0.9494857641121414,0.3615987515640209,680681.918131-0 680681.906428-1,19.84628134494544,2.121455638075153,18.956748966318273,19.98794025667484,14.198696884353255,-23.73766139994974,-0.0034119644194141327,-0.29568931081664246,0.9552780694476241,-39.86624325051754,14.160103702812414,-21.624856616509085,0.8157855402206986,-0.14084932072913206,0.5609415488417354
680681.916029,253,0.9501803517341614,0.9441709510445928,0.3696806842746979,680681.918131-0 680681.913927-1,19.844350226604874,1.9456079774315134,19.42642633973155,19.98794025667484,14.198696884353255,-23.73766139994974,-0.0034119644194141327,-0.29568931081664246,0.9552780694476241,-39.86624325051754,14.160103702812414,-21.624856616509085,0.8125633014162278,-0.14349159620593718,0.5649345475449635
680681.9197825,254,0.9501803517341614,0.9374997706893193,0.3754051512722818,680681.918131-0 680681.921434-1,19.8428447862907,1.8305365173889436,20.01285596265778,19.98794025667484,14.198696884353255,-23.73766139994974,-0.0034119644194141327,-0.29568931081664246,0.9552780694476241,-39.86624325051754,14.160103702812414,-21.624856616509085,0.8087112044580465,-0.14321086247954498,0.570505772671829
680681.9230889999,254,0.9436196982860565,0.936061069379992,0.36925664453199547,680681.924744-0 680681.921434-1,19.56826625868124,1.9645837784384703,19.84584429973745,19.98794025667484,14.198696884353255,-23.73766139994974,-0.009478140400127665,-0.2928602560852155,0.9561082759082559,-39.86624325051754,14.160103702812414,-21.624856616509085,0.8087112044580465,-0.14321086247954498,0.570505772671829
680681.927403,254,0.9436196982860565,0.9299358877795058,0.3770976207974266,680681.924744-0 680681.9300619999-1,19.562850033917794,1.7934307614007237,20.388534547794833,19.98794025667484,14.198696884353255,-23.73766139994974,-0.009478140400127665,-0.2928602560852155,0.9561082759082559,-39.86624325051754,14.160103702812414,-21.624856616509085,0.8050092226277769,-0.14516763313213435,0.5752273548563528
680681.931846,254,0.9993520975112915,0.9288781801986972,0.3737074252508368,680681.93363-0 680681.9300619999-1,19.32934909057273,1.8613286997108878,20.229508314706095,19.98794025667484,14.198696884353255,-23.73766139994974,-0.014621075960414683,-0.2921130403212615,0.9562720302361817,-39.86624325051754,14.160103702812414,-21.624856616509085,0.8050092226277769,-0.14516763313213435,0.5752273548563528
680681.9362494999,254,0.9993520975112915,0.9260217133094727,0.3797147570089551,680681.93363-0 680681.938869-1,19.32473804911806,1.7217606663250455,20.485398129505832,19.98794025667484,14.198696884353255,-23.73766139994974,-0.014621075960414683,-0.2921130403212615,0.9562720302361817,-39.86624325051754,14.160103702812414,-21.624856616509085,0.803151189749127,-0.14806517564881336,0.5770830704193701
680681.940894,254,0.9414579570293427,0.9241834598931679,0.3698931223032146,680681.9429189999-0 680681.938869-1,19.08909563873393,1.9538254705325873,20.37382113101232,19.98794025667484,14.198696884353255,-23.73766139994974,-0.019793550499409805,-0.2855629841751549,0.9581555183933388,-39.86624325051754,14.160103702812414,-21.624856616509085,0.803151189749127,-0.14806517564881336,0.5770830704193701
680681.9460195,254,0.9414579570293427,0.9179180461286048,0.37475594761553843,680681.9429189999-0 680681.94912-1,19.078668673799292,1.85839745444515,20.92072868530998,19.98794025667484,14.198696884353255,-23.73766139994974,-0.019793550499409805,-0.2855629841751549,0.9581555183933388,-39.86624325051754,14.160103702812414,-21.624856616509085,0.7994964384640274,-0.14749407525138866,0.582280810819894
680681.951215,255,0.9340843260288239,0.9137125719768797,0.3548020856895,680681.95331-0 680681.94912-1,18.50363084082302,2.316578233400847,20.60540607329579,19.98794025667484,14.198696884353255,-23.73766139994974,-0.03244175829758903,-0.2733638581087165,0.9613634762141103,-39.86624325051754,14.160103702812414,-21.624856616509085,0.7994964384640274,-0.14749407525138866,0.582280810819894
680681.9551045,255,0.9340843260288239,0.9072548898808221,0.3616787019652208,680681.95331-0 680681.956899-1,18.48502853677068,2.1771495972818107,21.166198287802615,19.98794025667484,14.198696884353255,-23.73766139994974,-0.03244175829758903,-0.2733638581087165,0.9613634762141103,-39.86624325051754,14.160103702812414,-21.624856616509085,0.7956056942788249,-0.14843814859022267,0.5873480188731514
680681.95878,255,1.0,0.9037795481915853,0.3424591030692382,680681.960661-0 680681.956899-1,18.133987457524995,2.633592317406457,21.015438452305617,19.98794025667484,14.198696884353255,-23.73766139994974,-0.04015641415160992,-0.2596454147827962,0.9648687584250794,-39.86624325051754,14.160103702812414,-21.624856616509085,0.7956056942788249,-0.14843814859022267,0.5873480188731514
680681.961834,255,1.0,0.8987249892778312,0.3475114070877465,680681.960661-0 680681.963007-1,18.116073163307412,2.536466252612745,21.454705403094252,19.98794025667484,14.198696884353255,-23.73766139994974,-0.04015641415160992,-0.2596454147827962,0.9648687584250794,-39.86624325051754,14.160103702812414,-21.624856616509085,0.792545151124707,-0.14887575512150353,0.5913613049276366
680681.966978,255,0.9169757962226868,0.8978278769585172,0.34686966801114383,680681.970949-0 680681.963007-1,17.911985983337196,2.5295368745176487,21.29017346151914,19.98794025667484,14.198696884353255,-23.73766139994974,-0.04467304085933713,-0.26124511978322834,0.96423820024402,-39.86624325051754,14.160103702812414,-21.624856616509085,0.792545151124707,-0.14887575512150353,0.5913613049276366
680681.9717715,255,0.9169757962226868,0.8918070503931703,0.35365243814196157,680681.970949-0 680681.9725939999-1,17.88776157745434,2.392524056909818,21.815230376412067,19.98794025667484,14.198696884353255,-23.73766139994974,-0.04467304085933713,-0.26124511978322834,0.96423820024402,-39.86624325051754,14.160103702812414,-21.624856616509085,0.7888258857336355,-0.150083652801434,0.5960105864481973
680681.975509,255,0.9648957550525665,0.8898739667442335,0.34637284090035414,680681.978424-0 680681.9725939999-1,17.62228001373163,2.551301506560142,21.643611466815024,19.98794025667484,14.198696884353255,-23.73766139994974,-0.05050302470093824,-0.25746190556456316,0.9649677775341104,-39.86624325051754,14.160103702812414,-21.624856616509085,0.7888258857336355,-0.150083652801434,0.5960105864481973
680681.9797455,256,0.9648957550525665,0.8881973750190548,0.34887360896294195,680681.978424-0 680681.981067-1,17.61431515410835,2.4980253414836993,21.79051118522524,19.98794025667484,14.198696884353255,-23.73766139994974,-0.05050302470093824,-0.25746190556456316,0.9649677775341104,-39.86624325051754,14.160103702812414,-21.624856616509085,0.7877488917597545,-0.1509298922992071,0.5972201027609738
680681.9844615,256,0.958573967218399,0.8866202451173816,0.3428555526076541,680681.987856-0 680681.981067-1,17.406957033075628,2.629027695364881,21.657315756870418,19.98794025667484,14.198696884353255,-23.73766139994974,-0.055073833509524536,-0.25424825788850897,0.9655696226700712,-39.86624325051754,14.160103702812414,-21.624856616509085,0.7877488917597545,-0.1509298922992071,0.5972201027609738
680681.9894369999,256,0.958573967218399,0.8825870295881447,0.3476840058348256,680681.987856-0 680681.991018-1,17.386890834447243,2.531527019980504,22.00719623427277,19.98794025667484,14.198696884353255,-23.73766139994974,-0.055073833509524536,-0.25424825788850897,0.9655696226700712,-39.86624325051754,14.160103702812414,-21.624856616509085,0.785220611118786,-0.15197933426764115,0.6002756648655722
680681.9926914999,256,1.0,0.8809227230524967,0.34120237654842644,680681.9943649999-0 680681.991018-1,17.179046653433016,2.674344122275956,21.874838116901685,19.98794025667484,14.198696884353255,-23.73766139994974,-0.05964881375433824,-0.2506301638905964,0.9662435200123585,-39.86624325051754,14.160103702812414,-21.624856616509085,0.785220611118786,-0.15197933426764115,0.6002756648655722
680681.9960419999,256,1.0,0.8743629715068378,0.3468382641199471,680681.9943649999-0 680681.997719-1,17.145015783771672,2.5719831430974676,22.44193300008297,19.98794025667484,14.198696884353255,-23.73766139994974,-0.05964881375433824,-0.2506301638905964,0.9662435200123585,-39.86624325051754,14.160103702812414,-21.624856616509085,0.7812003239703174,-0.15185732209203487,0.6055290311419486
680681.9991395,256,0.9950673878192902,0.8724431964554368,0.33777944088590317,680682.00056-0 680681.997719-1,16.948315810464855,2.7841972102105457,22.33345616921917,19.98794025667484,14.198696884353255,-23.73766139994974,-0.06394588020838578,-0.24454687005819858,0.9675266160417052,-39.86624325051754,14.160103702812414,-21.624856616509085,0.7812003239703174,-0.15185732209203487,0.6055290311419486
680682.003278,256,0.9950673878192902,0.8685892177811898,0.3401161481882302,680682.00056-0 680682.005996-1,16.92739390476471,2.7499184898084996,22.66709329279346,19.98794025667484,14.198696884353255,-23.73766139994974,-0.06394588020838578,-0.24454687005819858,0.9675266160417052,-39.86624325051754,14.160103702812414,-21.624856616509085,0.7788688261798061,-0.15096351376849906,0.6087473770916465
680682.0082275,257,0.973416268825531,0.8664652246354937,0.3330946276986787,680682.010459-0 680682.005996-1,16.659106720380954,2.8989199799885776,22.481387306098448,19.98794025667484,14.198696884353255,-23.73766139994974,-0.0698247895576804,-0.24110606434544435,0.967983659210772,-39.86624325051754,14.160103702812414,-21.624856616509085,0.7788688261798061,-0.15096351376849906,0.6087473770916465
680682.0126525001,257,0.973416268825531,0.8647152423356971,0.3401556920181058,680682.010459-0 680682.014846-1,16.644337353082776,2.731283448229549,22.643767973420196,19.98794025667484,14.198696884353255,-23.73766139994974,-0.0698247895576804,-0.24110606434544435,0.967983659210772,-39.86624325051754,14.160103702812414,-21.624856616509085,0.7774358544283456,-0.15554997574099833,0.6094240701648099
680682.0171630001,257,1.0,0.8619464212412253,0.3295732089471669,680682.01948-0 680682.014846-1,16.33210784844895,2.965177900397994,22.44015400768712,19.98794025667484,14.198696884353255,-23.73766139994974,-0.07669310261602937,-0.2349959384945766,0.968965983356578,-39.86624325051754,14.160103702812414,-21.624856616509085,0.7774358544283456,-0.15554997574099833,0.6094240701648099
680682.0209795,257,1.0,0.8558411176645404,0.33552998829796987,680682.01948-0 680682.022479-1,16.290860798062546,2.8565013158024986,22.967545541247958,19.98794025667484,14.198696884353255,-23.73766139994974,-0.07669310261602937,-0.2349959384945766,0.968965983356578,-39.86624325051754,14.160103702812414,-21.624856616509085,0.7735764507994826,-0.15600659893827673,0.6141998175318738
680682.024935,257,0.9707345366477966,0.8531089883849899,0.32825609353930885,680682.027391-0 680682.022479-1,15.944386506394334,2.9992199214755217,22.709550128800558,19.98794025667484,14.198696884353255,-23.73766139994974,-0.08431963501844036,-0.2322631441721643,0.9689912440314501,-39.86624325051754,14.160103702812414,-21.624856616509085,0.7735764507994826,-0.15600659893827673,0.6141998175318738
680682.0278884999,257,0.9707345366477966,0.8481884040752676,0.33803563864338193,680682.027391-0 680682.028386-1,15.903705372013832,2.785600094624404,23.141973756166024,19.98794025667484,14.198696884353255,-23.73766139994974,-0.08431963501844036,-0.2322631441721643,0.9689912440314501,-39.86624325051754,14.160103702812414,-21.624856616509085,0.7701257943047104,-0.1605143689496793,0.6173665024175066
680682.0310025,257,0.9455544650554657,0.8466394004360807,0.3328163056813169,680682.033619-0 680682.028386-1,15.731449542597863,2.8988823329935958,23.02169263718784,19.98794025667484,14.198696884353255,-23.73766139994974,-0.08810166176388508,-0.22946123265695095,0.9693222580246439,-39.86624325051754,14.160103702812414,-21.624856616509085,0.7701257943047104,-0.1605143689496793,0.6173665024175066
680682.0361635,257,0.9455544650554657,0.8432929896807199,0.33969347868981314,680682.033619-0 680682.038708-1,15.702276568170005,2.746948834244815,23.316393638850904,19.98794025667484,14.198696884353255,-23.73766139994974,-0.08810166176388508,-0.22946123265695095,0.9693222580246439,-39.86624325051754,14.160103702812414,-21.624856616509085,0.7677448270785372,-0.16378157906211505,0.6194703179766299
680682.03999,257,0.9231992065906525,0.8410818976988319,0.3306503751195137,680682.041272-0 680682.038708-1,15.485210130706292,2.95383042759763,23.17721525115096,19.98794025667484,14.198696884353255,-23.73766139994974,-0.09286041117538295,-0.22373435551660845,0.9702164099817663,-39.86624325051754,14.160103702812414,-21.624856616509085,0.7677448270785372,-0.16378157906211505,0.6194703179766299
680682.043097,258,0.9231992065906525,0.8384956431105083,0.3391143430463567,680682.041272-0 680682.044922-1,15.458600155481694,2.7567482081219348,23.409278318707678,19.98794025667484,14.198696884353255,-23.73766139994974,-0.09286041117538295,-0.22373435551660845,0.9702164099817663,-39.86624325051754,14.160103702812414,-21.624856616509085,0.7656858143769448,-0.1689089842050851,0.6206407887955165
680682.047609,258,0.9870149791240692,0.836126759668851,0.33394395659224707,680682.050296-0 680682.044922-1,15.17019658782426,2.8534044791874296,23.182646444016285,19.98794025667484,14.198696884353255,-23.73766139994974,-0.09921094602555443,-0.22226024335389835,0.9699265809394959,-39.86624325051754,14.160103702812414,-21.624856616509085,0.7656858143769448,-0.1689089842050851,0.6206407887955165
680682.0527105,258,0.9870149791240692,0.8339193320162076,0.3334836814840134,680682.050296-0 680682.055125-1,15.153558726719652,2.8804096338579575,23.36728754475508,19.98794025667484,14.198696884353255,-23.73766139994974,-0.09921094602555443,-0.22226024335389835,0.9699265809394959,-39.86624325051754,14.160103702812414,-21.624856616509085,0.7644322866020313,-0.1669348345951812,0.6227166612505797
680682.055932,258,1.0,0.8307587209986578,0.31847187731732396,680682.056739-0 680682.055125-1,14.888282654679138,3.2309415770068206,23.213118009922717,19.98794025667484,14.198696884353255,-23.73766139994974,-0.10506208571741571,-0.21186047188186227,0.9716362995476759,-39.86624325051754,14.160103702812414,-21.624856616509085,0.7644322866020313,-0.1669348345951812,0.6227166612505797
680682.058909,258,1.0,0.8299703442496075,0.31363486456996414,680682.056739-0 680682.061079-1,14.8867427326161,3.359090392603015,23.270305690622706,19.98794025667484,14.198696884353255,-23.73766139994974,-0.10506208571741571,-0.21186047188186227,0.9716362995476759,-39.86624325051754,14.160103702812414,-21.624856616509085,0.7642996118519635,-0.16236149489342364,0.624087212093719
680682.0627145,258,0.9899542033672333,0.8234865506384587,0.281166540222903,680682.06435-0 680682.061079-1,14.395840766883472,4.112534264380299,22.994350760070773,19.98794025667484,14.198696884353255,-23.73766139994974,-0.1160056188901745,-0.1886847118836822,0.9751619229067957,-39.86624325051754,14.160103702812414,-21.624856616509085,0.7642996118519635,-0.16236149489342364,0.624087212093719
680682.0654335,258,0.9899542033672333,0.8229172731842086,0.2612579749211916,680682.06435-0 680682.066517-1,14.413189042372942,4.616686999266127,22.9885510902211,19.98794025667484,14.198696884353255,-23.73766139994974,-0.1160056188901745,-0.1886847118836822,0.9751619229067957,-39.86624325051754,14.160103702812414,-21.624856616509085,0.7653918043515261,-0.14541557740216096,0.6269208049509214
680682.0704409999,258,0.9150345325469971,0.8168907752861294,0.22440760645773328,680682.074365-0 680682.066517-1,14.092362432798522,5.505520122056428,22.862790820769952,19.98794025667484,14.198696884353255,-23.73766139994974,-0.12324928165204128,-0.1593028336434503,0.9795061111424589,-39.86624325051754,14.160103702812414,-21.624856616509085,0.7653918043515261,-0.14541557740216096,0.6269208049509214
680682.0758529999,259,0.9150345325469971,0.8165157097040687,0.19724821411632631,680682.074365-0 680682.077341-1,14.122460683575726,6.19450896813343,22.785376444529938,19.98794025667484,14.198696884353255,-23.73766139994974,-0.12324928165204128,-0.1593028336434503,0.9795061111424589,-39.86624325051754,14.160103702812414,-21.624856616509085,0.7672428083803269,-0.12216064682214317,0.629615159725895
680682.079176,259,0.9148529767990112,0.8104567925982072,0.16861614492719446,680682.081011-0 680682.077341-1,13.738372168692882,6.84279351789454,22.553362787338052,19.98794025667484,14.198696884353255,-23.73766139994974,-0.13205610210192353,-0.13811957009669767,0.9815722949706505,-39.86624325051754,14.160103702812414,-21.624856616509085,0.7672428083803269,-0.12216064682214317,0.629615159725895
680682.082529,259,0.9148529767990112,0.8098581331229353,0.14770646245242092,680682.081011-0 680682.084047-1,13.760601516629743,7.380719995094766,22.494343574998403,19.98794025667484,14.198696884353255,-23.73766139994974,-0.13205610210192353,-0.13811957009669767,0.9815722949706505,-39.86624325051754,14.160103702812414,-21.624856616509085,0.7685414543947634,-0.10365513211610568,0.631347484720399
680682.086192,259,1.0,0.8066749649872573,0.1368071098043897,680682.088337-0 680682.084047-1,13.517417732274305,7.590039991328357,22.317605414880973,19.98794025667484,14.198696884353255,-23.73766139994974,-0.13769857448576212,-0.13161551036991231,0.9816906131845493,-39.86624325051754,14.160103702812414,-21.624856616509085,0.7685414543947634,-0.10365513211610568,0.631347484720399
680682.0897339999,259,1.0,0.7998785998714405,0.1398519373887971,680682.088337-0 680682.091131-1,13.441747397348799,7.640117916108554,22.87976277214411,19.98794025667484,14.198696884353255,-23.73766139994974,-0.13769857448576212,-0.13161551036991231,0.9816906131845493,-39.86624325051754,14.160103702812414,-21.624856616509085,0.7642404992251184,-0.09984732516159227,0.6371553743022317
680682.0938545,259,0.9250456392765045,0.7977094191590123,0.13157804796984562,680682.096578-0 680682.091131-1,13.292017127636038,7.8133560789718475,22.774100848220726,19.98794025667484,14.198696884353255,-23.73766139994974,-0.14115371760613937,-0.12604340646494722,0.9819311012961542,-39.86624325051754,14.160103702812414,-21.624856616509085,0.7642404992251184,-0.09984732516159227,0.6371553743022317
680682.097603,259,0.9250456392765045,0.7943125773509541,0.13530885164395867,680682.096578-0 680682.098628-1,13.24958302311861,7.7838343466722755,23.07081785836654,19.98794025667484,14.198696884353255,-23.73766139994974,-0.14115371760613937,-0.12604340646494722,0.9819311012961542,-39.86624325051754,14.160103702812414,-21.624856616509085,0.7618786499698222,-0.09983104848307385,0.6399802219435622
680682.1020245,259,1.0,0.7924065687199443,0.12998476426061878,680682.105421-0 680682.098628-1,13.093550715876814,7.873190319409379,22.948009201803977,19.98794025667484,14.198696884353255,-23.73766139994974,-0.14475189546410114,-0.12346066962814674,0.9817353776932557,-39.86624325051754,14.160103702812414,-21.624856616509085,0.7618786499698222,-0.09983104848307385,0.6399802219435622
680682.1065955,260,1.0,0.7883963148277721,0.13354010918538806,680682.105421-0 680682.10777-1,13.043133253190497,7.861069292952694,23.295429017181952,19.98794025667484,14.198696884353255,-23.73766139994974,-0.14475189546410114,-0.12346066962814674,0.9817353776932557,-39.86624325051754,14.160103702812414,-21.624856616509085,0.7591287022153704,-0.09904939098494411,0.6433605766740136
680682.1099775,260,0.9641565680503845,0.7875623323374598,0.13409832021850687,680682.112185-0 680682.10777-1,12.93883158119301,7.806527223834236,23.19880966761879,19.98794025667484,14.198696884353255,-23.73766139994974,-0.14715287844267563,-0.12576212341063148,0.9810860913708258,-39.86624325051754,14.160103702812414,-21.624856616509085,0.7591287022153704,-0.09904939098494411,0.6433605766740136
680682.1144765,260,0.9641565680503845,0.7819029722170201,0.1411216276363072,680682.112185-0 680682.116768-1,12.862907314205865,7.736567704150859,23.704156352138682,19.98794025667484,14.198696884353255,-23.73766139994974,-0.14715287844267563,-0.12576212341063148,0.9810860913708258,-39.86624325051754,14.160103702812414,-21.624856616509085,0.7550431284064582,-0.09971349431371074,0.6480486812716607
680682.1193565,260,0.9745685756206512,0.7807274849383379,0.14286847933959967,680682.121945-0 680682.116768-1,12.708568190589812,7.631460459933674,23.556051800927747,19.98794025667484,14.198696884353255,-23.73766139994974,-0.15068592999728578,-0.13001694624060753,0.9799945633477362,-39.86624325051754,14.160103702812414,-21.624856616509085,0.7550431284064582,-0.09971349431371074,0.6480486812716607
680682.1226260001,260,0.9745685756206512,0.777118762112147,0.14723504766182627,680682.121945-0 680682.123307-1,12.658940914372502,7.588608718539453,23.878815060446605,19.98794025667484,14.198696884353255,-23.73766139994974,-0.15068592999728578,-0.13001694624060753,0.9799945633477362,-39.86624325051754,14.160103702812414,-21.624856616509085,0.7524229521030465,-0.10005060337496714,0.6510373091558129
680682.125809,260,0.9129694402217865,0.7745697400009316,0.1404737770617419,680682.128311-0 680682.123307-1,12.455227621287579,7.703812944755871,23.713570060154304,19.98794025667484,14.198696884353255,-23.73766139994974,-0.1553355729699528,-0.12675972348256426,0.979695275212002,-39.86624325051754,14.160103702812414,-21.624856616509085,0.7524229521030465,-0.10005060337496714,0.6510373091558129
680682.129014,260,0.9129694402217865,0.7703102436819846,0.1480020571624664,680682.128311-0 680682.129717-1,12.391138295379442,7.592096044008224,24.10738527635914,19.98794025667484,14.198696884353255,-23.73766139994974,-0.1553355729699528,-0.12675972348256426,0.979695275212002,-39.86624325051754,14.160103702812414,-21.624856616509085,0.7491207307729908,-0.10251790012741901,0.6544526039978791
680682.134455,260,1.0,0.7677387773642509,0.1438894802587959,680682.139193-0 680682.129717-1,12.16060405427536,7.624073952066633,23.906005649855643,19.98794025667484,14.198696884353255,-23.73766139994974,-0.16059193946524777,-0.12651740852684865,0.9788787332036797,-39.86624325051754,14.160103702812414,-21.624856616509085,0.7491207307729908,-0.10251790012741901,0.6544526039978791
680682.139644,261,1.0,0.7642335492114273,0.15095785744587742,680682.139193-0 680682.140095-1,12.104820482542692,7.509108038979434,24.233443708745803,19.98794025667484,14.198696884353255,-23.73766139994974,-0.16059193946524777,-0.12651740852684865,0.9788787332036797,-39.86624325051754,14.160103702812414,-21.624856616509085,0.746319995622097,-0.10531181542075564,0.6572030779503527
680682.1429935,261,1.0,0.7626728585497766,0.14872665802335883,680682.145892-0 680682.140095-1,11.965171474880758,7.521755715157376,24.109581095521563,19.98794025667484,14.198696884353255,-23.73766139994974,-0.16377218540748092,-0.12661312568935393,0.9783393009023145,-39.86624325051754,14.160103702812414,-21.624856616509085,0.746319995622097,-0.10531181542075564,0.6572030779503527
680682.1464569999,261,1.0,0.7590713551909191,0.15135968924429144,680682.145892-0 680682.1470219999-1,11.913352114754494,7.524388834071653,24.426765302357552,19.98794025667484,14.198696884353255,-23.73766139994974,-0.16377218540748092,-0.12661312568935393,0.9783393009023145,-39.86624325051754,14.160103702812414,-21.624856616509085,0.7437584404113714,-0.1041087769894876,0.660291409054061
680682.150236,261,1.0,0.7576813938402746,0.14985599192309285,680682.15345-0 680682.1470219999-1,11.786267342190685,7.521377740428032,24.311360896891358,19.98794025667484,14.198696884353255,-23.73766139994974,-0.1666606950116425,-0.12720374634616513,0.977774728479795,-39.86624325051754,14.160103702812414,-21.624856616509085,0.7437584404113714,-0.1041087769894876,0.660291409054061
680682.1538374999,261,1.0,0.7558604731052814,0.15316672220653704,680682.15345-0 680682.154225-1,11.756576791996757,7.470845454404548,24.480636532456593,19.98794025667484,14.198696884353255,-23.73766139994974,-0.1666606950116425,-0.12720374634616513,0.977774728479795,-39.86624325051754,14.160103702812414,-21.624856616509085,0.7423104631545043,-0.10524038727414188,0.6617398561200117
680682.1578205,261,0.9968183040618896,0.754660547093175,0.1511677100244907,680682.161416-0 680682.154225-1,11.654959246650337,7.490878759920138,24.39072602030749,19.98794025667484,14.198696884353255,-23.73766139994974,-0.16896952471135113,-0.12690142763464338,0.9774176831749614,-39.86624325051754,14.160103702812414,-21.624856616509085,0.7423104631545043,-0.10524038727414188,0.6617398561200117
680682.161686,261,0.9968183040618896,0.7502868016550281,0.15304490727390707,680682.161416-0 680682.161956-1,11.591257369477638,7.529457103413854,24.77436059240054,19.98794025667484,14.198696884353255,-23.73766139994974,-0.16896952471135113,-0.12690142763464338,0.9774176831749614,-39.86624325051754,14.160103702812414,-21.624856616509085,0.7392373426388433,-0.10259050435379226,0.6655849605157073
680682.1659530001,261,1.0,0.7486423067834627,0.15232495596594442,680682.16995-0 680682.161956-1,11.43562419645392,7.494688836543675,24.627172163011558,19.98794025667484,14.198696884353255,-23.73766139994974,-0.1724963164012407,-0.12869753042969115,0.9765664168346675,-39.86624325051754,14.160103702812414,-21.624856616509085,0.7392373426388433,-0.10259050435379226,0.6655849605157073
680682.170088,261,1.0,0.7448756986764667,0.1594815007356961,680682.16995-0 680682.170226-1,11.370949604466565,7.381400843999149,24.982026386134912,19.98794025667484,14.198696884353255,-23.73766139994974,-0.1724963164012407,-0.12869753042969115,0.9765664168346675,-39.86624325051754,14.160103702812414,-21.624856616509085,0.73616760869444,-0.1051986248699422,0.6685734822998762
680682.1733735,262,0.9876014590263367,0.7433490158433752,0.15843671028706263,680682.176521-0 680682.170226-1,11.23260232813954,7.362901990925396,24.851529886391198,19.98794025667484,14.198696884353255,-23.73766139994974,-0.1756230794092547,-0.12987477557961946,0.9758529995070744,-39.86624325051754,14.160103702812414,-21.624856616509085,0.73616760869444,-0.1051986248699422,0.6685734822998762
680682.1765449999,262,0.9876014590263367,0.7390557990822193,0.16540706206192068,680682.176521-0 680682.176569-1,11.158873706469002,7.263897716901365,25.253386719987027,19.98794025667484,14.198696884353255,-23.73766139994974,-0.1756230794092547,-0.12987477557961946,0.9758529995070744,-39.86624325051754,14.160103702812414,-21.624856616509085,0.732716990804803,-0.10713021241077715,0.6720483085126963
680682.1811474999,262,0.9956700503826141,0.7381871758633632,0.16704982596619167,680682.185726-0 680682.176569-1,11.063142639465877,7.185256542278931,25.153650936064984,19.98794025667484,14.198696884353255,-23.73766139994974,-0.17778009970686603,-0.1329504414109709,0.9750479046061504,-39.86624325051754,14.160103702812414,-21.624856616509085,0.732716990804803,-0.10713021241077715,0.6720483085126963
680682.185814,262,0.9956700503826141,0.7354386886484402,0.17095782972558016,680682.185726-0 680682.1859019999-1,11.015885666450664,7.13557532420535,25.41029657961338,19.98794025667484,14.198696884353255,-23.73766139994974,-0.17778009970686603,-0.1329504414109709,0.9750479046061504,-39.86624325051754,14.160103702812414,-21.624856616509085,0.7305267862594106,-0.10788620348228213,0.6743079279199355
680682.1890974999,262,0.9836215674877167,0.7322818959327902,0.16602466017047735,680682.192293-0 680682.1859019999-1,10.761542606446298,7.189141205612831,25.177583445737206,19.98794025667484,14.198696884353255,-23.73766139994974,-0.18350350150331876,-0.13214225417440617,0.9740969610863839,-39.86624325051754,14.160103702812414,-21.624856616509085,0.7305267862594106,-0.10788620348228213,0.6743079279199355
680682.1922935,262,0.9836215674877167,0.7324912027840964,0.1648170171083554,680682.192293-0 680682.192294-1,10.766576926519633,7.216946032545011,25.155134768421163,19.98794025667484,14.198696884353255,-23.73766139994974,-0.18350350150331876,-0.13214225417440617,0.9740969610863839,-39.86624325051754,14.160103702812414,-21.624856616509085,0.730754714947382,-0.10702697694234663,0.6741978736163092
680682.1971384999,262,0.932178407907486,0.7311261875730631,0.1620057643523114,680682.201983-0 680682.192294-1,10.66371911627822,7.260599236062313,25.063923944911643,19.98794025667484,14.198696884353255,-23.73766139994974,-0.18582879330838709,-0.13105453660199315,0.9738030437483678,-39.86624325051754,14.160103702812414,-21.624856616509085,0.730754714947382,-0.10702697694234663,0.6741978736163092
680682.2019825,262,0.932178407907486,0.7281943773757479,0.16840014115124857,680682.201983-0 680682.201982-1,10.608110238750315,7.149902812013353,25.342669525547166,19.98794025667484,14.198696884353255,-23.73766139994974,-0.18582879330838709,-0.13105453660199315,0.9738030437483678,-39.86624325051754,14.160103702812414,-21.624856616509085,0.7282597542747857,-0.1097724339489321,0.6764523213416863
680682.2059800001,263,0.932178407907486,0.7267676071968948,0.1711225173181823,680682.201983-0 680682.209977-1,10.581418517407048,7.1058859413930655,25.478026491128148,19.98794025667484,14.198696884353255,-23.73766139994974,-0.18582879330838709,-0.13105453660199315,0.9738030437483678,-39.86624325051754,14.160103702812414,-21.624856616509085,0.7270628516634439,-0.11076948654351376,0.6775763651293536
680682.210113,263,0.9728854894638062,0.7246117845348896,0.1688016174079473,680682.210249-0 680682.209977-1,10.405454953786442,7.112311874304343,25.31139604513546,19.98794025667484,14.198696884353255,-23.73766139994974,-0.18979430541197007,-0.1315508502040685,0.972970963309684,-39.86624325051754,14.160103702812414,-21.624856616509085,0.7270628516634439,-0.11076948654351376,0.6775763651293536
680682.2138155,263,0.9728854894638062,0.7223879301580114,0.1718132559006762,680682.210249-0 680682.217382-1,10.364921254163693,7.076617456792186,25.51784215705498,19.98794025667484,14.198696884353255,-23.73766139994974,-0.18979430541197007,-0.1315508502040685,0.972970963309684,-39.86624325051754,14.160103702812414,-21.624856616509085,0.725273524912265,-0.11122940034667612,0.6794161718415721
680682.217081,263,0.9881622791290283,0.7202050395351306,0.17097947541599567,680682.21678-0 680682.217382-1,10.179428109080192,7.038388389072994,25.335384040573892,19.98794025667484,14.198696884353255,-23.73766139994974,-0.19398027382882443,-0.13361935294190347,0.9718629131131,-39.86624325051754,14.160103702812414,-21.624856616509085,0.725273524912265,-0.11122940034667612,0.6794161718415721
680682.2208435,263,0.9921935498714447,0.7186703278976172,0.17000249964501846,680682.224305-0 680682.217382-1,10.053637435723562,7.023695156114424,25.213047905698865,19.98794025667484,14.198696884353255,-23.73766139994974,-0.196829606486154,-0.1346426919765024,0.9711485218584367,-39.86624325051754,14.160103702812414,-21.624856616509085,0.725273524912265,-0.11122940034667612,0.6794161718415721
680682.224298,263,0.9921935498714447,0.7154426678161385,0.1750819763614797,680682.224305-0 680682.2242909999-1,9.99200320065281,6.95326705348173,25.512065651414773,19.98794025667484,14.198696884353255,-23.73766139994974,-0.196829606486154,-0.1346426919765024,0.9711485218584367,-39.86624325051754,14.160103702812414,-21.624856616509085,0.7226231828498855,-0.1125115347597488,0.682024112589802
680682.2288230001,263,0.9921935498714447,0.7118571590744305,0.18118058637219747,680682.224305-0 680682.233341-1,9.92190955303591,6.861630533281217,25.84997138802104,19.98794025667484,14.198696884353255,-23.73766139994974,-0.196829606486154,-0.1346426919765024,0.9711485218584367,-39.86624325051754,14.160103702812414,-21.624856616509085,0.7196116775199454,-0.11434919375388297,0.6848965582223107
680682.23485,263,0.9482032656669617,0.7109939294983575,0.18012600372618237,680682.236359-0 680682.233341-1,9.8553303409359,6.869809002425157,25.786276633583036,19.98794025667484,14.198696884353255,-23.73766139994974,-0.19832503426263848,-0.13464534175361612,0.970843866298168,-39.86624325051754,14.160103702812414,-21.624856616509085,0.7196116775199454,-0.11434919375388297,0.6848965582223107
680682.2383315,264,0.9482032656669617,0.7077991988001618,0.18736461546074024,680682.236359-0 680682.240304-1,9.789108390745628,6.738780192455792,26.0945469445003,19.98794025667484,14.198696884353255,-23.73766139994974,-0.19832503426263848,-0.13464534175361612,0.970843866298168,-39.86624325051754,14.160103702812414,-21.624856616509085,0.7167833015851585,-0.1175902227829306,0.6873094194571615
680682.2423604999,264,0.9570276141166687,0.7044163274126578,0.18357375935330422,680682.244417-0 680682.240304-1,9.530262555649493,6.7632823613119335,25.843921535660776,19.98794025667484,14.198696884353255,-23.73766139994974,-0.20413250637810887,-0.13492328674261653,0.9696007562571107,-39.86624325051754,14.160103702812414,-21.624856616509085,0.7167833015851585,-0.1175902227829306,0.6873094194571615
680682.246364,264,0.9570276141166687,0.7029536370633291,0.18792901042721533,680682.244417-0 680682.248311-1,9.497681405913617,6.675708527265309,25.986274376304067,19.98794025667484,14.198696884353255,-23.73766139994974,-0.20413250637810887,-0.13492328674261653,0.9696007562571107,-39.86624325051754,14.160103702812414,-21.624856616509085,0.7154190069643284,-0.11998514245082931,0.6883162137166525
680682.2508795,264,0.9572986662387848,0.7003037735688028,0.18466849723136325,680682.253448-0 680682.248311-1,9.300986547568332,6.704647588725179,25.796447272881757,19.98794025667484,14.198696884353255,-23.73766139994974,-0.20855924155214467,-0.134792275075069,0.9686764606117364,-39.86624325051754,14.160103702812414,-21.624856616509085,0.7154190069643284,-0.11998514245082931,0.6883162137166525
680682.2555885,264,0.9572986662387848,0.6992279932254387,0.18408061419636923,680682.253448-0 680682.257729-1,9.282266731855728,6.741335987073393,25.89257866792864,19.98794025667484,14.198696884353255,-23.73766139994974,-0.20855924155214467,-0.134792275075069,0.9686764606117364,-39.86624325051754,14.160103702812414,-21.624856616509085,0.7146495152134767,-0.11840127645502649,0.689389010747171
680682.2589934999,264,0.9303471148014069,0.6970822689326438,0.18134835853049414,680682.260258-0 680682.257729-1,9.126105329221364,6.767469007918867,25.741938104742545,19.98794025667484,14.198696884353255,-23.73766139994974,-0.2120838388790993,-0.13457535807234844,0.9679410717011668,-39.86624325051754,14.160103702812414,-21.624856616509085,0.7146495152134767,-0.11840127645502649,0.689389010747171
680682.2630459999,264,0.9303471148014069,0.6927730346760673,0.18660704516338045,680682.260258-0 680682.265834-1,9.037967892005675,6.712809463097154,26.144486400826537,19.98794025667484,14.198696884353255,-23.73766139994974,-0.2120838388790993,-0.13457535807234844,0.9679410717011668,-39.86624325051754,14.160103702812414,-21.624856616509085,0.7110623755905968,-0.11873844477911719,0.6930306484931914
680682.2681875,264,0.9829849600791931,0.6891051217011738,0.18300992867010124,680682.270541-0 680682.265834-1,8.770492582483715,6.7282688534245585,25.879866089363944,19.98794025667484,14.198696884353255,-23.73766139994974,-0.2181143760770188,-0.1352093532753117,0.966511536266073,-39.86624325051754,14.160103702812414,-21.624856616509085,0.7110623755905968,-0.11873844477911719,0.6930306484931914
680682.27241,265,0.9829849600791931,0.6858928015639018,0.18775559100979777,680682.270541-0 680682.274279-1,8.701469037839871,6.665870962319119,26.182118971925668,19.98794025667484,14.198696884353255,-23.73766139994974,-0.2181143760770188,-0.1352093532753117,0.966511536266073,-39.86624325051754,14.160103702812414,-21.624856616509085,0.7083074848020404,-0.11970031422978462,0.6956812069811129
680682.275809,265,0.9558686912059784,0.6835373315715896,0.18537416601355572,680682.277339-0 680682.274279-1,8.533529596206261,6.679247417173608,26.015138836462675,19.98794025667484,14.198696884353255,-23.73766139994974,-0.22190260062962233,-0.1354894723179721,0.965609568472065,-39.86624325051754,14.160103702812414,-21.624856616509085,0.7083074848020404,-0.11970031422978462,0.6956812069811129
680682.2790265,265,0.9558686912059784,0.6819524504105376,0.18626682079080703,680682.277339-0 680682.280714-1,8.500920777285806,6.687197339599336,26.162216731727362,19.98794025667484,14.198696884353255,-23.73766139994974,-0.22190260062962233,-0.1354894723179721,0.965609568472065,-39.86624325051754,14.160103702812414,-21.624856616509085,0.7070227356006127,-0.11888963340881561,0.697125603038465
680682.2829720001,265,0.9881597459316254,0.6802555327042672,0.18263906888903392,680682.28523-0 680682.280714-1,8.390628836643797,6.753045525357287,26.05972798690732,19.98794025667484,14.198696884353255,-23.73766139994974,-0.22439198976137148,-0.13373450005697415,0.9652788811661859,-39.86624325051754,14.160103702812414,-21.624856616509085,0.7070227356006127,-0.11888963340881561,0.697125603038465
680682.2867845,265,0.9881597459316254,0.6793693413857818,0.18261333707069383,680682.28523-0 680682.288339-1,8.372921363585034,6.771763327388804,26.141277138836536,19.98794025667484,14.198696884353255,-23.73766139994974,-0.22439198976137148,-0.13373450005697415,0.9652788811661859,-39.86624325051754,14.160103702812414,-21.624856616509085,0.7063309051387441,-0.11796545649686681,0.6979833834120752
680682.290958,265,0.9519266486167908,0.6778872925388705,0.18162369471528161,680682.293577-0 680682.288339-1,8.267185990646247,6.765426903340899,26.03359438136775,19.98794025667484,14.198696884353255,-23.73766139994974,-0.22678346072238206,-0.13440741851592966,0.9646263047370539,-39.86624325051754,14.160103702812414,-21.624856616509085,0.7063309051387441,-0.11796545649686681,0.6979833834120752
680682.295871,265,0.9519266486167908,0.6758749856713052,0.18319553071182815,680682.293577-0 680682.298165-1,8.224040839963118,6.764668687191197,26.221644788452757,19.98794025667484,14.198696884353255,-23.73766139994974,-0.22678346072238206,-0.13440741851592966,0.9646263047370539,-39.86624325051754,14.160103702812414,-21.624856616509085,0.7046557433991222,-0.11730134500021418,0.6997861657361992
680682.2994035,265,0.9544154107570648,0.6726590157583014,0.17977693063134204,680682.3006419999-0 680682.298165-1,8.003851134156939,6.788931316526428,26.001292140798355,19.98794025667484,14.198696884353255,-23.73766139994974,-0.23176799844687665,-0.13453734359493852,0.9634226995843237,-39.86624325051754,14.160103702812414,-21.624856616509085,0.7046557433991222,-0.11730134500021418,0.6997861657361992
680682.303245,266,0.9544154107570648,0.6712598502839595,0.18207845709412185,680682.3006419999-0 680682.305848-1,7.971492363117323,6.756561853870642,26.133355975322814,19.98794025667484,14.198696884353255,-23.73766139994974,-0.23176799844687665,-0.13453734359493852,0.9634226995843237,-39.86624325051754,14.160103702812414,-21.624856616509085,0.7034164510444951,-0.11789918192652706,0.7009315796146034
680682.307031,266,0.9408315122127533,0.6684700702845083,0.17837892022504398,680682.308214-0 680682.305848-1,7.787209053835165,6.799511809205406,25.95129950107208,19.98794025667484,14.198696884353255,-23.73766139994974,-0.23595049518194344,-0.13387699988110469,0.9624989936234897,-39.86624325051754,14.160103702812414,-21.624856616509085,0.7034164510444951,-0.11789918192652706,0.7009315796146034
680682.310242,266,0.9408315122127533,0.6672189102489494,0.18080733128233295,680682.308214-0 680682.31227-1,7.75729269127903,6.761040280325053,26.069449984335222,19.98794025667484,14.198696884353255,-23.73766139994974,-0.23595049518194344,-0.13387699988110469,0.9624989936234897,-39.86624325051754,14.160103702812414,-21.624856616509085,0.7022837438418483,-0.11875348073807171,0.701922470040723
680682.3143374999,266,0.9158720076084137,0.6651202016540456,0.17885981316948008,680682.3164049999-0 680682.31227-1,7.617132982507215,6.769538316120373,25.92731667711361,19.98794025667484,14.198696884353255,-23.73766139994974,-0.23913835660233282,-0.13419911202968368,0.9616670134365533,-39.86624325051754,14.160103702812414,-21.624856616509085,0.7022837438418483,-0.11875348073807171,0.701922470040723
680682.31923,266,0.9158720076084137,0.665181101039226,0.1806285296581437,680682.3164049999-0 680682.322055-1,7.61586640986794,6.721545542178902,25.92376711556404,19.98794025667484,14.198696884353255,-23.73766139994974,-0.23913835660233282,-0.13419911202968368,0.9616670134365533,-39.86624325051754,14.160103702812414,-21.624856616509085,0.7022343408773314,-0.12037518564180875,0.7016956214586778
680682.323179,266,0.9697981476783752,0.6628653780348384,0.17801475923920485,680682.324303-0 680682.322055-1,7.465298006527647,6.744584346679969,25.772914774194525,19.98794025667484,14.198696884353255,-23.73766139994974,-0.2425739092709554,-0.13407412339470118,0.9608236195977641,-39.86624325051754,14.160103702812414,-21.624856616509085,0.7022343408773314,-0.12037518564180875,0.7016956214586778
680682.327055,266,0.9697981476783752,0.6595497868102036,0.17796770567305198,680682.324303-0 680682.329807-1,7.393502685928421,6.815134761089523,26.07726793243635,19.98794025667484,14.198696884353255,-23.73766139994974,-0.2425739092709554,-0.13407412339470118,0.9608236195977641,-39.86624325051754,14.160103702812414,-21.624856616509085,0.6995705307409901,-0.1168894136179259,0.7049382508438783
680682.3314155,266,0.9538716673851013,0.6582601829773386,0.17708744895417194,680682.3330239999-0 680682.329807-1,7.3080960874049685,6.811600887000619,25.9888100563453,19.98794025667484,14.198696884353255,-23.73766139994974,-0.24452011074325522,-0.1345660249562227,0.9602613708619061,-39.86624325051754,14.160103702812414,-21.624856616509085,0.6995705307409901,-0.1168894136179259,0.7049382508438783
680682.3359395,267,0.9538716673851013,0.6552881450207234,0.18209205067814982,680682.3330239999-0 680682.338855-1,7.235101661208788,6.741412972515432,26.270125633594247,19.98794025667484,14.198696884353255,-23.73766139994974,-0.24452011074325522,-0.1345660249562227,0.9602613708619061,-39.86624325051754,14.160103702812414,-21.624856616509085,0.6968728498940386,-0.1182083549833553,0.7073860444571194
680682.3398055,267,0.9765774607658386,0.6540528398815644,0.1829573848286492,680682.340756-0 680682.338855-1,7.147425744247,6.689463701337472,26.172065190294177,19.98794025667484,14.198696884353255,-23.73766139994974,-0.24651501725234098,-0.13671728956050008,0.9594470954692126,-39.86624325051754,14.160103702812414,-21.624856616509085,0.6968728498940386,-0.1182083549833553,0.7073860444571194
680682.3430185,267,0.9765774607658386,0.652315204276259,0.18517109548915933,680682.340756-0 680682.345281-1,7.1051486756685325,6.667001258804012,26.336797871097666,19.98794025667484,14.198696884353255,-23.73766139994974,-0.24651501725234098,-0.13671728956050008,0.9594470954692126,-39.86624325051754,14.160103702812414,-21.624856616509085,0.6953199092284358,-0.1183501262101649,0.7088888992335807
680682.346778,267,0.9030871093273163,0.6505705590446842,0.18405924664798,680682.348275-0 680682.345281-1,6.991251450574054,6.661537348886271,26.217256082198908,19.98794025667484,14.198696884353255,-23.73766139994974,-0.24910463059004748,-0.13740912795946195,0.9586790988500876,-39.86624325051754,14.160103702812414,-21.624856616509085,0.6953199092284358,-0.1183501262101649,0.7088888992335807
680682.350454,267,0.9030871093273163,0.6508509733073214,0.18410121634083276,680682.348275-0 680682.352633-1,6.997575561838518,6.654543150692985,26.191032259201855,19.98794025667484,14.198696884353255,-23.73766139994974,-0.24910463059004748,-0.13740912795946195,0.9586790988500876,-39.86624325051754,14.160103702812414,-21.624856616509085,0.6955503992564804,-0.11868104045482145,0.7086074038074337
680682.354922,267,0.962674468755722,0.6495985696143994,0.18380882029859202,680682.3572109999-0 680682.352633-1,6.9147563258649445,6.636242227133159,26.10216604355776,19.98794025667484,14.198696884353255,-23.73766139994974,-0.25099300067584246,-0.13840147184115623,0.9580436034982636,-39.86624325051754,14.160103702812414,-21.624856616509085,0.6955503992564804,-0.11868104045482145,0.7086074038074337
680682.359937,267,0.962674468755722,0.6465812059941834,0.18730291254397413,680682.3572109999-0 680682.362663-1,6.840445950571544,6.606696906744574,26.387879640042826,19.98794025667484,14.198696884353255,-23.73766139994974,-0.25099300067584246,-0.13840147184115623,0.9580436034982636,-39.86624325051754,14.160103702812414,-21.624856616509085,0.6928526012037173,-0.11860516360450431,0.7112581023591867
680682.3635805,267,0.9270191192626953,0.6450148341470917,0.18381733180859172,680682.364498-0 680682.362663-1,6.748552276143478,6.673823166722039,26.300625548123612,19.98794025667484,14.198696884353255,-23.73766139994974,-0.25308111960054047,-0.13653505461387958,0.9577620402601692,-39.86624325051754,14.160103702812414,-21.624856616509085,0.6928526012037173,-0.11860516360450431,0.7112581023591867
680682.3673855,267,0.9270191192626953,0.6448835124360939,0.18583127745457473,680682.364498-0 680682.370273-1,6.742712491195696,6.623011057958686,26.314146946391276,19.98794025667484,14.198696884353255,-23.73766139994974,-0.25308111960054047,-0.13653505461387958,0.9577620402601692,-39.86624325051754,14.160103702812414,-21.624856616509085,0.6926402588059922,-0.1202510805282531,0.7111885470906822
680682.3713185,268,0.968571811914444,0.6428259227447773,0.18552484651831136,680682.372364-0 680682.370273-1,6.608618012709304,6.589064934438829,26.1685637149464,19.98794025667484,14.198696884353255,-23.73766139994974,-0.25613913184774373,-0.1382920369889409,0.9566964291987995,-39.86624325051754,14.160103702812414,-21.624856616509085,0.6926402588059922,-0.1202510805282531,0.7111885470906822
680682.3763359999,268,0.968571811914444,0.6434929821890968,0.18575966805497424,680682.372364-0 680682.380308-1,6.623937685983613,6.568880851345101,26.106163642867983,19.98794025667484,14.198696884353255,-23.73766139994974,-0.25613913184774373,-0.1382920369889409,0.9566964291987995,-39.86624325051754,14.160103702812414,-21.624856616509085,0.6931885553244328,-0.1211601643520184,0.7104997124147326
680682.380302,268,0.9673326015472412,0.6427983829296166,0.18483699034667866,680682.3802959999-0 680682.380308-1,6.5818411263908825,6.580782031998856,26.063640164265827,19.98794025667484,14.198696884353255,-23.73766139994974,-0.25710117653697206,-0.1380772370644602,0.9564693730736754,-39.86624325051754,14.160103702812414,-21.624856616509085,0.6931885553244328,-0.1211601643520184,0.7104997124147326
680682.3843285,268,0.961117297410965,0.6427116399735311,0.1844699529414634,680682.388349-0 680682.380308-1,6.577440923516521,6.589407519705482,26.060216173874693,19.98794025667484,14.198696884353255,-23.73766139994974,-0.25720157618859907,-0.13780322272123174,0.9564818979017548,-39.86624325051754,14.160103702812414,-21.624856616509085,0.6931885553244328,-0.1211601643520184,0.7104997124147326
680682.3891159999,268,0.961117297410965,0.6396014378046567,0.1854075507627153,680682.388349-0 680682.3898829999-1,6.502505893973533,6.630348914540116,26.353536841300325,19.98794025667484,14.198696884353255,-23.73766139994974,-0.25720157618859907,-0.13780322272123174,0.9564818979017548,-39.86624325051754,14.160103702812414,-21.624856616509085,0.6905122093290194,-0.11869821255660008,0.7135149774906092
680682.3939555,268,0.9854500889778137,0.6380871589929454,0.18480244368479726,680682.398028-0 680682.3898829999-1,6.406475141866552,6.616552060010749,26.250081030464408,19.98794025667484,14.198696884353255,-23.73766139994974,-0.2593923986287136,-0.13870405519111026,0.955759786037885,-39.86624325051754,14.160103702812414,-21.624856616509085,0.6905122093290194,-0.11869821255660008,0.7135149774906092
680682.3972825,268,0.9854500889778137,0.6366828078964518,0.18713453720152118,680682.398028-0 680682.396537-1,6.369480659830813,6.584494967470293,26.384204069311856,19.98794025667484,14.198696884353255,-23.73766139994974,-0.2593923986287136,-0.13870405519111026,0.955759786037885,-39.86624325051754,14.160103702812414,-21.624856616509085,0.6891969399594101,-0.11926959039439095,0.7146903824438521
680682.401292,268,0.9854500889778137,0.6344394464010561,0.1905733754078226,680682.398028-0 680682.404556-1,6.3102162708102565,6.540495133280279,26.60037527583573,19.98794025667484,14.198696884353255,-23.73766139994974,-0.2593923986287136,-0.13870405519111026,0.955759786037885,-39.86624325051754,14.160103702812414,-21.624856616509085,0.6870914418212988,-0.11993065289500285,0.7166044858023897
680682.4049704999,269,0.9420836567878723,0.6342192272356424,0.19073264439649995,680682.4053849999-0 680682.404556-1,6.295541183438932,6.531530608975867,26.58345638986969,19.98794025667484,14.198696884353255,-23.73766139994974,-0.2597261784421749,-0.13907406272388206,0.9556153605448676,-39.86624325051754,14.160103702812414,-21.624856616509085,0.6870914418212988,-0.11993065289500285,0.7166044858023897
680682.4088475,269,0.9420836567878723,0.632472848399078,0.1951189376904725,680682.4053849999-0 680682.41231-1,6.2466620075867105,6.451018754610081,26.753485457734797,19.98794025667484,14.198696884353255,-23.73766139994974,-0.2597261784421749,-0.13907406272388206,0.9556153605448676,-39.86624325051754,14.160103702812414,-21.624856616509085,0.685356323636451,-0.12196892173382351,0.7179208116377576
680682.4123095,269,1.0,0.6323268803632814,0.19706738100120325,680682.412309-0 680682.41231-1,6.2314003611318745,6.392455372560529,26.728856095863577,19.98794025667484,14.198696884353255,-23.73766139994974,-0.26007417575139663,-0.14112055299046797,0.955220609404391,-39.86624325051754,14.160103702812414,-21.624856616509085,0.685356323636451,-0.12196892173382351,0.7179208116377576
680682.4167305001,269,0.9011240303516388,0.6302940288098864,0.19659794446055012,680682.421151-0 680682.41231-1,6.103088030202677,6.3664688452504405,26.587449128073743,19.98794025667484,14.198696884353255,-23.73766139994974,-0.2629893927334308,-0.14259523420334147,0.9542029021608536,-39.86624325051754,14.160103702812414,-21.624856616509085,0.685356323636451,-0.12196892173382351,0.7179208116377576
680682.4207275,269,0.9011240303516388,0.6299865282019145,0.19606943754652917,680682.421151-0 680682.420304-1,6.096094957664461,6.387006363194164,26.617244963914814,19.98794025667484,14.198696884353255,-23.73766139994974,-0.2629893927334308,-0.14259523420334147,0.9542029021608536,-39.86624325051754,14.160103702812414,-21.624856616509085,0.6851106970519627,-0.12117354689459348,0.7182898470102146
680682.4250904999,269,0.9011240303516388,0.6279353618883555,0.19624697907930955,680682.421151-0 680682.42903-1,6.044259528870559,6.425547872354175,26.817294062183606,19.98794025667484,14.198696884353255,-23.73766139994974,-0.2629893927334308,-0.14259523420334147,0.9542029021608536,-39.86624325051754,14.160103702812414,-21.624856616509085,0.6832880022566301,-0.1191406451621848,0.7203631116613911
680682.429029,269,0.9089460968971252,0.6276396072191441,0.1969130203556727,680682.429028-0 680682.42903-1,6.023549389910612,6.400787567630596,26.791342529292123,19.98794025667484,14.198696884353255,-23.73766139994974,-0.2634602271433137,-0.14352626528156834,0.9539333938425253,-39.86624325051754,14.160103702812414,-21.624856616509085,0.6832880022566301,-0.1191406451621848,0.7203631116613911
680682.4337375,269,0.9527631998062134,0.6261817805399914,0.1943241613513248,680682.438445-0 680682.42903-1,5.938965097580181,6.446566660343813,26.706667285536994,19.98794025667484,14.198696884353255,-23.73766139994974,-0.26537927707790204,-0.14237282174819382,0.9535742335681407,-39.86624325051754,14.160103702812414,-21.624856616509085,0.6832880022566301,-0.1191406451621848,0.7203631116613911
680682.4378505,269,0.9527631998062134,0.6257750311772786,0.19433348808073136,680682.438445-0 680682.437256-1,5.928585098585427,6.455008813682451,26.746452849852716,19.98794025667484,14.198696884353255,-23.73766139994974,-0.26537927707790204,-0.14237282174819382,0.9535742335681407,-39.86624325051754,14.160103702812414,-21.624856616509085,0.6829250394145912,-0.1187112492154919,0.7207780725370856
680682.441408,270,0.9527631998062134,0.6255824531001212,0.1938678181483139,680682.438445-0 680682.4443709999-1,5.924258482923054,6.471632603406725,26.765347733003715,19.98794025667484,14.198696884353255,-23.73766139994974,-0.26537927707790204,-0.14237282174819382,0.9535742335681407,-39.86624325051754,14.160103702812414,-21.624856616509085,0.6827739120429305,-0.1180888383117258,0.721023447122061
680682.4444795,270,0.917792558670044,0.624944422556638,0.19496630447572527,680682.444588-0 680682.4443709999-1,5.881057685092407,6.427978095806312,26.712281977826017,19.98794025667484,14.198696884353255,-23.73766139994974,-0.2663630338081843,-0.14404671508030048,0.9530484133007486,-39.86624325051754,14.160103702812414,-21.624856616509085,0.6827739120429305,-0.1180888383117258,0.721023447122061
680682.448965,270,0.917792558670044,0.6228200715042046,0.19590607979578334,680682.444588-0 680682.453342-1,5.8251296694331165,6.448260422451858,26.92124994209704,19.98794025667484,14.198696884353255,-23.73766139994974,-0.2663630338081843,-0.14404671508030048,0.9530484133007486,-39.86624325051754,14.160103702812414,-21.624856616509085,0.6808226146115542,-0.11663337327975835,0.7231024987309002
680682.4528215,270,0.9083126485347748,0.6215120168526248,0.19384061219480064,680682.452301-0 680682.453342-1,5.7490685188372055,6.482290920868507,26.84353986116612,19.98794025667484,14.198696884353255,-23.73766139994974,-0.2680876658338994,-0.14325079369676016,0.9526847398447084,-39.86624325051754,14.160103702812414,-21.624856616509085,0.6808226146115542,-0.11663337327975835,0.7231024987309002
680682.4579865,270,0.9608513414859772,0.6197492711233379,0.1915156892199611,680682.462631-0 680682.453342-1,5.646110149555816,6.514868154277718,26.73636360159003,19.98794025667484,14.198696884353255,-23.73766139994974,-0.2704275059466867,-0.14262506050256155,0.9521171441288594,-39.86624325051754,14.160103702812414,-21.624856616509085,0.6808226146115542,-0.11663337327975835,0.7231024987309002
680682.4614995,270,0.9608513414859772,0.6187943974975625,0.19259002854552199,680682.462631-0 680682.460368-1,5.619700847035451,6.506867750663034,26.83037405873843,19.98794025667484,14.198696884353255,-23.73766139994974,-0.2704275059466867,-0.14262506050256155,0.9521171441288594,-39.86624325051754,14.160103702812414,-21.624856616509085,0.6799095726079689,-0.11654977365923266,0.7239745322426961
680682.4672439999,270,0.9608513414859772,0.6176101740233476,0.1953710581502507,680682.462631-0 680682.471857-1,5.584965147435546,6.457808464227909,26.94732193043263,19.98794025667484,14.198696884353255,-23.73766139994974,-0.2704275059466867,-0.14262506050256155,0.9521171441288594,-39.86624325051754,14.160103702812414,-21.624856616509085,0.6787088904783065,-0.11774161170158746,0.7249076871296226
680682.4711735,270,0.9396048188209534,0.6169108409643994,0.19428206055553432,680682.47049-0 680682.471857-1,5.544718797986021,6.475699586176519,26.905917883825232,19.98794025667484,14.198696884353255,-23.73766139994974,-0.2713407371114793,-0.14220843564102448,0.9519196211951573,-39.86624325051754,14.160103702812414,-21.624856616509085,0.6787088904783065,-0.11774161170158746,0.7249076871296226
680682.475477,270,0.9203080236911774,0.6161740081426842,0.1909701237655279,680682.479097-0 680682.471857-1,5.508071180049594,6.556324585099979,26.87742341611238,19.98794025667484,14.198696884353255,-23.73766139994974,-0.2721703235234312,-0.13965843506208384,0.9520603113821942,-39.86624325051754,14.160103702812414,-21.624856616509085,0.6787088904783065,-0.11774161170158746,0.7249076871296226
680682.4788454999,270,0.9203080236911774,0.6156272988126653,0.1913227254623403,680682.479097-0 680682.478594-1,5.493037559367063,6.558945021012039,26.931810530287628,19.98794025667484,14.198696884353255,-23.73766139994974,-0.2721703235234312,-0.13965843506208384,0.9520603113821942,-39.86624325051754,14.160103702812414,-21.624856616509085,0.6781915691927513,-0.11745452811283755,0.7254382325888706
680682.4825605,271,0.9203080236911774,0.6138223088174602,0.19483420759622128,680682.479097-0 680682.486024-1,5.440181369838144,6.503949256809117,27.111846948762576,19.98794025667484,14.198696884353255,-23.73766139994974,-0.2721703235234312,-0.13965843506208384,0.9520603113821942,-39.86624325051754,14.160103702812414,-21.624856616509085,0.6763726266328639,-0.11861246880869739,0.7269464575777684
680682.4861335,271,0.9133240878582001,0.6126138689187295,0.19535324828632983,680682.486243-0 680682.486024-1,5.364973893109988,6.466403655691156,27.02376867637568,19.98794025667484,14.198696884353255,-23.73766139994974,-0.27387800979203003,-0.1412689525750905,0.9513327066755843,-39.86624325051754,14.160103702812414,-21.624856616509085,0.6763726266328639,-0.11861246880869739,0.7269464575777684
680682.4903315001,271,0.9133240878582001,0.6107616281655941,0.19704836803807446,680682.486243-0 680682.49442-1,5.312377841558415,6.461428677555522,27.21033475911333,19.98794025667484,14.198696884353255,-23.73766139994974,-0.27387800979203003,-0.1412689525750905,0.9513327066755843,-39.86624325051754,14.160103702812414,-21.624856616509085,0.6745710376187313,-0.11808622364756693,0.7287040270168987
680682.493486,271,0.9383598864078522,0.6096022822493186,0.19613542918089466,680682.492552-0 680682.49442-1,5.24408059342566,6.46605940144158,27.13550061096371,19.98794025667484,14.198696884353255,-23.73766139994974,-0.27542593608938754,-0.1414303096138648,0.9508617256214549,-39.86624325051754,14.160103702812414,-21.624856616509085,0.6745710376187313,-0.11808622364756693,0.7287040270168987
680682.498448,271,0.9687844514846802,0.6084427057158862,0.19614083574223284,680682.502476-0 680682.49442-1,5.174016178778077,6.444480988610354,27.054911817209934,19.98794025667484,14.198696884353255,-23.73766139994974,-0.27701753541883894,-0.14248194686893778,0.9502421690742362,-39.86624325051754,14.160103702812414,-21.624856616509085,0.6745710376187313,-0.11808622364756693,0.7287040270168987
680682.5028230001,271,0.9687844514846802,0.6068908086024054,0.1994159576575517,680682.502476-0 680682.50317-1,5.127080446661791,6.390071452631047,27.210626841646395,19.98794025667484,14.198696884353255,-23.73766139994974,-0.27701753541883894,-0.14248194686893778,0.9502421690742362,-39.86624325051754,14.160103702812414,-21.624856616509085,0.6729740302778292,-0.11930494388104385,0.7299810168334216
680682.506349,271,0.9086610972881317,0.6056112590628965,0.1974655011149712,680682.509528-0 680682.50317-1,5.054750302545967,6.422487010041496,27.13500750506934,19.98794025667484,14.198696884353255,-23.73766139994974,-0.2786573318141459,-0.1417318831729675,0.949874815288028,-39.86624325051754,14.160103702812414,-21.624856616509085,0.6729740302778292,-0.11930494388104385,0.7299810168334216
680682.5103145,271,0.9086610972881317,0.6040490633086262,0.19975983392260888,680682.509528-0 680682.511101-1,5.008121819353885,6.3949347794224005,27.293282673545313,19.98794025667484,14.198696884353255,-23.73766139994974,-0.2786573318141459,-0.1417318831729675,0.949874815288028,-39.86624325051754,14.160103702812414,-21.624856616509085,0.6713939911295209,-0.11962625456761869,0.7313820259572258
680682.5151475,271,0.9322439730167389,0.6014554249227781,0.19929296595765722,680682.5191939999-0 680682.511101-1,4.8549662200039325,6.361702803653062,27.117624806602855,19.98794025667484,14.198696884353255,-23.73766139994974,-0.2821354425744483,-0.14356970909231356,0.9485712048520494,-39.86624325051754,14.160103702812414,-21.624856616509085,0.6713939911295209,-0.11962625456761869,0.7313820259572258
680682.5190204999,271,0.9322439730167389,0.6012760597361784,0.19788047540933307,680682.5191939999-0 680682.518847-1,4.8514619093138185,6.403947574562069,27.137084373041276,19.98794025667484,14.198696884353255,-23.73766139994974,-0.2821354425744483,-0.14356970909231356,0.9485712048520494,-39.86624325051754,14.160103702812414,-21.624856616509085,0.671276517929769,-0.11815671132958545,0.7317286573886945
680682.52227,271,0.9322439730167389,0.5999163445830831,0.20127827444169544,680682.5191939999-0 680682.525346-1,4.808681696051009,6.342071898965911,27.27392732855833,19.98794025667484,14.198696884353255,-23.73766139994974,-0.2821354425744483,-0.14356970909231356,0.9485712048520494,-39.86624325051754,14.160103702812414,-21.624856616509085,0.6698373126009659,-0.11968923915780925,0.7327976942358242
680682.525284,272,0.9961994588375092,0.5975867882103323,0.19916623903885577,680682.525222-0 680682.525346-1,4.676366196069889,6.360971906932211,27.128476757193624,19.98794025667484,14.198696884353255,-23.73766139994974,-0.2851415827875875,-0.143562028070059,0.9476730564186157,-39.86624325051754,14.160103702812414,-21.624856616509085,0.6698373126009659,-0.11968923915780925,0.7327976942358242
680682.528862,272,0.8713667988777161,0.5965575658609152,0.19800460109040996,680682.532378-0 680682.525346-1,4.618874118274971,6.375773305465377,27.06624537214843,19.98794025667484,14.198696884353255,-23.73766139994974,-0.2864501915550431,-0.14333640749848123,0.9473124943985002,-39.86624325051754,14.160103702812414,-21.624856616509085,0.6698373126009659,-0.11968923915780925,0.7327976942358242
680682.5336525,272,0.8713667988777161,0.5940833364634692,0.20128219695939387,680682.532378-0 680682.534927-1,4.5428834873436035,6.34252044106573,27.31838815975835,19.98794025667484,14.198696884353255,-23.73766139994974,-0.2864501915550431,-0.14333640749848123,0.9473124943985002,-39.86624325051754,14.160103702812414,-21.624856616509085,0.6673045471660712,-0.11984453680386943,0.7350795387777777
680682.537869,272,0.8,0.5691193479950178,0.19145029970489436,680682.540811-0 680682.534927-1,3.200574162958663,6.201886936760152,25.78084549554889,19.98794025667484,14.198696884353255,-23.73766139994974,-0.31738919400633836,-0.15464454559031363,0.9356009641119295,-39.86624325051754,14.160103702812414,-21.624856616509085,0.6673045471660712,-0.11984453680386943,0.7350795387777777
680682.541079,272,0.8,0.5683942205384835,0.19292820661339016,680682.540811-0 680682.5413469999-1,3.176536974462996,6.179950055797828,25.849916756675036,19.98794025667484,14.198696884353255,-23.73766139994974,-0.31738919400633836,-0.15464454559031363,0.9356009641119295,-39.86624325051754,14.160103702812414,-21.624856616509085,0.6665449840419877,-0.12031128301457242,0.7356921770875737
680682.5465994999,272,0.9636440873146057,0.5917386093231055,0.20091598866619964,680682.551852-0 680682.5413469999-1,4.429394301615573,6.342656268559491,27.2926756325257,19.98794025667484,14.198696884353255,-23.73766139994974,-0.28850915926163007,-0.143009824182341,0.9467368458074731,-39.86624325051754,14.160103702812414,-21.624856616509085,0.6665449840419877,-0.12031128301457242,0.7356921770875737
680682.5500409999,272,0.9636440873146057,0.5904598829176585,0.20189451406096015,680682.551852-0 680682.54823-1,4.390115342512774,6.345000099116931,27.42537631093341,19.98794025667484,14.198696884353255,-23.73766139994974,-0.28850915926163007,-0.143009824182341,0.9467368458074731,-39.86624325051754,14.160103702812414,-21.624856616509085,0.6652425641596703,-0.11973879576988802,0.7369633312572911
680682.55535,272,0.9636440873146057,0.5894571955890666,0.20371460837395272,680682.551852-0 680682.558848-1,4.357971188670982,6.318023512585473,27.52893325041415,19.98794025667484,14.198696884353255,-23.73766139994974,-0.28850915926163007,-0.143009824182341,0.9467368458074731,-39.86624325051754,14.160103702812414,-21.624856616509085,0.664176930914625,-0.12024089651203014,0.7378422129743002
680682.5596085,273,0.9213965833187103,0.5885176839231042,0.20296643704948536,680682.560369-0 680682.558848-1,4.3052070307542065,6.323229264535172,27.469679106791716,19.98794025667484,14.198696884353255,-23.73766139994974,-0.2897057990019331,-0.1430877454205705,0.9463595760254712,-39.86624325051754,14.160103702812414,-21.624856616509085,0.664176930914625,-0.12024089651203014,0.7378422129743002
680682.5632495,273,0.9213965833187103,0.5878162480420233,0.20323923545845746,680682.560369-0 680682.5661299999-1,4.2836116446146955,6.331770617595193,27.543565474992562,19.98794025667484,14.198696884353255,-23.73766139994974,-0.2897057990019331,-0.1430877454205705,0.9463595760254712,-39.86624325051754,14.160103702812414,-21.624856616509085,0.6634631615116845,-0.11968464725188806,0.7385744502276743
680682.5672259999,273,0.9683921933174133,0.5870844990175221,0.20395953549265167,680682.568322-0 680682.5661299999-1,4.240287545997978,6.298707707921265,27.489305012588467,19.98794025667484,14.198696884353255,-23.73766139994974,-0.2906902840925926,-0.14440154522964974,0.9458579980469886,-39.86624325051754,14.160103702812414,-21.624856616509085,0.6634631615116845,-0.11968464725188806,0.7385744502276743
680682.570732,273,0.9683921933174133,0.5867328318142878,0.20344680570321338,680682.568322-0 680682.573142-1,4.230078264389356,6.32075973114431,27.52721798330171,19.98794025667484,14.198696884353255,-23.73766139994974,-0.2906902840925926,-0.14440154522964974,0.9458579980469886,-39.86624325051754,14.160103702812414,-21.624856616509085,0.6631264977691996,-0.11881742441336988,0.7390166896708954
680682.5737245,273,0.8,0.5607916654820573,0.18832253395094034,680682.574307-0 680682.573142-1,2.860851626161775,6.316513456188494,25.963014912138647,19.98794025667484,14.198696884353255,-23.73766139994974,-0.32221386026974963,-0.15119446802251812,0.9345150940939659,-39.86624325051754,14.160103702812414,-21.624856616509085,0.6631264977691996,-0.11881742441336988,0.7390166896708954
680682.5778099999,273,0.8,0.5594813033115567,0.19160641097453757,680682.574307-0 680682.581313-1,2.815347006696861,6.261301802425203,26.089152581957784,19.98794025667484,14.198696884353255,-23.73766139994974,-0.32221386026974963,-0.15119446802251812,0.9345150940939659,-39.86624325051754,14.160103702812414,-21.624856616509085,0.6617011270009415,-0.1201862397857315,0.7400722169436239
680682.5842605,273,0.8818925321102142,0.5835568616781902,0.20562875587117102,680682.587208-0 680682.581313-1,4.081549604095225,6.260089076241174,27.540469398872915,19.98794025667484,14.198696884353255,-23.73766139994974,-0.2930786711883011,-0.1450351975611804,0.9450236420126689,-39.86624325051754,14.160103702812414,-21.624856616509085,0.6617011270009415,-0.1201862397857315,0.7400722169436239
680682.5890454999,274,0.8818925321102142,0.5818711083504147,0.20926889709887775,680682.587208-0 680682.5908829999-1,4.0253592213999765,6.198602718684199,27.715769264561537,19.98794025667484,14.198696884353255,-23.73766139994974,-0.2930786711883011,-0.1450351975611804,0.9450236420126689,-39.86624325051754,14.160103702812414,-21.624856616509085,0.6598567790328905,-0.12154704627182386,0.7414953450338944
680682.5926949999,274,0.9741623103618622,0.5789671645252297,0.20950694124695246,680682.594507-0 680682.5908829999-1,3.8611773773551405,6.144169716996221,27.518521079402248,19.98794025667484,14.198696884353255,-23.73766139994974,-0.2968069786320548,-0.14765773828463402,0.9434526006959636,-39.86624325051754,14.160103702812414,-21.624856616509085,0.6598567790328905,-0.12154704627182386,0.7414953450338944
680682.596903,274,0.9741623103618622,0.5777809872248765,0.21288932969703067,680682.594507-0 680682.599299-1,3.8203405300195197,6.078402097247279,27.64029982837144,19.98794025667484,14.198696884353255,-23.73766139994974,-0.2968069786320548,-0.14765773828463402,0.9434526006959636,-39.86624325051754,14.160103702812414,-21.624856616509085,0.6585258842736061,-0.123243116040796,0.742398002482644
680682.6018825,274,0.946072518825531,0.5759884767575637,0.21228442065280206,680682.604466-0 680682.599299-1,3.721396387497471,6.066853701479582,27.524165256751964,19.98794025667484,14.198696884353255,-23.73766139994974,-0.29905569881404775,-0.1485353252354695,0.9426043423218645,-39.86624325051754,14.160103702812414,-21.624856616509085,0.6585258842736061,-0.123243116040796,0.742398002482644
680682.605109,274,0.946072518825531,0.5750888501371592,0.21327681595205406,680682.604466-0 680682.605752-1,3.6916420173647158,6.059953778570637,27.619347399085704,19.98794025667484,14.198696884353255,-23.73766139994974,-0.29905569881404775,-0.1485353252354695,0.9426043423218645,-39.86624325051754,14.160103702812414,-21.624856616509085,0.6575607519981442,-0.12310462609017782,0.743275930235086
680682.6090225,274,0.9523751437664032,0.574848669807958,0.2133034859363927,680682.612293-0 680682.605752-1,3.678277629167665,6.055386576111514,27.603156893962975,19.98794025667484,14.198696884353255,-23.73766139994974,-0.2993596153398233,-0.14875456583330904,0.9424732886651678,-39.86624325051754,14.160103702812414,-21.624856616509085,0.6575607519981442,-0.12310462609017782,0.743275930235086
680682.612243,274,0.9523751437664032,0.5750732614380986,0.21274017157550973,680682.612293-0 680682.612193-1,3.686021593954667,6.065730711094121,27.579927358754475,19.98794025667484,14.198696884353255,-23.73766139994974,-0.2993596153398233,-0.14875456583330904,0.9424732886651678,-39.86624325051754,14.160103702812414,-21.624856616509085,0.6578118396558805,-0.12285398730651563,0.7430952034641566
680682.6178184999,275,0.9523751437664032,0.5746333749574417,0.21183024413877105,680682.612293-0 680682.623344-1,3.672725009118608,6.100541851444067,27.629081360424436,19.98794025667484,14.198696884353255,-23.73766139994974,-0.2993596153398233,-0.14875456583330904,0.9424732886651678,-39.86624325051754,14.160103702812414,-21.624856616509085,0.6573810721594142,-0.12152258143659046,0.7436950908588318
680682.6234744999,275,0.9311771094799042,0.5730118697007115,0.21089373037295112,680682.623605-0 680682.623344-1,3.5845280914503928,6.101170615253194,27.526890518506377,19.98794025667484,14.198696884353255,-23.73766139994974,-0.3013654794152896,-0.14917104879716234,0.9417679363927969,-39.86624325051754,14.160103702812414,-21.624856616509085,0.6573810721594142,-0.12152258143659046,0.7436950908588318
680682.6267649999,275,0.9311771094799042,0.5727849323664531,0.20917353316218612,680682.623605-0 680682.629925-1,3.578760014317316,6.153327046906703,27.554478468627494,19.98794025667484,14.198696884353255,-23.73766139994974,-0.3013654794152896,-0.14917104879716234,0.9417679363927969,-39.86624325051754,14.160103702812414,-21.624856616509085,0.6571948737713447,-0.11970171474699677,0.7441548208372332
680682.6299675,275,0.9172195494174957,0.5710559141012713,0.20517884102488926,680682.63001-0 680682.629925-1,3.4897276500721546,6.238435166151385,27.46421791054601,19.98794025667484,14.198696884353255,-23.73766139994974,-0.3033890764784485,-0.1467575538230938,0.9414973651951531,-39.86624325051754,14.160103702812414,-21.624856616509085,0.6571948737713447,-0.11970171474699677,0.7441548208372332
680682.633785,275,0.9172195494174957,0.5701648749768322,0.2035611901974954,680682.63001-0 680682.63756-1,3.4620557477207416,6.303594762883831,27.563477377554193,19.98794025667484,14.198696884353255,-23.73766139994974,-0.3033890764784485,-0.1467575538230938,0.9414973651951531,-39.86624325051754,14.160103702812414,-21.624856616509085,0.6563043754987081,-0.11718268096264016,0.7453407180502475
680682.6373935,275,0.9623973965644836,0.5684692727559721,0.1987772620616154,680682.637227-0 680682.63756-1,3.376305421063808,6.411500739955992,27.480016759127324,19.98794025667484,14.198696884353255,-23.73766139994974,-0.30533828496614185,-0.1435551261382797,0.9413609602556066,-39.86624325051754,14.160103702812414,-21.624856616509085,0.6563043754987081,-0.11718268096264016,0.7453407180502475
680682.643097,275,0.9085318744182587,0.5677645123883723,0.18824536242515777,680682.648634-0 680682.63756-1,3.3525927444853245,6.699303456672058,27.493663480677355,19.98794025667484,14.198696884353255,-23.73766139994974,-0.305866423951715,-0.1340130648924122,0.9425954748125687,-39.86624325051754,14.160103702812414,-21.624856616509085,0.6563043754987081,-0.11718268096264016,0.7453407180502475
680682.647804,276,0.9085318744182587,0.5698450617135913,0.17288456307004263,680682.648634-0 680682.646974-1,3.435371401962975,7.069679056623293,27.29185727717885,19.98794025667484,14.198696884353255,-23.73766139994974,-0.305866423951715,-0.1340130648924122,0.9425954748125687,-39.86624325051754,14.160103702812414,-21.624856616509085,0.6589624356862809,-0.10561634018028647,0.7447239065864115
680682.6519770001,276,0.9085318744182587,0.5697580844878736,0.1701102664532873,680682.648634-0 680682.65532-1,3.4350988797782342,7.1486452217011465,27.304576274786704,19.98794025667484,14.198696884353255,-23.73766139994974,-0.305866423951715,-0.1340130648924122,0.9425954748125687,-39.86624325051754,14.160103702812414,-21.624856616509085,0.6589532703370022,-0.1029489616488167,0.745105427981571
680682.655692,276,0.9435923397541046,0.5688079169052737,0.1661293282330809,680682.656064-0 680682.65532-1,3.3892767905786982,7.245844170322955,27.26515315024831,19.98794025667484,14.198696884353255,-23.73766139994974,-0.3069109467812789,-0.13093578928929814,0.9426884373052464,-39.86624325051754,14.160103702812414,-21.624856616509085,0.6589532703370022,-0.1029489616488167,0.745105427981571
680682.659855,276,0.9435923397541046,0.5666416478888026,0.16898095273728386,680682.656064-0 680682.663646-1,3.314723165917263,7.225551830020556,27.49585070235149,19.98794025667484,14.198696884353255,-23.73766139994974,-0.3069109467812789,-0.13093578928929814,0.9426884373052464,-39.86624325051754,14.160103702812414,-21.624856616509085,0.6565661964428805,-0.10285534271900439,0.7472225961269406
680682.6638725,276,1.0,0.5654843459779703,0.16826335415735028,680682.6640989999-0 680682.663646-1,3.252830813484673,7.224842591776511,27.42399568714974,19.98794025667484,14.198696884353255,-23.73766139994974,-0.3083266515730688,-0.13122579054816877,0.9421860048975188,-39.86624325051754,14.160103702812414,-21.624856616509085,0.6565661964428805,-0.10285534271900439,0.7472225961269406
680682.6676835,276,1.0,0.565016339688069,0.16825013095290065,680682.6640989999-0 680682.671268-1,3.23710963476171,7.238015256780443,27.474958280087037,19.98794025667484,14.198696884353255,-23.73766139994974,-0.3083266515730688,-0.13122579054816877,0.9421860048975188,-39.86624325051754,14.160103702812414,-21.624856616509085,0.6560642129937247,-0.10224869907496438,0.7477465827179699
680682.6714195,276,0.9641063213348389,0.5638506144402957,0.1671020241368123,680682.671571-0 680682.671268-1,3.175645644449565,7.2496422373310985,27.405182954742244,19.98794025667484,14.198696884353255,-23.73766139994974,-0.309732925997376,-0.13109873911309072,0.9417423401101077,-39.86624325051754,14.160103702812414,-21.624856616509085,0.6560642129937247,-0.10224869907496438,0.7477465827179699
680682.6762365,276,0.9641063213348389,0.5613731543966632,0.17022302322948524,680682.671571-0 680682.6809019999-1,3.0884906202258193,7.230833384609554,27.672823969553193,19.98794025667484,14.198696884353255,-23.73766139994974,-0.309732925997376,-0.13109873911309072,0.9417423401101077,-39.86624325051754,14.160103702812414,-21.624856616509085,0.6532899387813931,-0.10198590705656994,0.7502073917583406
680682.6805799999,277,0.9618449807167053,0.5589929933122925,0.16909392665943046,680682.680258-0 680682.6809019999-1,2.961970648807526,7.219950342362484,27.523336964983777,19.98794025667484,14.198696884353255,-23.73766139994974,-0.3126262055095055,-0.13200981522912458,0.9406584206351957,-39.86624325051754,14.160103702812414,-21.624856616509085,0.6532899387813931,-0.10198590705656994,0.7502073917583406
680682.6848879999,277,0.8938235938549042,0.5584629486398964,0.16877092741661714,680682.688874-0 680682.6809019999-1,2.9340825336743475,7.219629524177083,27.490667490009564,19.98794025667484,14.198696884353255,-23.73766139994974,-0.3132648843124708,-0.13214121671188464,0.9404274619036798,-39.86624325051754,14.160103702812414,-21.624856616509085,0.6532899387813931,-0.10198590705656994,0.7502073917583406
680682.688668,277,0.8938235938549042,0.5576052939168988,0.16932301394986782,680682.688874-0 680682.688462-1,2.903829802132222,7.228050847451427,27.58456642262822,19.98794025667484,14.198696884353255,-23.73766139994974,-0.3132648843124708,-0.13214121671188464,0.9404274619036798,-39.86624325051754,14.160103702812414,-21.624856616509085,0.6523329062745109,-0.10139480018116007,0.7511197467033288
680682.6916285,277,0.8938235938549042,0.5572621233739461,0.16974761947614037,680682.688874-0 680682.694383-1,2.8915059531523983,7.225732726537287,27.621980743473948,19.98794025667484,14.198696884353255,-23.73766139994974,-0.3132648843124708,-0.13214121671188464,0.9404274619036798,-39.86624325051754,14.160103702812414,-21.624856616509085,0.6519432060022334,-0.10134766507010147,0.7514643750254352
680682.6943745001,277,0.9754968583583832,0.5570277681147123,0.1693432280678553,680682.694366-0 680682.694383-1,2.879493050028568,7.233197013609937,27.60890406817626,19.98794025667484,14.198696884353255,-23.73766139994974,-0.3135392720550537,-0.13194263817342258,0.940363900365717,-39.86624325051754,14.160103702812414,-21.624856616509085,0.6519432060022334,-0.10134766507010147,0.7514643750254352
680682.699321,277,0.9663757979869843,0.5559767947351909,0.16779494451931498,680682.704259-0 680682.694383-1,2.8254370677451988,7.2589341103457565,27.54897315781225,19.98794025667484,14.198696884353255,-23.73766139994974,-0.31477527880095996,-0.1313116110381205,0.9400392463415297,-39.86624325051754,14.160103702812414,-21.624856616509085,0.6519432060022334,-0.10134766507010147,0.7514643750254352
680682.703903,277,0.9663757979869843,0.5533300186478562,0.17271561841823913,680682.704259-0 680682.703547-1,2.727835404226674,7.195133600858618,27.837104998710778,19.98794025667484,14.198696884353255,-23.73766139994974,-0.31477527880095996,-0.1313116110381205,0.9400392463415297,-39.86624325051754,14.160103702812414,-21.624856616509085,0.6488667538115677,-0.10250738445525447,0.7539656304701038
680682.707555,277,0.9663757979869843,0.5517268529781647,0.17811578685816998,680682.704259-0 680682.710851-1,2.666062799115002,7.0875636698639894,28.009521286155376,19.98794025667484,14.198696884353255,-23.73766139994974,-0.31477527880095996,-0.1313116110381205,0.9400392463415297,-39.86624325051754,14.160103702812414,-21.624856616509085,0.646922040269249,-0.10548191531083663,0.7552254228746735
680682.711683,278,0.9585850536823273,0.550467570905462,0.17684499420202748,680682.712515-0 680682.710851-1,2.600530978028985,7.10230609856862,27.933571177540507,19.98794025667484,14.198696884353255,-23.73766139994974,-0.3162683316380742,-0.131108637417596,0.939566318892589,-39.86624325051754,14.160103702812414,-21.624856616509085,0.646922040269249,-0.10548191531083663,0.7552254228746735
680682.7156519999,278,0.9585850536823273,0.5491702720908396,0.17867408474145763,680682.712515-0 680682.718789-1,2.551916040522608,7.086931318727093,28.078709153584036,19.98794025667484,14.198696884353255,-23.73766139994974,-0.3162683316380742,-0.131108637417596,0.939566318892589,-39.86624325051754,14.160103702812414,-21.624856616509085,0.6453961035543259,-0.10550395530705664,0.7565267906237427
680682.7205945,278,0.8989974856376648,0.5477506475240975,0.17691516250989348,680682.7224-0 680682.718789-1,2.478632861073189,7.113222132387723,27.994752853534365,19.98794025667484,14.198696884353255,-23.73766139994974,-0.3179372076335482,-0.13055528441769107,0.9390800017638526,-39.86624325051754,14.160103702812414,-21.624856616509085,0.6453961035543259,-0.10550395530705664,0.7565267906237427
680682.7247725,278,0.8989974856376648,0.547307619237589,0.17911496019361728,680682.7224-0 680682.727145-1,2.460746501529073,7.063410507408758,28.04122101199379,19.98794025667484,14.198696884353255,-23.73766139994974,-0.3179372076335482,-0.13055528441769107,0.9390800017638526,-39.86624325051754,14.160103702812414,-21.624856616509085,0.6448361999086794,-0.1069890933994605,0.7567956191607449
680682.7277285,278,0.9608826041221619,0.5456584754382504,0.17945407208421293,680682.7283119999-0 680682.727145-1,2.373860404594115,7.024987452331326,27.932033108799395,19.98794025667484,14.198696884353255,-23.73766139994974,-0.31992150158584254,-0.1322254343760675,0.9381719817427506,-39.86624325051754,14.160103702812414,-21.624856616509085,0.6448361999086794,-0.1069890933994605,0.7567956191607449
680682.730918,278,0.9608826041221619,0.5461997542457034,0.18189154664431917,680682.7283119999-0 680682.733524-1,2.392115018437053,6.941261861227288,27.86454799659117,19.98794025667484,14.198696884353255,-23.73766139994974,-0.31992150158584254,-0.1322254343760675,0.9381719817427506,-39.86624325051754,14.160103702812414,-21.624856616509085,0.6454053033834354,-0.10997840564152388,0.7558814355817214
680682.735007,278,0.9421039819717407,0.5460003126657326,0.18089928781846298,680682.73649-0 680682.733524-1,2.3826531912853337,6.966479033867822,27.856695735984097,19.98794025667484,14.198696884353255,-23.73766139994974,-0.3201365609116873,-0.13142500405720445,0.938211090680664,-39.86624325051754,14.160103702812414,-21.624856616509085,0.6454053033834354,-0.10997840564152388,0.7558814355817214
680682.7398854999,278,0.9421039819717407,0.5445548295051779,0.1856689173399524,680682.73649-0 680682.743281-1,2.3258389757634745,6.871997406930165,28.01207092370506,19.98794025667484,14.198696884353255,-23.73766139994974,-0.3201365609116873,-0.13142500405720445,0.938211090680664,-39.86624325051754,14.160103702812414,-21.624856616509085,0.6436326383697233,-0.11255829826126805,0.7570123224345533
680682.7441769999,279,0.9717532694339752,0.5419927155083739,0.18386410402061515,680682.745073-0 680682.743281-1,2.194509626228566,6.881096453620721,27.855716134748192,19.98794025667484,14.198696884353255,-23.73766139994974,-0.32313625477811647,-0.13172210964963113,0.9371404626188234,-39.86624325051754,14.160103702812414,-21.624856616509085,0.6436326383697233,-0.11255829826126805,0.7570123224345533
680682.7479854999,279,0.9717532694339752,0.5420223444976677,0.18688070834018977,680682.745073-0 680682.750898-1,2.193621600369873,6.795527841944069,27.844678531375422,19.98794025667484,14.198696884353255,-23.73766139994974,-0.32313625477811647,-0.13172210964963113,0.9371404626188234,-39.86624325051754,14.160103702812414,-21.624856616509085,0.6436035649118925,-0.11541642806826458,0.7566065684123199
680682.7518805,279,0.9566955864429474,0.5413670529901317,0.18592146048445357,680682.752863-0 680682.750898-1,2.160720540030951,6.812211913652616,27.80746767100223,19.98794025667484,14.198696884353255,-23.73766139994974,-0.32388844510950215,-0.13131636794124607,0.9369377175860026,-39.86624325051754,14.160103702812414,-21.624856616509085,0.6436035649118925,-0.11541642806826458,0.7566065684123199
680682.7553185,279,0.9566955864429474,0.5405831147178486,0.18745031650990807,680682.752863-0 680682.7577739999-1,2.130301663728794,6.790831999232193,27.89432881179261,19.98794025667484,14.198696884353255,-23.73766139994974,-0.32388844510950215,-0.13131636794124607,0.9369377175860026,-39.843769557697385,14.143407321815435,-21.75190292706273,0.6415302151646205,-0.11542540429051476,0.7583640017005072
680682.7590385,279,0.9967408776283264,0.5395259989794081,0.18688767505986592,680682.760303-0 680682.7577739999-1,2.076524207201933,6.789593453865721,27.82926670088711,19.98794025667484,14.198696884353255,-23.73766139994974,-0.3251199671683602,-0.13160753227812869,0.936470215434589,-39.843769557697385,14.143407321815435,-21.75190292706273,0.6415302151646205,-0.11542540429051476,0.7583640017005072
680682.7629875,279,0.9967408776283264,0.5375508351827898,0.1935170810969522,680682.760303-0 680682.765672-1,1.9972911440469865,6.6570633100167065,28.041200655355574,19.98794025667484,14.198696884353255,-23.73766139994974,-0.3251199671683602,-0.13160753227812869,0.936470215434589,-39.843769557697385,14.143407321815435,-21.75190292706273,0.6390802925935575,-0.11903941850029276,0.7598723553740095
680682.7680490001,279,0.9431978762149811,0.5422970332815027,0.20899281527726776,680682.770426-0 680682.765672-1,2.230366361942382,6.288004138200033,28.271869713917216,19.84607525612491,14.32534671809532,-24.21224685181749,-0.3148939240170374,-0.14395222700954682,0.9381468823996294,-39.843769557697385,14.143407321815435,-21.75190292706273,0.6390802925935575,-0.11903941850029276,0.7598723553740095
680682.772231,279,0.9431978762149811,0.5409502435591297,0.21121004149895728,680682.770426-0 680682.774036-1,2.178095752847618,6.260244636092679,28.42696268342458,19.84607525612491,14.32534671809532,-24.21224685181749,-0.3148939240170374,-0.14395222700954682,0.9381468823996294,-39.843769557697385,14.143407321815435,-21.75190292706273,0.6374350298715309,-0.11937121036533713,0.7612010882996655
680682.775443,280,0.9162474572658539,0.5392766277361467,0.2112304094485613,680682.77685-0 680682.774036-1,2.0909813380866584,6.234173455102468,28.31651973040883,19.84607525612491,14.32534671809532,-24.21224685181749,-0.31685689778969867,-0.14524720730318566,0.9372859516144013,-39.843769557697385,14.143407321815435,-21.75190292706273,0.6374350298715309,-0.11937121036533713,0.7612010882996655
680682.779738,280,0.9162474572658539,0.5376007758078559,0.21447097430536644,680682.77685-0 680682.782626-1,2.0247642916866475,6.185890977782023,28.509442649754995,19.84607525612491,14.32534671809532,-24.21224685181749,-0.31685689778969867,-0.14524720730318566,0.9372859516144013,-39.843769557697385,14.143407321815435,-21.75190292706273,0.6353587935820296,-0.12022444630473335,0.7628009477764878
680682.784619,280,0.9560655057430267,0.5364042343311592,0.2123640376632403,680682.786612-0 680682.782626-1,1.9643331268321695,6.228482798502592,28.441609075509124,19.84607525612491,14.32534671809532,-24.21224685181749,-0.31821570118050835,-0.1441470024809191,0.9369954157827899,-39.843769557697385,14.143407321815435,-21.75190292706273,0.6353587935820296,-0.12022444630473335,0.7628009477764878
680682.7880855,280,0.9560655057430267,0.5355511498953239,0.21536537114278742,680682.786612-0 680682.7895589999-1,1.9294756297411784,6.165701271567202,28.536449520494127,19.84607525612491,14.32534671809532,-24.21224685181749,-0.31821570118050835,-0.1441470024809191,0.9369954157827899,-39.843769557697385,14.143407321815435,-21.75190292706273,0.6342686215698807,-0.1219080586160777,0.7634407252277692
680682.791036,280,0.9540226459503174,0.5339993407570589,0.21662414449188971,680682.792513-0 680682.7895589999-1,1.8486825729146474,6.106652380168869,28.427858483303567,19.84607525612491,14.32534671809532,-24.21224685181749,-0.3200372284978938,-0.14650285123603746,0.9360091276024493,-39.843769557697385,14.143407321815435,-21.75190292706273,0.6342686215698807,-0.1219080586160777,0.7634407252277692
680682.7944809999,280,0.9540226459503174,0.5324591990434084,0.22013521353644117,680682.792513-0 680682.796449-1,1.786209992097131,6.046808579539175,28.605326119753563,19.84607525612491,14.32534671809532,-24.21224685181749,-0.3200372284978938,-0.14650285123603746,0.9360091276024493,-39.843769557697385,14.143407321815435,-21.75190292706273,0.63232183718808,-0.12318085449136615,0.7648500319029005
680682.7993785001,280,0.9642428159713745,0.5322913453318449,0.2184725793670863,680682.802308-0 680682.796449-1,1.7786553116843233,6.092127011525296,28.60287762502952,19.84607525612491,14.32534671809532,-24.21224685181749,-0.32020562064404207,-0.14505081991259117,0.9361776648428699,-39.843769557697385,14.143407321815435,-21.75190292706273,0.63232183718808,-0.12318085449136615,0.7648500319029005
680682.8045864999,280,0.9642428159713745,0.5308594256480104,0.2196075004561998,680682.802308-0 680682.8068649999-1,1.7209991071763096,6.096778360239658,28.776606809709566,19.84607525612491,14.32534671809532,-24.21224685181749,-0.32020562064404207,-0.14505081991259117,0.9361776648428699,-39.843769557697385,14.143407321815435,-21.75190292706273,0.63052787940226,-0.12238490609173006,0.7664571273446463
680682.8084895,281,1.0,0.5297686670078523,0.2190414918356608,680682.810114-0 680682.8068649999-1,1.6652981916719245,6.097198542697886,28.70731820146342,19.84607525612491,14.32534671809532,-24.21224685181749,-0.3214573375901389,-0.1453216123232945,0.9357065828031871,-39.843769557697385,14.143407321815435,-21.75190292706273,0.63052787940226,-0.12238490609173006,0.7664571273446463
680682.8120105,281,1.0,0.5295404741865961,0.21765563626085482,680682.810114-0 680682.813907-1,1.6567905701002417,6.142549548558072,28.740246663653128,19.84607525612491,14.32534671809532,-24.21224685181749,-0.3214573375901389,-0.1453216123232945,0.9357065828031871,-39.843769557697385,14.143407321815435,-21.75190292706273,0.6302640057673952,-0.12079863930651022,0.7669256624834851
680682.8152915,281,0.9628393650054932,0.5289083990670385,0.21671492400129322,680682.816676-0 680682.813907-1,1.6249668296338875,6.160422633333205,28.703313730582682,19.84607525612491,14.32534671809532,-24.21224685181749,-0.3221723398468112,-0.14489611205680364,0.9355266432060889,-39.843769557697385,14.143407321815435,-21.75190292706273,0.6302640057673952,-0.12079863930651022,0.7669256624834851
680682.8190525,281,0.9628393650054932,0.5275262585537522,0.21961296577842915,680682.816676-0 680682.821429-1,1.5674920210522796,6.113983156190608,28.866806862372577,19.84607525612491,14.32534671809532,-24.21224685181749,-0.3221723398468112,-0.14489611205680364,0.9355266432060889,-39.843769557697385,14.143407321815435,-21.75190292706273,0.6284822780985538,-0.12169372460330102,0.7682451845005135
680682.8228724999,281,0.9662947952747345,0.5277225239418818,0.22124460150125502,680682.824316-0 680682.821429-1,1.5766398301902598,6.069622666326163,28.871488631365985,19.84607525612491,14.32534671809532,-24.21224685181749,-0.32196854163158256,-0.1463035119329307,0.9353777528868872,-39.843769557697385,14.143407321815435,-21.75190292706273,0.6284822780985538,-0.12169372460330102,0.7682451845005135
680682.826626,281,0.9662947952747345,0.5271311383881799,0.22093936845358764,680682.824316-0 680682.828936-1,1.5526035255295731,6.0937471222331245,28.947104137230564,19.84607525612491,14.32534671809532,-24.21224685181749,-0.32196854163158256,-0.1463035119329307,0.9353777528868872,-39.843769557697385,14.143407321815435,-21.75190292706273,0.6277376302278024,-0.12063671199975778,0.7690203191814051
680682.8320565,281,0.9360255300998688,0.5267245423257342,0.22116558692578603,680682.835177-0 680682.828936-1,1.5316246084025948,6.081295149454997,28.918867950447453,19.84607525612491,14.32534671809532,-24.21224685181749,-0.3224398056798287,-0.1468188435906218,0.9351346421130311,-39.843769557697385,14.143407321815435,-21.75190292706273,0.6277376302278024,-0.12063671199975778,0.7690203191814051
680682.836398,281,0.9360255300998688,0.5267217489925138,0.22095061014882245,680682.835177-0 680682.837619-1,1.5316069459129142,6.087515473049643,28.919941919720575,19.84607525612491,14.32534671809532,-24.21224685181749,-0.3224398056798287,-0.1468188435906218,0.9351346421130311,-39.843769557697385,14.143407321815435,-21.75190292706273,0.6277370895543467,-0.12043240049085928,0.769052783175412
680682.8393969999,282,0.9796169698238373,0.5253621324078691,0.21973840798235988,680682.841175-0 680682.837619-1,1.4627968548960162,6.102917744417353,28.835980115444894,19.84607525612491,14.32534671809532,-24.21224685181749,-0.32398487946579374,-0.1466665135403547,0.9346243799962913,-39.843769557697385,14.143407321815435,-21.75190292706273,0.6277370895543467,-0.12043240049085928,0.769052783175412
680682.8448389999,282,0.9796169698238373,0.5257758368505934,0.2187600042670741,680682.841175-0 680682.848503-1,1.4802319709719605,6.119971805073915,28.78718412727488,19.84607525612491,14.32534671809532,-24.21224685181749,-0.32398487946579374,-0.1466665135403547,0.9346243799962913,-39.843769557697385,14.143407321815435,-21.75190292706273,0.6282758069911588,-0.12006276485130482,0.7686705684790255
680682.8486315,282,0.9437773525714874,0.5251799337516834,0.2173636149236744,680682.84876-0 680682.848503-1,1.4506672513849814,6.151634250776916,28.755008857249802,19.84607525612491,14.32534671809532,-24.21224685181749,-0.3246488183962722,-0.1457777375262804,0.9345330363104469,-39.843769557697385,14.143407321815435,-21.75190292706273,0.6282758069911588,-0.12006276485130482,0.7686705684790255
680682.852541,282,0.9437773525714874,0.5243220767955978,0.21770501393856512,680682.84876-0 680682.856322-1,1.4151180155402052,6.164619038621589,28.862055805774276,19.84607525612491,14.32534671809532,-24.21224685181749,-0.3246488183962722,-0.1457777375262804,0.9345330363104469,-39.843769557697385,14.143407321815435,-21.75190292706273,0.6271786030028367,-0.1192496243994839,0.7696924886056719
680682.856322,282,0.9900949895381927,0.5233687693557965,0.2173581909309099,680682.856322-0 680682.856322-1,1.3669044645392994,6.160777772561387,28.80089002464703,19.84607525612491,14.32534671809532,-24.21224685181749,-0.325733472511075,-0.14614932685653934,0.9340974676902069,-39.843769557697385,14.143407321815435,-21.75190292706273,0.6271786030028367,-0.1192496243994839,0.7696924886056719
680682.861088,282,0.9900949895381927,0.5246233952577566,0.21383841504167977,680682.856322-0 680682.865854-1,1.4202146788593097,6.227663091210124,28.654941948184803,19.84607525612491,14.32534671809532,-24.21224685181749,-0.325733472511075,-0.14614932685653934,0.9340974676902069,-39.843769557697385,14.143407321815435,-21.75190292706273,0.6288218803557257,-0.11762376331529814,0.7686011274318013
680682.8658604999,282,0.9327858090400696,0.5226605786177487,0.2142796077414887,680682.865867-0 680682.865854-1,1.3212104113666747,6.186286399412092,28.524645198289914,19.84607525612491,14.32534671809532,-24.21224685181749,-0.3279693606795937,-0.14801428328813576,0.9330208306346209,-39.843769557697385,14.143407321815435,-21.75190292706273,0.6288218803557257,-0.11762376331529814,0.7686011274318013
680682.869356,282,0.9327858090400696,0.5234452560087355,0.21139919662426765,680682.865867-0 680682.872845-1,1.3546901330099956,6.246875573477583,28.43664857690209,19.84607525612491,14.32534671809532,-24.21224685181749,-0.3279693606795937,-0.14801428328813576,0.9330208306346209,-39.843769557697385,14.143407321815435,-21.75190292706273,0.629851382924023,-0.11598223281433606,0.7680073939097831
680682.873759,282,0.9391497671604156,0.5222029968825252,0.2109615753272155,680682.874673-0 680682.872845-1,1.292898990532004,6.241223457957756,28.358634004338576,19.84607525612491,14.32534671809532,-24.21224685181749,-0.3293678187703403,-0.14851363006854373,0.9324486804335839,-39.843769557697385,14.143407321815435,-21.75190292706273,0.629851382924023,-0.11598223281433606,0.7680073939097831
680682.8775249999,283,0.9391497671604156,0.5219172229661418,0.20926592161930957,680682.874673-0 680682.880377-1,1.2817743027634094,6.296835320982619,28.399652541585823,19.84607525612491,14.32534671809532,-24.21224685181749,-0.3293678187703403,-0.14851363006854373,0.9324486804335839,-39.843769557697385,14.143407321815435,-21.75190292706273,0.6295092293904423,-0.11402332691316144,0.7685810373876693
680682.880622,283,0.9291464984416962,0.5214185512795332,0.20645320763231656,680682.880867-0 680682.880377-1,1.2582566697278548,6.370167027730204,28.38169971840622,19.84607525612491,14.32534671809532,-24.21224685181749,-0.3298968370733857,-0.14620844086500434,0.9326259532678685,-39.843769557697385,14.143407321815435,-21.75190292706273,0.6295092293904423,-0.11402332691316144,0.7685810373876693
680682.886844,283,0.9291464984416962,0.5216958078793061,0.2072511677946841,680682.880867-0 680682.892821-1,1.2694101713498753,6.3399989387055005,28.34468029958122,19.84607525612491,14.32534671809532,-24.21224685181749,-0.3298968370733857,-0.14620844086500434,0.9326259532678685,-39.843769557697385,14.143407321815435,-21.75190292706273,0.6298517158316933,-0.11513959726078925,0.7681339005710496
680682.8906139999,283,0.974997490644455,0.5214520205107399,0.20771636080175804,680682.888407-0 680682.892821-1,1.257082074683714,6.323068340952285,28.326675840635247,19.84607525612491,14.32534671809532,-24.21224685181749,-0.3301769066170831,-0.1468300776969523,0.9324291601083059,-39.843769557697385,14.143407321815435,-21.75190292706273,0.6298517158316933,-0.11513959726078925,0.7681339005710496
680682.89556,283,0.9397372901439667,0.5200325003317461,0.2072531861295025,680682.898299-0 680682.892821-1,1.1870362470587068,6.315408663443721,28.238065544388203,19.84607525612491,14.32534671809532,-24.21224685181749,-0.3317656538585176,-0.14743553140680912,0.931769453780613,-39.843769557697385,14.143407321815435,-21.75190292706273,0.6298517158316933,-0.11513959726078925,0.7681339005710496
680682.8992544999,283,0.9397372901439667,0.5193046930136798,0.20738585723338998,680682.898299-0 680682.90021-1,1.1567258075068825,6.331545729770825,28.327828757277985,19.84607525612491,14.32534671809532,-24.21224685181749,-0.3317656538585176,-0.14743553140680912,0.931769453780613,-39.843769557697385,14.143407321815435,-21.75190292706273,0.6289237796227127,-0.11428535299612401,0.7690212854763077
680682.9030009999,283,0.9748121500015259,0.5196282933149671,0.20601181821487735,680682.905792-0 680682.90021-1,1.1733149913702423,6.375698614245727,28.355430284311005,19.84607525612491,14.32534671809532,-24.21224685181749,-0.33138756357603094,-0.14589231320068816,0.9321468315968757,-39.843769557697385,14.143407321815435,-21.75190292706273,0.6289237796227127,-0.11428535299612401,0.7690212854763077
680682.907744,283,0.9748121500015259,0.5192483127137658,0.20676732168019218,680682.905792-0 680682.9096959999-1,1.1571739773331835,6.364772348726758,28.40023893834998,19.84607525612491,14.32534671809532,-24.21224685181749,-0.33138756357603094,-0.14589231320068816,0.9321468315968757,-39.843769557697385,14.143407321815435,-21.75190292706273,0.6284297276251736,-0.11447812904128393,0.7693964097967686
680682.9118204999,283,0.9296401143074036,0.5189654759225555,0.20698246023792566,680682.913945-0 680682.9096959999-1,1.1430841646462913,6.354417276455002,28.380992209778665,19.84607525612491,14.32534671809532,-24.21224685181749,-0.3317072731881785,-0.14630502074583115,0.9319684146035342,-39.843769557697385,14.143407321815435,-21.75190292706273,0.6284297276251736,-0.11447812904128393,0.7693964097967686
680682.9147035,284,0.9296401143074036,0.5190072231436215,0.20472462332987462,680682.913945-0 680682.915462-1,1.1456311703411863,6.4172623377376015,28.383374382829608,19.84607525612491,14.32534671809532,-24.21224685181749,-0.3317072731881785,-0.14630502074583115,0.9319684146035342,-39.843769557697385,14.143407321815435,-21.75190292706273,0.6285071273788964,-0.11242438647286407,0.7696359841900116
680682.9182475,284,0.9137280881404877,0.5177110601253309,0.2056976717322745,680682.921033-0 680682.915462-1,1.0812856487712779,6.370114751694716,28.295425270847918,19.84607525612491,14.32534671809532,-24.21224685181749,-0.3331688381301859,-0.14818536691289788,0.9311496240303551,-39.843769557697385,14.143407321815435,-21.75190292706273,0.6285071273788964,-0.11242438647286407,0.7696359841900116
680682.9216845001,284,0.9137280881404877,0.518057340379244,0.20452405378278604,680682.921033-0 680682.922336-1,1.0961995997934775,6.393689426146318,28.256331322225673,19.84607525612491,14.32534671809532,-24.21224685181749,-0.3331688381301859,-0.14818536691289788,0.9311496240303551,-39.843769557697385,14.143407321815435,-21.75190292706273,0.6289623917562223,-0.11179809636535837,0.7693552465573847
680682.925362,284,0.8886472880840302,0.5183044003100539,0.20409874020125596,680682.928388-0 680682.922336-1,1.1085261930535175,6.409533979807444,28.27423892545692,19.84607525612491,14.32534671809532,-24.21224685181749,-0.33288821518308054,-0.14759925787456413,0.9313430599231953,-39.843769557697385,14.143407321815435,-21.75190292706273,0.6289623917562223,-0.11179809636535837,0.7693552465573847
680682.9293455,284,0.8886472880840302,0.5179079024659278,0.20518897297648353,680682.928388-0 680682.930303-1,1.091534685823655,6.389704004881379,28.31990156765046,19.84607525612491,14.32534671809532,-24.21224685181749,-0.33288821518308054,-0.14759925787456413,0.9313430599231953,-39.843769557697385,14.143407321815435,-21.75190292706273,0.6284434317236821,-0.11227872358359177,0.7697092576770795
680682.935143,284,0.9038607180118561,0.5168021449313012,0.20675283438497571,680682.9399829999-0 680682.930303-1,1.0366215426698666,6.328683305945193,28.24146356848102,19.84607525612491,14.32534671809532,-24.21224685181749,-0.33413787097052755,-0.14989466286933928,0.9305285988225026,-39.843769557697385,14.143407321815435,-21.75190292706273,0.6284434317236821,-0.11227872358359177,0.7697092576770795
680682.939401,284,0.9038607180118561,0.51543893881148,0.20814946258052203,680682.9399829999-0 680682.938819-1,0.9785088067146201,6.32679320541798,28.407006569160433,19.84607525612491,14.32534671809532,-24.21224685181749,-0.33413787097052755,-0.14989466286933928,0.9305285988225026,-39.843769557697385,14.143407321815435,-21.75190292706273,0.6266715837586013,-0.11173480257305757,0.7712315216609382
680682.943425,284,0.9038607180118561,0.5136850384269847,0.21360186291693395,680682.9399829999-0 680682.946867-1,0.9017748936480512,6.220211112394781,28.609614644392533,19.84607525612491,14.32534671809532,-24.21224685181749,-0.33413787097052755,-0.14989466286933928,0.9305285988225026,-39.843769557697385,14.143407321815435,-21.75190292706273,0.6243361008854295,-0.1144542183861485,0.7727254784364203
680682.9463865,284,0.9867734313011169,0.5138801838878678,0.21375716541173262,680682.945906-0 680682.946867-1,0.9113276289098611,6.218542121171104,28.621451795167204,19.84607525612491,14.32534671809532,-24.21224685181749,-0.33392182837800083,-0.14990085179560855,0.9306051510515315,-39.843769557697385,14.143407321815435,-21.75190292706273,0.6243361008854295,-0.1144542183861485,0.7727254784364203
680682.951379,285,0.9578473567962646,0.5136463349347082,0.21322782328576706,680682.955891-0 680682.946867-1,0.8999917046853358,6.2304147400665855,28.608974947010402,19.84607525612491,14.32534671809532,-24.21224685181749,-0.33417771137865687,-0.14956759943370707,0.9305669188281739,-39.843769557697385,14.143407321815435,-21.75190292706273,0.6243361008854295,-0.1144542183861485,0.7727254784364203
680682.9554585,285,0.9578473567962646,0.512366352208126,0.2174811615416764,680682.955891-0 680682.955026-1,0.8433360321239558,6.144112571868616,28.757192443517944,19.84607525612491,14.32534671809532,-24.21224685181749,-0.33417771137865687,-0.14956759943370707,0.9305669188281739,-39.843769557697385,14.143407321815435,-21.75190292706273,0.6226136170786306,-0.11670266612224692,0.773778244426802
680682.9585565,285,0.9578473567962646,0.5116496080027875,0.2191733629716165,680682.955891-0 680682.961222-1,0.8115745493248934,6.115228838453686,28.84331564956817,19.84607525612491,14.32534671809532,-24.21224685181749,-0.33417771137865687,-0.14956759943370707,0.9305669188281739,-39.843769557697385,14.143407321815435,-21.75190292706273,0.6216485124665934,-0.11731757274716308,0.7744609183637259
680682.9624699999,285,0.9224052727222443,0.5107528239409838,0.21972482176552066,680682.963718-0 680682.961222-1,0.7672984030980796,6.086763467198317,28.78230023750937,19.84607525612491,14.32534671809532,-24.21224685181749,-0.3351789211118081,-0.15073223744924855,0.9300187543463129,-39.843769557697385,14.143407321815435,-21.75190292706273,0.6216485124665934,-0.11731757274716308,0.7744609183637259
680682.9673145,285,0.9224052727222443,0.5098313121163929,0.22201425158434207,680682.963718-0 680682.970911-1,0.7261409091911801,6.04622231502578,28.892992706725128,19.84607525612491,14.32534671809532,-24.21224685181749,-0.3351789211118081,-0.15073223744924855,0.9300187543463129,-39.843769557697385,14.143407321815435,-21.75190292706273,0.6204002826658239,-0.11821465214073915,0.7753249546399301
680682.9713290001,285,0.9498351812362671,0.5100875522098673,0.22208655148758227,680682.971747-0 680682.970911-1,0.7387268796310771,6.047689115520831,28.909338763640655,19.84607525612491,14.32534671809532,-24.21224685181749,-0.334894857942108,-0.1506183620533976,0.9301395288537557,-39.843769557697385,14.143407321815435,-21.75190292706273,0.6204002826658239,-0.11821465214073915,0.7753249546399301
680682.9755305,285,0.9498351812362671,0.5088049569628714,0.22651438220220022,680682.971747-0 680682.979314-1,0.6807416096247412,5.955112309804118,29.05966155957777,19.84607525612491,14.32534671809532,-24.21224685181749,-0.334894857942108,-0.1506183620533976,0.9301395288537557,-39.843769557697385,14.143407321815435,-21.75190292706273,0.6186427474824336,-0.12063494878462262,0.7763558205611117
680682.978987,285,0.8867838978767395,0.5088049569628714,0.22651438220220022,680682.97866-0 680682.979314-1,0.6807416096247412,5.955112309804118,29.05966155957777,19.84607525612491,14.32534671809532,-24.21224685181749,-0.334894857942108,-0.1506183620533976,0.9301395288537557,-39.843769557697385,14.143407321815435,-21.75190292706273,0.6186427474824336,-0.12063494878462262,0.7763558205611117
680682.983648,286,0.93289515376091,0.5081436046993788,0.22821182022039055,680682.987982-0 680682.979314-1,0.6478179394641526,5.897119770718985,29.0080118805878,19.84607525612491,14.32534671809532,-24.21224685181749,-0.3356394276062571,-0.15269125197712163,0.929532977470839,-39.843769557697385,14.143407321815435,-21.75190292706273,0.6186427474824336,-0.12063494878462262,0.7763558205611117
680682.988686,286,0.93289515376091,0.5075093204202497,0.22979612282854633,680682.987982-0 680682.98939-1,0.6190682399351033,5.868465963883762,29.085091162796207,19.84607525612491,14.32534671809532,-24.21224685181749,-0.3356394276062571,-0.15269125197712163,0.929532977470839,-39.843769557697385,14.143407321815435,-21.75190292706273,0.6177727360903713,-0.12126507188019121,0.7769502100426439
680682.9916945,286,0.9463317692279816,0.5073375015038656,0.22923632108683278,680682.9939989999-0 680682.98939-1,0.6107410344893722,5.882328589493402,29.076590376855616,19.84607525612491,14.32534671809532,-24.21224685181749,-0.33582635656445026,-0.1522822883787738,0.9295325507386875,-39.843769557697385,14.143407321815435,-21.75190292706273,0.6177727360903713,-0.12126507188019121,0.7769502100426439
680682.9947094999,286,0.9463317692279816,0.5070080016291981,0.23283070786004567,680682.9939989999-0 680682.9954199999-1,0.5952294052196052,5.787778539812969,29.10503526238043,19.84607525612491,14.32534671809532,-24.21224685181749,-0.33582635656445026,-0.1522822883787738,0.9295325507386875,-39.843769557697385,14.143407321815435,-21.75190292706273,0.6173037809433776,-0.12419485117134237,0.7768601424809608
680682.998281,286,0.9771798253059387,0.5070453686743186,0.23322876803804193,680683.001142-0 680682.9954199999-1,0.5969850853410499,5.776793563665957,29.105532688922498,19.84607525612491,14.32534671809532,-24.21224685181749,-0.33578730741105534,-0.15263190977879512,0.9294893137088296,-39.843769557697385,14.143407321815435,-21.75190292706273,0.6173037809433776,-0.12419485117134237,0.7768601424809608
680683.002136,286,0.9771798253059387,0.5062648556330116,0.2369320837950346,680683.001142-0 680683.00313-1,0.5610484066145087,5.690682332442723,29.19321373639401,19.84607525612491,14.32534671809532,-24.21224685181749,-0.33578730741105534,-0.15263190977879512,0.9294893137088296,-39.843769557697385,14.143407321815435,-21.75190292706273,0.6162172393908087,-0.1266209517753857,0.7773309774150688
680683.006987,286,0.9772638380527496,0.5059812292407477,0.23710956263501293,680683.010844-0 680683.00313-1,0.547087909296053,5.681891265724181,29.17372294216602,19.84607525612491,14.32534671809532,-24.21224685181749,-0.3361017773837725,-0.15299517968507428,0.9293159151938595,-39.843769557697385,14.143407321815435,-21.75190292706273,0.6162172393908087,-0.1266209517753857,0.7773309774150688
680683.011193,286,0.9772638380527496,0.5049937441030636,0.24131384164881842,680683.010844-0 680683.011542-1,0.5014481705635241,5.586313280694063,29.287032167448086,19.84607525612491,14.32534671809532,-24.21224685181749,-0.3361017773837725,-0.15299517968507428,0.9293159151938595,-39.843769557697385,14.143407321815435,-21.75190292706273,0.6148386779423873,-0.12924297303368923,0.7779907801686794
680683.0151835,287,0.9867619574069977,0.5042947983368972,0.24122647372945494,680683.018825-0 680683.011542-1,0.4671840092355435,5.579965897406607,29.24148735254688,19.84607525612491,14.32534671809532,-24.21224685181749,-0.3368724001588862,-0.1533917054583102,0.9289714585000889,-39.843769557697385,14.143407321815435,-21.75190292706273,0.6148386779423873,-0.12924297303368923,0.7779907801686794
680683.018871,287,0.9867619574069977,0.5035112379451115,0.2418201569063133,680683.018825-0 680683.018917-1,0.43111063252638715,5.582885035280086,29.344320754689623,19.84607525612491,14.32534671809532,-24.21224685181749,-0.3368724001588862,-0.1533917054583102,0.9289714585000889,-39.843769557697385,14.143407321815435,-21.75190292706273,0.6137512587046864,-0.12875033928043142,0.7789305120314564
680683.02198,287,0.9334276020526886,0.5045025496419893,0.24418540680212797,680683.025043-0 680683.018917-1,0.47947327849127674,5.527046820470135,29.398269038287175,19.84607525612491,14.32534671809532,-24.21224685181749,-0.33578862063118636,-0.15494104493737096,0.9291067079987748,-39.843769557697385,14.143407321815435,-21.75190292706273,0.6137512587046864,-0.12875033928043142,0.7789305120314564
680683.0251565,287,0.9334276020526886,0.5041580820136778,0.24055782340486975,680683.025043-0 680683.02527-1,0.46414473459977224,5.640670102466736,29.461272922484525,19.84607525612491,14.32534671809532,-24.21224685181749,-0.33578862063118636,-0.15494104493737096,0.9291067079987748,-39.843769557697385,14.143407321815435,-21.75190292706273,0.613288754994663,-0.12487857137241995,0.779924512635088
680683.029473,287,0.935529500246048,0.5021896515250068,0.23750183505715683,680683.033676-0 680683.02527-1,0.36784807879117665,5.703933622283805,29.34592282688152,19.84607525612491,14.32534671809532,-24.21224685181749,-0.3379486419001889,-0.15340935637161757,0.9285775599353367,-39.843769557697385,14.143407321815435,-21.75190292706273,0.613288754994663,-0.12487857137241995,0.779924512635088
680683.0338305,287,0.935529500246048,0.5035283926794338,0.2328966135673599,680683.033676-0 680683.033985-1,0.430225672452643,5.801519156954061,29.18604091122734,19.84607525612491,14.32534671809532,-24.21224685181749,-0.3379486419001889,-0.15340935637161757,0.9285775599353367,-39.843769557697385,14.143407321815435,-21.75190292706273,0.6151666282710349,-0.1223615626918015,0.7788438016940668
680683.03722,287,0.9579339027404785,0.5047007394519383,0.23543163821363777,680683.040455-0 680683.033985-1,0.4872423300254969,5.74357969037396,29.25062445084059,19.84607525612491,14.32534671809532,-24.21224685181749,-0.33666809532693065,-0.15499184797208268,0.928779909693968,-39.843769557697385,14.143407321815435,-21.75190292706273,0.6151666282710349,-0.1223615626918015,0.7788438016940668
680683.0405405001,287,0.9579339027404785,0.5049408704274995,0.23301132165004457,680683.040455-0 680683.040626-1,0.4985906557422677,5.807010330972434,29.228840074838782,19.84607525612491,14.32534671809532,-24.21224685181749,-0.33666809532693065,-0.15499184797208268,0.928779909693968,-39.843769557697385,14.143407321815435,-21.75190292706273,0.6155086046943842,-0.12041064966042737,0.7788776752453019
680683.044476,287,0.9686697721481323,0.502485304565616,0.22999006635293517,680683.048326-0 680683.040626-1,0.37911331726906283,5.861844461103152,29.08279080920087,19.84607525612491,14.32534671809532,-24.21224685181749,-0.339357189263607,-0.1538429110792665,0.927991948675074,-39.843769557697385,14.143407321815435,-21.75190292706273,0.6155086046943842,-0.12041064966042737,0.7788776752453019
680683.0483265,288,0.9686697721481323,0.5032172732785511,0.22712309368512473,680683.048326-0 680683.048327-1,0.4130450500097389,5.924519361485442,28.997617665481577,19.84607525612491,14.32534671809532,-24.21224685181749,-0.339357189263607,-0.1538429110792665,0.927991948675074,-39.843769557697385,14.143407321815435,-21.75190292706273,0.6165292202068956,-0.11871543917525536,0.7783304986524062
680683.053389,288,0.9492812752723694,0.5026287928808777,0.22796185543498948,680683.058451-0 680683.048327-1,0.3844025266855411,5.89249100771289,28.95529859224377,19.84607525612491,14.32534671809532,-24.21224685181749,-0.3400057869477917,-0.15504550925222974,0.9275542867685587,-39.843769557697385,14.143407321815435,-21.75190292706273,0.6165292202068956,-0.11871543917525536,0.7783304986524062
680683.0583174999,288,0.9492812752723694,0.5032464009938399,0.22583886120294505,680683.058451-0 680683.058184-1,0.41287855875271084,5.936641980759729,28.88257806209427,19.84607525612491,14.32534671809532,-24.21224685181749,-0.3400057869477917,-0.15504550925222974,0.9275542867685587,-39.843769557697385,14.143407321815435,-21.75190292706273,0.6173855220519505,-0.11756675774802067,0.7778259282341125
680683.0614605,288,0.9492812752723694,0.5025165037207585,0.22460196870022298,680683.058451-0 680683.06447-1,0.3796602585865205,5.9919117467511365,28.984283532415326,19.84607525612491,14.32534671809532,-24.21224685181749,-0.3400057869477917,-0.15504550925222974,0.9275542867685587,-39.843769557697385,14.143407321815435,-21.75190292706273,0.6163852297455071,-0.11540161838050464,0.7789426904636431
680683.064514,288,0.9454174041748047,0.501462481109745,0.2227953044747243,680683.064558-0 680683.06447-1,0.3288924649929026,6.029756201192023,28.924778298818772,19.84607525612491,14.32534671809532,-24.21224685181749,-0.34115120677701527,-0.1540728261303163,0.9272957556048682,-39.843769557697385,14.143407321815435,-21.75190292706273,0.6163852297455071,-0.11540161838050464,0.7789426904636431
680683.068442,288,0.9454174041748047,0.5007320640850488,0.2231641426521226,680683.064558-0 680683.072326-1,0.29512525257928957,6.039326283436904,29.02042301576974,19.84607525612491,14.32534671809532,-24.21224685181749,-0.34115120677701527,-0.1540728261303163,0.9272957556048682,-39.843769557697385,14.143407321815435,-21.75190292706273,0.6153710281406649,-0.11473644172071758,0.7798423216691752
680683.0723329999,288,0.9193251132965088,0.5007929191529699,0.2235071233678657,680683.07234-0 680683.072326-1,0.2980332853538794,6.030231305402078,29.02270514515086,19.84607525612491,14.32534671809532,-24.21224685181749,-0.3410860031801064,-0.15435547136319308,0.927272735981635,-39.843769557697385,14.143407321815435,-21.75190292706273,0.6153710281406649,-0.11473644172071758,0.7798423216691752
680683.07716,288,0.9193251132965088,0.5000699883142908,0.22692287773737263,680683.07234-0 680683.08198-1,0.26415110572694545,5.951726448500312,29.104971086456036,19.84607525612491,14.32534671809532,-24.21224685181749,-0.3410860031801064,-0.15435547136319308,0.927272735981635,-39.843769557697385,14.143407321815435,-21.75190292706273,0.6143551929084399,-0.11695748373708503,0.7803131704285935
680683.081262,289,0.9281087815761566,0.49934341856646103,0.22692697993791,680683.080544-0 680683.08198-1,0.22905182056667073,5.941885780322286,29.05766875160815,19.84607525612491,14.32534671809532,-24.21224685181749,-0.34187915071064295,-0.15486467908975288,0.9268956669872813,-39.843769557697385,14.143407321815435,-21.75190292706273,0.6143551929084399,-0.11695748373708503,0.7803131704285935
680683.085143,289,0.9546201825141907,0.4986519675430078,0.2266669629341187,680683.088306-0 680683.08198-1,0.19577285968369118,5.940170091244506,29.01406745086859,19.84607525612491,14.32534671809532,-24.21224685181749,-0.3426313105365443,-0.1550985721360184,0.9265787705108391,-39.843769557697385,14.143407321815435,-21.75190292706273,0.6143551929084399,-0.11695748373708503,0.7803131704285935
680683.088612,289,0.9546201825141907,0.49899240518506244,0.2258121015328658,680683.088306-0 680683.088918-1,0.21171779563057136,5.955407180587639,28.972203816846,19.84607525612491,14.32534671809532,-24.21224685181749,-0.3426313105365443,-0.1550985721360184,0.9265787705108391,-39.843769557697385,14.143407321815435,-21.75190292706273,0.6148326317682784,-0.11662385458729198,0.779986994413429
680683.092588,289,0.8996307253837585,0.49730694594404234,0.22565321858586063,680683.096258-0 680683.088918-1,0.13103111319963112,5.9375550474022605,28.864335131194316,19.84607525612491,14.32534671809532,-24.21224685181749,-0.34445871441710413,-0.15611545031333635,0.9257300687757637,-39.843769557697385,14.143407321815435,-21.75190292706273,0.6148326317682784,-0.11662385458729198,0.779986994413429
680683.0962644999,289,0.8996307253837585,0.4977582086131996,0.22466928283715304,680683.096258-0 680683.096271-1,0.15215424742678785,5.953334605252777,28.808533756013478,19.84607525612491,14.32534671809532,-24.21224685181749,-0.34445871441710413,-0.15611545031333635,0.9257300687757637,-39.843769557697385,14.143407321815435,-21.75190292706273,0.6154640569690231,-0.11632491829243109,0.7795335194611521
680683.103102,289,0.9104750156402588,0.49705585527855245,0.2246022847446738,680683.1099329999-0 680683.096271-1,0.11873349412084622,5.9459381698195335,28.76391216487502,19.84607525612491,14.32534671809532,-24.21224685181749,-0.34521697802868284,-0.15653736019300807,0.9253762980239705,-39.843769557697385,14.143407321815435,-21.75190292706273,0.6154640569690231,-0.11632491829243109,0.7795335194611521
680683.109257,289,0.8808512389659882,0.49625962929327594,0.23044555392447763,680683.1099329999-0 680683.108581-1,0.08126381519440962,5.800683708215819,28.843888146376074,19.84607525612491,14.32534671809532,-24.21224685181749,-0.34521697802868284,-0.15653736019300807,0.9253762980239705,-39.843769557697385,14.143407321815435,-21.75190292706273,0.6143465075466551,-0.12071234299789328,0.779747971406907
680683.112476,290,0.9104750156402588,0.4959840671536761,0.23512686196874166,680683.1099329999-0 680683.115019-1,0.06820940200371695,5.67440702452299,28.859014127397767,19.84607525612491,14.32534671809532,-24.21224685181749,-0.34521697802868284,-0.15653736019300807,0.9253762980239705,-39.843769557697385,14.143407321815435,-21.75190292706273,0.6139575152871721,-0.12472571604185337,0.7794226486189946
680683.1168495,290,0.9130954444408417,0.49533538553000456,0.23272278921402434,680683.11868-0 680683.115019-1,0.03748595658788112,5.734788995339823,28.82895547542103,19.84607525612491,14.32534671809532,-24.21224685181749,-0.3459102880198412,-0.1547245471428781,0.9254222750471601,-39.843769557697385,14.143407321815435,-21.75190292706273,0.6139575152871721,-0.12472571604185337,0.7794226486189946
680683.1218,290,0.9130954444408417,0.4954100889793853,0.233864189037716,680683.11868-0 680683.12492-1,0.04099052860027719,5.700243900043522,28.81349977615103,19.84607525612491,14.32534671809532,-24.21224685181749,-0.3459102880198412,-0.1547245471428781,0.9254222750471601,-39.843769557697385,14.143407321815435,-21.75190292706273,0.6140620608841499,-0.125899516701274,0.779151523823894
680683.1259049999,290,0.8641865849494934,0.494488836837386,0.23440987094224874,680683.12689-0 680683.12492-1,-0.0025374439302510154,5.673131796344942,28.752327781250504,19.84607525612491,14.32534671809532,-24.21224685181749,-0.3468988378098556,-0.1558560331909902,0.9248622023005051,-39.843769557697385,14.143407321815435,-21.75190292706273,0.6140620608841499,-0.125899516701274,0.779151523823894
680683.1292099999,290,0.8641865849494934,0.4944682653941153,0.2373477204899248,680683.12689-0 680683.13153-1,-0.0034999709739302887,5.5901587584586245,28.740778484505714,19.84607525612491,14.32534671809532,-24.21224685181749,-0.3468988378098556,-0.1558560331909902,0.9248622023005051,-39.843769557697385,14.143407321815435,-21.75190292706273,0.6140332564388864,-0.1286213867193568,0.7787295415389391
680683.132259,290,0.8839496970176697,0.4937858888576369,0.23557540873781624,680683.1329879999-0 680683.13153-1,-0.03561585339626561,5.63197288099679,28.70582500580152,19.84607525612491,14.32534671809532,-24.21224685181749,-0.34762594996510704,-0.15466059604516802,0.9247898674519581,-39.843769557697385,14.143407321815435,-21.75190292706273,0.6140332564388864,-0.1286213867193568,0.7787295415389391
680683.13758,290,0.8839496970176697,0.4930619631653884,0.23838022636583678,680683.1329879999-0 680683.142172-1,-0.06985347156963506,5.571175747125434,28.78899267475626,19.84607525612491,14.32534671809532,-24.21224685181749,-0.34762594996510704,-0.15466059604516802,0.9247898674519581,-39.843769557697385,14.143407321815435,-21.75190292706273,0.6130139470059175,-0.13025509188011786,0.7792608753270808
680683.1413175,290,0.9230718910694122,0.49301864206227775,0.2404885260541857,680683.1404629999-0 680683.142172-1,-0.07183828341584686,5.510870550516922,28.776449556259436,19.84607525612491,14.32534671809532,-24.21224685181749,-0.3476736341000189,-0.1566525861680743,0.9244365913347113,-39.843769557697385,14.143407321815435,-21.75190292706273,0.6130139470059175,-0.13025509188011786,0.7792608753270808
680683.1451709999,291,0.9361627399921417,0.49275803927132056,0.23941707588418204,680683.14817-0 680683.142172-1,-0.08410664481895758,5.538065703684618,28.76492759010436,19.84607525612491,14.32534671809532,-24.21224685181749,-0.3479507986548196,-0.15582844855387887,0.9244715984478723,-39.843769557697385,14.143407321815435,-21.75190292706273,0.6130139470059175,-0.13025509188011786,0.7792608753270808
680683.148084,291,0.9361627399921417,0.4923111148819713,0.2419212470621207,680683.14817-0 680683.147998-1,-0.10529898355978062,5.478430133567784,28.81241296337381,19.84607525612491,14.32534671809532,-24.21224685181749,-0.3479507986548196,-0.15582844855387887,0.9244715984478723,-39.843769557697385,14.143407321815435,-21.75190292706273,0.6123833688427428,-0.13198754337997137,0.7794651358190007
680683.1518679999,291,0.9361627399921417,0.4925269034673101,0.24046735213863524,680683.14817-0 680683.155566-1,-0.09506830495070773,5.5141997511119385,28.790730193613783,19.84607525612491,14.32534671809532,-24.21224685181749,-0.3479507986548196,-0.15582844855387887,0.9244715984478723,-39.843769557697385,14.143407321815435,-21.75190292706273,0.6126878162134827,-0.13092185671103826,0.77940561153926
680683.155579,291,0.9613032937049866,0.4923669901307265,0.24360468405492763,680683.155592-0 680683.155566-1,-0.10246634585426939,5.42346305021136,28.765912275916644,19.84607525612491,14.32534671809532,-24.21224685181749,-0.34812279128594587,-0.15885060093301998,0.923892314488274,-39.843769557697385,14.143407321815435,-21.75190292706273,0.6126878162134827,-0.13092185671103826,0.77940561153926
680683.1596215,291,0.9613032937049866,0.4923144911093953,0.24250615800176423,680683.155592-0 680683.163651-1,-0.10500534229494463,5.455953121177585,28.778543694524245,19.84607525612491,14.32534671809532,-24.21224685181749,-0.34812279128594587,-0.15885060093301998,0.923892314488274,-39.843769557697385,14.143407321815435,-21.75190292706273,0.6126124141270719,-0.1298249244609076,0.7796483303683274
680683.1628755,291,0.9641876220703125,0.49237120963557474,0.23959797338539834,680683.1621-0 680683.163651-1,-0.10244574473649948,5.539047737506206,28.795779664478115,19.84607525612491,14.32534671809532,-24.21224685181749,-0.34806083783836445,-0.15610708880306676,0.9243831618915865,-39.843769557697385,14.143407321815435,-21.75190292706273,0.6126124141270719,-0.1298249244609076,0.7796483303683274
680683.1680925,291,0.9811715483665466,0.491892739147387,0.2381383545061474,680683.172534-0 680683.163651-1,-0.12495109363235102,5.574608814935275,28.772218307972388,19.84607525612491,14.32534671809532,-24.21224685181749,-0.34856999248406867,-0.1550655891161714,0.9243666066078495,-39.843769557697385,14.143407321815435,-21.75190292706273,0.6126124141270719,-0.1298249244609076,0.7796483303683274
680683.1720360001,291,0.9811715483665466,0.4919381672535028,0.2385470303099,680683.172534-0 680683.171538-1,-0.12276505635398571,5.561797556387711,28.764017425484873,19.84607525612491,14.32534671809532,-24.21224685181749,-0.34856999248406867,-0.1550655891161714,0.9243666066078495,-39.843769557697385,14.143407321815435,-21.75190292706273,0.6126772883402353,-0.13027018065630155,0.7795230723871044
680683.176356,291,0.9811715483665466,0.49292199066593845,0.2370751598850177,680683.172534-0 680683.180178-1,-0.07607841013243011,5.577916827151622,28.63939648573983,19.84607525612491,14.32534671809532,-24.21224685181749,-0.34856999248406867,-0.1550655891161714,0.9243666066078495,-39.843769557697385,14.143407321815435,-21.75190292706273,0.6140652450129181,-0.13024203849265684,0.7784348953358284
680683.1803165,292,0.9087869226932526,0.49202749445577,0.237716902252062,680683.180455-0 680683.180178-1,-0.11781404846742838,5.5489072280309175,28.580237250166938,19.84607525612491,14.32534671809532,-24.21224685181749,-0.34952021068466027,-0.15625569793978614,0.9238072197078245,-39.843769557697385,14.143407321815435,-21.75190292706273,0.6140652450129181,-0.13024203849265684,0.7784348953358284
680683.1840725,292,0.9087869226932526,0.49213942446850983,0.2361822925659035,680683.180455-0 680683.1876899999-1,-0.1125731553652809,5.589386116992015,28.57302478099238,19.84607525612491,14.32534671809532,-24.21224685181749,-0.34952021068466027,-0.15625569793978614,0.9238072197078245,-39.843769557697385,14.143407321815435,-21.75190292706273,0.6142211512307332,-0.12896233877695357,0.7785249466510185
680683.1888605,292,0.9426136016845703,0.4912117827030187,0.23562381298286028,680683.190031-0 680683.1876899999-1,-0.15574060108002818,5.593791294105742,28.517535777819543,19.84607525612491,14.32534671809532,-24.21224685181749,-0.35050250675483047,-0.15635283230318395,0.9234185316471357,-39.843769557697385,14.143407321815435,-21.75190292706273,0.6142211512307332,-0.12896233877695357,0.7785249466510185
680683.1921689999,292,0.9426136016845703,0.4922515920538048,0.23253446384512355,680683.190031-0 680683.194307-1,-0.10672039462520466,5.653609895007981,28.39492962860743,19.84607525612491,14.32534671809532,-24.21224685181749,-0.35050250675483047,-0.15635283230318395,0.9234185316471357,-39.843769557697385,14.143407321815435,-21.75190292706273,0.6156768717992461,-0.12750905160511805,0.777613934603964
680683.1953565,292,0.9470434486865997,0.4916879397448784,0.2319150339713123,680683.196406-0 680683.194307-1,-0.1328401363118612,5.664050838542772,28.362774900537275,19.84607525612491,14.32534671809532,-24.21224685181749,-0.3510976552362963,-0.15615337309208427,0.923226169776149,-39.843769557697385,14.143407321815435,-21.75190292706273,0.6156768717992461,-0.12750905160511805,0.777613934603964
680683.2007764999,292,0.9470434486865997,0.4913869274139646,0.23040198716134053,680683.196406-0 680683.205147-1,-0.14713229691406227,5.71468721941011,28.41006137302953,19.84607525612491,14.32534671809532,-24.21224685181749,-0.3510976552362963,-0.15615337309208427,0.923226169776149,-39.843769557697385,14.143407321815435,-21.75190292706273,0.6152526996974508,-0.12568071314157528,0.778247051943805
680683.205077,292,0.9295084774494171,0.49160731927860146,0.23067506315483466,680683.205007-0 680683.205147-1,-0.13691013515038897,5.709744941490498,28.422517657142635,19.84607525612491,14.32534671809532,-24.21224685181749,-0.3508648317267258,-0.15626000571533152,0.9232966373117693,-39.843769557697385,14.143407321815435,-21.75190292706273,0.6152526996974508,-0.12568071314157528,0.778247051943805
680683.209447,293,0.9695454835891724,0.49064733273185857,0.23063260014374576,680683.213747-0 680683.205147-1,-0.18130700298469904,5.699002467232923,28.36305480741857,19.84607525612491,14.32534671809532,-24.21224685181749,-0.35187797949522376,-0.15686135305292662,0.9228089745254778,-39.843769557697385,14.143407321815435,-21.75190292706273,0.6152526996974508,-0.12568071314157528,0.778247051943805
680683.212833,293,0.9695454835891724,0.49091493945155823,0.22828369430499573,680683.213747-0 680683.211919-1,-0.16878064477394972,5.758014048458735,28.339170773951576,19.84607525612491,14.32534671809532,-24.21224685181749,-0.35187797949522376,-0.15686135305292662,0.9228089745254778,-39.843769557697385,14.143407321815435,-21.75190292706273,0.6156240819796935,-0.12385810258446157,0.778245565429599
680683.2177495,293,0.9695454835891724,0.4920067045495357,0.22626890253362386,680683.213747-0 680683.221752-1,-0.11747453070635139,5.78532314217651,28.20535105098398,19.84607525612491,14.32534671809532,-24.21224685181749,-0.35187797949522376,-0.15686135305292662,0.9228089745254778,-39.843769557697385,14.143407321815435,-21.75190292706273,0.6171464728292777,-0.12349272677432589,0.7770970193664516
680683.221644,293,0.9253779649734497,0.49336917580114903,0.22873786449598965,680683.221536-0 680683.221752-1,-0.05447893890729816,5.733182466015465,28.278038613778996,19.84607525612491,14.32534671809532,-24.21224685181749,-0.3504418896729397,-0.15824119802753894,0.9231198216966572,-39.843769557697385,14.143407321815435,-21.75190292706273,0.6171464728292777,-0.12349272677432589,0.7770970193664516
680683.2250300001,293,0.990012526512146,0.4926912319234331,0.22927114104919766,680683.228308-0 680683.221752-1,-0.08580420679976264,5.709742011862974,28.23356264223272,19.84607525612491,14.32534671809532,-24.21224685181749,-0.35115842388164126,-0.15919061286617542,0.9226841876353213,-39.843769557697385,14.143407321815435,-21.75190292706273,0.6171464728292777,-0.12349272677432589,0.7770970193664516
680683.2296985,293,0.990012526512146,0.4930306806032648,0.22647425970262713,680683.228308-0 680683.231089-1,-0.0700344994760993,5.779125046974004,28.202408254943755,19.84607525612491,14.32534671809532,-24.21224685181749,-0.35115842388164126,-0.15919061286617542,0.9226841876353213,-39.843769557697385,14.143407321815435,-21.75190292706273,0.6176145099109106,-0.12135725315171629,0.777061602612673
680683.234461,293,0.9628532230854034,0.49353715605381787,0.22681700647005665,680683.237833-0 680683.231089-1,-0.04662416075380982,5.775907471946234,28.232100654426375,19.84607525612491,14.32534671809532,-24.21224685181749,-0.3506238115418545,-0.1591685614156748,0.9228912784487275,-39.843769557697385,14.143407321815435,-21.75190292706273,0.6176145099109106,-0.12135725315171629,0.777061602612673
680683.2400364999,293,0.9628532230854034,0.49424279005072036,0.2251318923609802,680683.237833-0 680683.2422399999-1,-0.01387755224146403,5.804276813312194,28.148107145322374,19.84607525612491,14.32534671809532,-24.21224685181749,-0.3506238115418545,-0.1591685614156748,0.9228912784487275,-39.843769557697385,14.143407321815435,-21.75190292706273,0.61858829623424,-0.12076159613945815,0.7763795184443434
680683.243975,294,0.947486162185669,0.4939267911072728,0.22477515183275176,680683.2457099999-0 680683.2422399999-1,-0.028471696364404053,5.810256560392007,28.130320145233654,19.84607525612491,14.32534671809532,-24.21224685181749,-0.35095710742423386,-0.1590501088205181,0.9227850083484213,-39.843769557697385,14.143407321815435,-21.75190292706273,0.61858829623424,-0.12076159613945815,0.7763795184443434
680683.2473845,294,0.947486162185669,0.49511389424474056,0.2212351830357363,680683.2457099999-0 680683.2490589999-1,0.026263722316709703,5.877274831505709,27.99323611658653,19.84607525612491,14.32534671809532,-24.21224685181749,-0.35095710742423386,-0.1590501088205181,0.9227850083484213,-39.843769557697385,14.143407321815435,-21.75190292706273,0.6202162403429545,-0.11910864540824585,0.775335376339725
680683.2521164999,294,0.9338243305683136,0.49497606870699773,0.2232693513146996,680683.2551739999-0 680683.2490589999-1,0.019905205826898253,5.818686112920648,27.97504766467185,19.84607525612491,14.32534671809532,-24.21224685181749,-0.3511062415633853,-0.16103263547286917,0.9223843545116621,-39.843769557697385,14.143407321815435,-21.75190292706273,0.6202162403429545,-0.11910864540824585,0.775335376339725
680683.255745,294,0.9338243305683136,0.4949091019720807,0.22228745028901864,680683.2551739999-0 680683.256316-1,0.016836341498041918,5.8478268955965795,27.988022912215687,19.84607525612491,14.32534671809532,-24.21224685181749,-0.3511062415633853,-0.16103263547286917,0.9223843545116621,-39.843769557697385,14.143407321815435,-21.75190292706273,0.6201244248966322,-0.11810577526721942,0.7755621983407585
680683.258775,294,0.8631401658058167,0.4947272609953116,0.22302895388228372,680683.261234-0 680683.256316-1,0.008468341648676159,5.824790791146883,27.973297598431504,19.84607525612491,14.32534671809532,-24.21224685181749,-0.3512993233222892,-0.16184420250565373,0.9221687695582682,-39.843769557697385,14.143407321815435,-21.75190292706273,0.6201244248966322,-0.11810577526721942,0.7755621983407585
680683.262797,294,0.8631401658058167,0.4960942325615747,0.2207430559662189,680683.261234-0 680683.26436-1,0.07090625129619887,5.851805393001717,27.809087683702995,19.84607525612491,14.32534671809532,-24.21224685181749,-0.3512993233222892,-0.16184420250565373,0.9221687695582682,-39.843769557697385,14.143407321815435,-21.75190292706273,0.6219829242224194,-0.11786507985777506,0.7741092073640825
680683.2666235,294,0.8928403854370117,0.49621641926399984,0.2205744880728766,680683.268887-0 680683.26436-1,0.07651649118175108,5.858061275470732,27.81733953110526,19.84607525612491,14.32534671809532,-24.21224685181749,-0.35117023960439614,-0.16160517312503705,0.9222598499530474,-39.843769557697385,14.143407321815435,-21.75190292706273,0.6219829242224194,-0.11786507985777506,0.7741092073640825
680683.2713794999,294,0.8928403854370117,0.49690307277484314,0.2199955926745648,680683.268887-0 680683.2738719999-1,0.10759897724672918,5.855794225592148,27.733036100188183,19.84607525612491,14.32534671809532,-24.21224685181749,-0.35117023960439614,-0.16160517312503705,0.9222598499530474,-39.843769557697385,14.143407321815435,-21.75190292706273,0.6229091955517473,-0.11826980726290652,0.7733022609478585
680683.2753699999,295,0.8735215663909912,0.49719521926692717,0.21995344234395797,680683.2768679999-0 680683.2738719999-1,0.12099825231413597,5.860716925874624,27.750964920799035,19.84607525612491,14.32534671809532,-24.21224685181749,-0.350862400481793,-0.16136807287102367,0.9224185172610347,-39.843769557697385,14.143407321815435,-21.75190292706273,0.6229091955517473,-0.11826980726290652,0.7733022609478585
680683.2797325,295,0.8735215663909912,0.49714866665917573,0.21935791097046986,680683.2768679999-0 680683.282597-1,0.1189223692278567,5.87843390176187,27.75941857063272,19.84607525612491,14.32534671809532,-24.21224685181749,-0.350862400481793,-0.16136807287102367,0.9224185172610347,-39.843769557697385,14.143407321815435,-21.75190292706273,0.6228469900265352,-0.11765591568771497,0.7734459984501634
680683.2835445,295,0.9389654695987701,0.4961957325704699,0.22002255499895873,680683.284492-0 680683.282597-1,0.07525408260562116,5.847746901265902,27.698420805250834,19.84607525612491,14.32534671809532,-24.21224685181749,-0.35186687673730327,-0.16262948569589097,0.9218141631790137,-39.843769557697385,14.143407321815435,-21.75190292706273,0.6228469900265352,-0.11765591568771497,0.7734459984501634
680683.287029,295,0.9389654695987701,0.49593066454434365,0.2209361029240665,680683.284492-0 680683.289566-1,0.06324197782869767,5.829555915056569,27.727868793839328,19.84607525612491,14.32534671809532,-24.21224685181749,-0.35186687673730327,-0.16262948569589097,0.9218141631790137,-39.843769557697385,14.143407321815435,-21.75190292706273,0.6224896170642866,-0.11813670280855752,0.7736603880881328
680683.2908935,295,0.8961027264595032,0.49617222909460634,0.22171307531826823,680683.292221-0 680683.289566-1,0.07427185201317776,5.8110886764715035,27.738720761989995,19.84607525612491,14.32534671809532,-24.21224685181749,-0.3516148640836776,-0.16318528541284594,0.9218121012332963,-39.843769557697385,14.143407321815435,-21.75190292706273,0.6224896170642866,-0.11813670280855752,0.7736603880881328
680683.2942814999,295,0.8961027264595032,0.4970482037094728,0.21941319859713893,680683.292221-0 680683.296342-1,0.11383775262617135,5.85134707168361,27.638479981288018,19.84607525612491,14.32534671809532,-24.21224685181749,-0.3516148640836776,-0.16318528541284594,0.9218121012332963,-39.843769557697385,14.143407321815435,-21.75190292706273,0.6236676666368928,-0.11721082838207375,0.7728520319580465
680683.2990005,295,0.922846645116806,0.49760489237853245,0.21856890097167336,680683.301659-0 680683.296342-1,0.13934603698713488,5.88189590482041,27.676259185003786,19.84607525612491,14.32534671809532,-24.21224685181749,-0.351026858167672,-0.16202629896531162,0.9222405452421492,-39.843769557697385,14.143407321815435,-21.75190292706273,0.6236676666368928,-0.11721082838207375,0.7728520319580465
680683.3040674999,295,0.922846645116806,0.49675855407985436,0.21898917958754083,680683.301659-0 680683.306476-1,0.10120139454407351,5.892875285514827,27.781039380516813,19.84607525612491,14.32534671809532,-24.21224685181749,-0.351026858167672,-0.16202629896531162,0.9222405452421492,-39.843769557697385,14.143407321815435,-21.75190292706273,0.6225301735241542,-0.11644086223512229,0.7738848161412186
680683.3077205,295,0.9251212477684021,0.49670358560608374,0.22014807098947453,680683.308965-0 680683.306476-1,0.09863953731838215,5.859940912525296,27.772028341318464,19.84607525612491,14.32534671809532,-24.21224685181749,-0.35108782974457586,-0.16313841819823466,0.922021253720879,-39.843769557697385,14.143407321815435,-21.75190292706273,0.6225301735241542,-0.11644086223512229,0.7738848161412186
680683.312956,296,0.9251212477684021,0.4976935818900617,0.21876472612590248,680683.308965-0 680683.316947-1,0.1432594885055103,5.871823477769816,27.653418891811,19.84607525612491,14.32534671809532,-24.21224685181749,-0.35108782974457586,-0.16313841819823466,0.922021253720879,-39.843769557697385,14.143407321815435,-21.75190292706273,0.6238602445653555,-0.11651631406863203,0.7728016199560628
680683.317361,296,0.9664759635925293,0.4967860540737587,0.21918404146899795,680683.317775-0 680683.316947-1,0.10177402091230725,5.848562231552282,27.596570039827284,19.84607525612491,14.32534671809532,-24.21224685181749,-0.35204281224318695,-0.16414140372442876,0.9214789514314922,-39.843769557697385,14.143407321815435,-21.75190292706273,0.6238602445653555,-0.11651631406863203,0.7728016199560628
680683.322143,296,0.9664759635925293,0.496695079048164,0.22014005461260888,680683.317775-0 680683.3265109999-1,0.09765630175815865,5.824667821541089,27.603849166426272,19.84607525612491,14.32534671809532,-24.21224685181749,-0.35204281224318695,-0.16414140372442876,0.9214789514314922,-39.843769557697385,14.143407321815435,-21.75190292706273,0.6237381045992884,-0.11727259740132706,0.7727858142911485
680683.3253764999,296,0.9666712284088135,0.4967563940181763,0.22085509937044523,680683.324242-0 680683.3265109999-1,0.10042766638166079,5.805691849990951,27.604026014514435,19.84607525612491,14.32534671809532,-24.21224685181749,-0.35198040395480923,-0.1647604760717651,0.9213923055661006,-39.843769557697385,14.143407321815435,-21.75190292706273,0.6237381045992884,-0.11727259740132706,0.7727858142911485
680683.3310664999,296,0.9085353016853333,0.496683774779637,0.21955431024765604,680683.335622-0 680683.3265109999-1,0.09716035913713306,5.840712966660321,27.60603985643839,19.84607525612491,14.32534671809532,-24.21224685181749,-0.35205312597733807,-0.16360781459291196,0.921569899407373,-39.843769557697385,14.143407321815435,-21.75190292706273,0.6237381045992884,-0.11727259740132706,0.7727858142911485
680683.3344585,296,0.9085353016853333,0.49687544682747575,0.2186577433820064,680683.335622-0 680683.333295-1,0.1057987121873527,5.860303422709959,27.58590581886373,19.84607525612491,14.32534671809532,-24.21224685181749,-0.35205312597733807,-0.16360781459291196,0.921569899407373,-39.843769557697385,14.143407321815435,-21.75190292706273,0.6239950402799871,-0.11670826183288009,0.7726638152042098
680683.3389165001,296,0.9085353016853333,0.49629367781163136,0.21945423196271885,680683.335622-0 680683.342211-1,0.07959768536692557,5.853816543359797,27.65541180598645,19.84607525612491,14.32534671809532,-24.21224685181749,-0.35205312597733807,-0.16360781459291196,0.921569899407373,-39.843769557697385,14.143407321815435,-21.75190292706273,0.6232146855967894,-0.11664777912080133,0.7733024966225568
680683.342101,296,0.9330577850341797,0.49554545171345354,0.21839897441456468,680683.341991-0 680683.342211-1,0.04551658482690257,5.873439331463054,27.61543463791637,19.84607525612491,14.32534671809532,-24.21224685181749,-0.35283519680797343,-0.16313767494989412,0.9213541245934819,-39.843769557697385,14.143407321815435,-21.75190292706273,0.6232146855967894,-0.11664777912080133,0.7733024966225568
680683.3473755,297,0.9441978633403778,0.49480220919475293,0.21705926626426741,680683.35254-0 680683.342211-1,0.011747991103208122,5.900953611177471,27.577226365539907,19.84607525612491,14.32534671809532,-24.21224685181749,-0.3536100910908387,-0.16240117887343633,0.9211871474240436,-39.843769557697385,14.143407321815435,-21.75190292706273,0.6232146855967894,-0.11664777912080133,0.7733024966225568
680683.350851,297,0.9441978633403778,0.4942261912059037,0.2178654592595849,680683.35254-0 680683.349162-1,-0.014413652423387546,5.894213829892677,27.646230656110735,19.84607525612491,14.32534671809532,-24.21224685181749,-0.3536100910908387,-0.16240117887343633,0.9211871474240436,-39.843769557697385,14.143407321815435,-21.75190292706273,0.6224371620698167,-0.11659885774298027,0.7739358407823642
680683.3544045,297,0.9441978633403778,0.49402146357000154,0.2167806225717538,680683.35254-0 680683.356269-1,-0.0237549443826488,5.929717457274318,27.67684458423265,19.84607525612491,14.32534671809532,-24.21224685181749,-0.3536100910908387,-0.16240117887343633,0.9211871474240436,-39.843769557697385,14.143407321815435,-21.75190292706273,0.6221588006888993,-0.11531306408958215,0.7743521963393806
680683.3574524999,297,0.9218343794345856,0.4946262491921873,0.21765858600308274,680683.358636-0 680683.356269-1,0.0037847245131441554,5.913152543338554,27.709129083576837,19.84607525612491,14.32534671809532,-24.21224685181749,-0.35297828492721117,-0.1628052907301594,0.9213581104435521,-39.843769557697385,14.143407321815435,-21.75190292706273,0.6221588006888993,-0.11531306408958215,0.7743521963393806
680683.3615765,297,0.9218343794345856,0.4944179837803088,0.21869214190641095,680683.358636-0 680683.364517-1,-0.005708472443048507,5.890171840664426,27.730989121832376,19.84607525612491,14.32534671809532,-24.21224685181749,-0.35297828492721117,-0.1628052907301594,0.9213581104435521,-39.843769557697385,14.143407321815435,-21.75190292706273,0.6218770438615654,-0.11598184216285519,0.7744786340542332
680683.364802,297,0.9020693302154541,0.49386201933103024,0.21876824445418086,680683.365087-0 680683.364517-1,-0.03102236421447735,5.880926910754408,27.697010430965133,19.84607525612491,14.32534671809532,-24.21224685181749,-0.3535605366950084,-0.16325149423053956,0.9210558596108238,-39.843769557697385,14.143407321815435,-21.75190292706273,0.6218770438615654,-0.11598184216285519,0.7744786340542332
680683.3691789999,297,0.9020693302154541,0.4936581283362894,0.22021736840180306,680683.365087-0 680683.373271-1,-0.04032399221552119,5.846343376607119,27.71645052649672,19.84607525612491,14.32534671809532,-24.21224685181749,-0.3535605366950084,-0.16325149423053956,0.9210558596108238,-39.843769557697385,14.143407321815435,-21.75190292706273,0.6216014314778534,-0.11704044367635671,0.774540634782143
680683.3737534999,297,0.9316597580909729,0.4932911866627351,0.21912426782953387,680683.374236-0 680683.373271-1,-0.05702175393367348,5.8719716114396885,27.699569913079745,19.84607525612491,14.32534671809532,-24.21224685181749,-0.35394256063253926,-0.1624870609400457,0.9210443088146992,-39.843769557697385,14.143407321815435,-21.75190292706273,0.6216014314778534,-0.11704044367635671,0.774540634782143
680683.3781445001,297,0.9316597580909729,0.49233101005449215,0.22228687597851782,680683.374236-0 680683.382053-1,-0.10108499603713028,5.810187824500327,27.80760868772633,19.84607525612491,14.32534671809532,-24.21224685181749,-0.35394256063253926,-0.1624870609400457,0.9210443088146992,-39.843769557697385,14.143407321815435,-21.75190292706273,0.6202945438753382,-0.11864162289697174,0.7753443390873881
680683.381548,297,0.8907667398452759,0.4920414674514528,0.22156151943569224,680683.381043-0 680683.382053-1,-0.11427472781031156,5.826667227937391,27.793546815741983,19.84607525612491,14.32534671809532,-24.21224685181749,-0.3542443701418977,-0.1620100466426614,0.9210123077405713,-39.843769557697385,14.143407321815435,-21.75190292706273,0.6202945438753382,-0.11864162289697174,0.7753443390873881
680683.3851975,298,0.9451328814029694,0.4918437121809659,0.22042052392908262,680683.388342-0 680683.382053-1,-0.12330641977817614,5.855840038159354,27.787008696795503,19.84607525612491,14.32534671809532,-24.21224685181749,-0.35444995950075614,-0.1610867275408562,0.9210951592642804,-39.843769557697385,14.143407321815435,-21.75190292706273,0.6202945438753382,-0.11864162289697174,0.7753443390873881
680683.3885685,298,0.9451328814029694,0.49173189400486655,0.22203081694789928,680683.388342-0 680683.388795-1,-0.12840672570515643,5.814198684817111,27.79390836554809,19.84607525612491,14.32534671809532,-24.21224685181749,-0.35444995950075614,-0.1610867275408562,0.9210951592642804,-39.843769557697385,14.143407321815435,-21.75190292706273,0.6201438901623655,-0.1199788992968037,0.7752590658727027
680683.3926115,298,0.982229083776474,0.4928842253986622,0.22347893808702834,680683.396428-0 680683.388795-1,-0.07592043123432468,5.788509471883279,27.856848577546554,19.84607525612491,14.32534671809532,-24.21224685181749,-0.3532467690872532,-0.16165432364726082,0.9214578665221559,-39.843769557697385,14.143407321815435,-21.75190292706273,0.6201438901623655,-0.1199788992968037,0.7752590658727027
680683.3963995,298,0.982229083776474,0.4924929052054723,0.22489261915187497,680683.396428-0 680683.396371-1,-0.0939524806764176,5.759676381187583,27.900536318881024,19.84607525612491,14.32534671809532,-24.21224685181749,-0.3532467690872532,-0.16165432364726082,0.9214578665221559,-39.843769557697385,14.143407321815435,-21.75190292706273,0.6196089197460511,-0.12074962555931283,0.7755670921966823
680683.4010095,298,0.982229083776474,0.49228504024171116,0.22613552526036118,680683.396428-0 680683.405591-1,-0.10353219965881877,5.730665227928737,27.92148757436278,19.84607525612491,14.32534671809532,-24.21224685181749,-0.3532467690872532,-0.16165432364726082,0.9214578665221559,-39.843769557697385,14.143407321815435,-21.75190292706273,0.6193249293213478,-0.1216150401087122,0.775658696812241
680683.404978,298,0.9277359247207642,0.49217548425681246,0.22477673956017707,680683.404365-0 680683.405591-1,-0.1085828601297969,5.767076020762109,27.921264191848437,19.84607525612491,14.32534671809532,-24.21224685181749,-0.3533603980694922,-0.16047074121412952,0.9216211641940292,-39.843769557697385,14.143407321815435,-21.75190292706273,0.6193249293213478,-0.1216150401087122,0.775658696812241
680683.4092534999,298,1.0,0.4895899533566254,0.22225854533664113,680683.412916-0 680683.405591-1,-0.22609932677972822,5.804603207694293,27.776542229780922,19.84607525612491,14.32534671809532,-24.21224685181749,-0.35605581996910024,-0.1598683420903819,0.9206879852932828,-39.843769557697385,14.143407321815435,-21.75190292706273,0.6193249293213478,-0.1216150401087122,0.775658696812241
680683.4127664999,298,1.0,0.48931996176224724,0.2236251586997544,680683.412916-0 680683.4126169999-1,-0.2386070699731384,5.773960762721704,27.804759054178238,19.84607525612491,14.32534671809532,-24.21224685181749,-0.35605581996910024,-0.1598683420903819,0.9206879852932828,-39.843769557697385,14.143407321815435,-21.75190292706273,0.618955131834075,-0.12250722580499569,0.7758134597967649
680683.416614,298,1.0,0.4888804433014452,0.2250886532281432,680683.412916-0 680683.420312-1,-0.25908069200460204,5.745121701763964,27.85444331689646,19.84607525612491,14.32534671809532,-24.21224685181749,-0.35605581996910024,-0.1598683420903819,0.9206879852932828,-39.843769557697385,14.143407321815435,-21.75190292706273,0.6183497638545931,-0.12325445289727273,0.7761777563045483
680683.420313,299,0.8973563313484192,0.4900628702279805,0.2249672088982796,680683.420314-0 680683.420312-1,-0.20551253402033964,5.763172300715128,27.926587250860404,19.84607525612491,14.32534671809532,-24.21224685181749,-0.35482535576167745,-0.15897071198823903,0.9213182292989492,-39.843769557697385,14.143407321815435,-21.75190292706273,0.6183497638545931,-0.12325445289727273,0.7761777563045483
680683.42448,299,0.8973563313484192,0.49007947677792396,0.22561780040955404,680683.420314-0 680683.428646-1,-0.20468752846398708,5.744622161295628,27.9212887234788,19.84607525612491,14.32534671809532,-24.21224685181749,-0.35482535576167745,-0.15897071198823903,0.9213182292989492,-39.843769557697385,14.143407321815435,-21.75190292706273,0.6183742977183894,-0.12388150642706168,0.7760583742777669
680683.428507,299,1.0,0.49016584087667886,0.22444728424130822,680683.428368-0 680683.428646-1,-0.20084630763201616,5.778226510667809,27.93192550505304,19.84607525612491,14.32534671809532,-24.21224685181749,-0.35473542621627374,-0.1578312850939469,0.9215487305795346,-39.843769557697385,14.143407321815435,-21.75190292706273,0.6183742977183894,-0.12388150642706168,0.7760583742777669
680683.433203,299,0.9220196902751923,0.48932986706116727,0.22376711341732247,680683.43776-0 680683.428646-1,-0.23883043308882712,5.786690612935528,27.88439628090835,19.84607525612491,14.32534671809532,-24.21224685181749,-0.35560654875847697,-0.15775914361216423,0.9212252900820957,-39.843769557697385,14.143407321815435,-21.75190292706273,0.6183742977183894,-0.12388150642706168,0.7760583742777669
680683.437079,299,0.9220196902751923,0.4887612452500779,0.22625763559197953,680683.43776-0 680683.436398-1,-0.265348246198835,5.732626885816995,27.945986852599674,19.84607525612491,14.32534671809532,-24.21224685181749,-0.35560654875847697,-0.15775914361216423,0.9212252900820957,-39.843769557697385,14.143407321815435,-21.75190292706273,0.6175900172883193,-0.1254051678113586,0.7764380943977559
680683.4410475,299,0.9220196902751923,0.48785118406424743,0.2269390880136345,680683.43776-0 680683.444335-1,-0.30835189383453,5.7380474616377,28.06152443384196,19.84607525612491,14.32534671809532,-24.21224685181749,-0.35560654875847697,-0.15775914361216423,0.9212252900820957,-39.843769557697385,14.143407321815435,-21.75190292706273,0.6163186378893866,-0.12477220492021421,0.7775495054782808
680683.4443345,299,0.9776599407196045,0.48729227232314265,0.22525214854476017,680683.444334-0 680683.444335-1,-0.33389669009535616,5.778140704800704,28.035154063442494,19.84607525612491,14.32534671809532,-24.21224685181749,-0.35618999493733106,-0.1565687342209243,0.921202973817932,-39.843769557697385,14.143407321815435,-21.75190292706273,0.6163186378893866,-0.12477220492021421,0.7775495054782808
680683.4483675,300,0.9404935240745544,0.4871190659677801,0.22289638870521933,680683.4524-0 680683.444335-1,-0.3420199925912275,5.841671378274569,28.03517475766646,19.84607525612491,14.32534671809532,-24.21224685181749,-0.35637309245597154,-0.1545022122830737,0.9214810282219615,-39.843769557697385,14.143407321815435,-21.75190292706273,0.6163186378893866,-0.12477220492021421,0.7775495054782808
680683.453715,300,0.9404935240745544,0.48686004177873754,0.22296156438369952,680683.4524-0 680683.45503-1,-0.3543766992230015,5.846969925489793,28.068911180093362,19.84607525612491,14.32534671809532,-24.21224685181749,-0.35637309245597154,-0.1545022122830737,0.9214810282219615,-39.843769557697385,14.143407321815435,-21.75190292706273,0.6159537973542453,-0.12446790975785796,0.7778873047976776
680683.4582664999,300,0.8980439603328705,0.4862046108800375,0.2242051453968027,680683.461503-0 680683.45503-1,-0.383905273231532,5.804072030411468,28.02352003382168,19.84607525612491,14.32534671809532,-24.21224685181749,-0.3570523298523897,-0.15609016099439518,0.9209503218891474,-39.843769557697385,14.143407321815435,-21.75190292706273,0.6159537973542453,-0.12446790975785796,0.7778873047976776
680683.4611675,300,0.8980439603328705,0.485518474170793,0.224657467563952,680683.461503-0 680683.460832-1,-0.41677588887819716,5.810204093051209,28.111729266602296,19.84607525612491,14.32534671809532,-24.21224685181749,-0.3570523298523897,-0.15609016099439518,0.9209503218891474,-39.843769557697385,14.143407321815435,-21.75190292706273,0.6149842594847078,-0.12392294017154587,0.7787409488946149
680683.4649765,300,0.8980439603328705,0.4847327713265613,0.22572589538434373,680683.461503-0 680683.46845-1,-0.4545767009728845,5.8017763913609395,28.21058090647539,19.84607525612491,14.32534671809532,-24.21224685181749,-0.3570523298523897,-0.15609016099439518,0.9209503218891474,-39.843769557697385,14.143407321815435,-21.75190292706273,0.6138699496008921,-0.12381182993197272,0.779637297559509
680683.4683945,300,0.9275631904602051,0.48513860199232095,0.22239213778335976,680683.468339-0 680683.46845-1,-0.4366412772192838,5.900436554332813,28.250210136732402,19.84607525612491,14.32534671809532,-24.21224685181749,-0.356636875301512,-0.15272140755187316,0.9216758165703103,-39.843769557697385,14.143407321815435,-21.75190292706273,0.6138699496008921,-0.12381182993197272,0.779637297559509
680683.4726595001,300,0.9593764841556549,0.4833227155016776,0.22140086667474668,680683.476869-0 680683.46845-1,-0.5191029730970023,5.905299824426746,28.143558388492945,19.84607525612491,14.32534671809532,-24.21224685181749,-0.35852573296751566,-0.1530102669449355,0.9208947589217483,-39.843769557697385,14.143407321815435,-21.75190292706273,0.6138699496008921,-0.12381182993197272,0.779637297559509
680683.4782525001,301,0.9593764841556549,0.48398465888058606,0.22042560534701872,680683.476869-0 680683.479636-1,-0.4871163283420117,5.914147302843504,28.060599125170306,19.84607525612491,14.32534671809532,-24.21224685181749,-0.35852573296751566,-0.1530102669449355,0.9208947589217483,-39.843769557697385,14.143407321815435,-21.75190292706273,0.6148113671423572,-0.12384351220580257,0.7788900868011333
680683.4824355,301,0.9210889041423798,0.48460227774732445,0.22011442601037567,680683.485235-0 680683.479636-1,-0.4592764549602588,5.930671655803655,28.09947449541313,19.84607525612491,14.32534671809532,-24.21224685181749,-0.3578863443969796,-0.1523095359853028,0.9212595561198311,-39.843769557697385,14.143407321815435,-21.75190292706273,0.6148113671423572,-0.12384351220580257,0.7788900868011333
680683.4860405,301,0.9210889041423798,0.48527689032139226,0.22059018434471855,680683.485235-0 680683.486846-1,-0.42666807112216176,5.898391446384576,28.007824077457116,19.84607525612491,14.32534671809532,-24.21224685181749,-0.3578863443969796,-0.1523095359853028,0.9212595561198311,-39.843769557697385,14.143407321815435,-21.75190292706273,0.6157720591033825,-0.12525144911088196,0.7779054220939745
680683.489788,301,0.976795107126236,0.48512275074625466,0.22013575122323048,680683.4927299999-0 680683.486846-1,-0.4336892195315549,5.909123326787183,28.00046289384972,19.84607525612491,14.32534671809532,-24.21224685181749,-0.3580470058281338,-0.1519909388601561,0.9212497468775319,-39.843769557697385,14.143407321815435,-21.75190292706273,0.6157720591033825,-0.12525144911088196,0.7779054220939745
680683.4947495,301,0.976795107126236,0.4838932855488344,0.222609208132462,680683.4927299999-0 680683.496769-1,-0.4927138868568406,5.873942734337428,28.150631395610766,19.84607525612491,14.32534671809532,-24.21224685181749,-0.3580470058281338,-0.1519909388601561,0.9212497468775319,-39.843769557697385,14.143407321815435,-21.75190292706273,0.6140334036770511,-0.12581806299342405,0.7791872651637464
680683.4989835001,301,0.9533591270446777,0.48305341237559557,0.22335192486113253,680683.501198-0 680683.496769-1,-0.5304874475837327,5.842674330941053,28.096351165600673,19.84607525612491,14.32534671809532,-24.21224685181749,-0.35891456231882085,-0.1532365866551347,0.9207056453969273,-39.843769557697385,14.143407321815435,-21.75190292706273,0.6140334036770511,-0.12581806299342405,0.7791872651637464
680683.5028230001,301,0.9533591270446777,0.4833377419076875,0.22288995930184397,680683.501198-0 680683.504448-1,-0.5167468684419507,5.847741618093338,28.060967729409544,19.84607525612491,14.32534671809532,-24.21224685181749,-0.35891456231882085,-0.1532365866551347,0.9207056453969273,-39.843769557697385,14.143407321815435,-21.75190292706273,0.6144376259141348,-0.12579044828014288,0.7788730108191465
680683.5071335,301,0.9143958687782288,0.4830397323786483,0.22291167734630557,680683.509819-0 680683.504448-1,-0.5301494570266208,5.843424251320964,28.042822999556403,19.84607525612491,14.32534671809532,-24.21224685181749,-0.35922234264505604,-0.15345385454020408,0.9205494137043115,-39.843769557697385,14.143407321815435,-21.75190292706273,0.6144376259141348,-0.12579044828014288,0.7788730108191465
680683.510302,302,0.9143958687782288,0.4816677050539459,0.22515577161218425,680683.509819-0 680683.5107849999-1,-0.5967937419180132,5.818490093147777,28.214206198221525,19.84607525612491,14.32534671809532,-24.21224685181749,-0.35922234264505604,-0.15345385454020408,0.9205494137043115,-39.843769557697385,14.143407321815435,-21.75190292706273,0.6124785236494827,-0.1259360725016621,0.7803910325670111
680683.5139659999,302,0.9912908673286438,0.4824245737328809,0.2263575636191575,680683.517147-0 680683.5107849999-1,-0.56239404008336,5.794179573940855,28.255211038054437,19.84607525612491,14.32534671809532,-24.21224685181749,-0.3584354267708547,-0.15406936444001615,0.9207533197206756,-39.843769557697385,14.143407321815435,-21.75190292706273,0.6124785236494827,-0.1259360725016621,0.7803910325670111
680683.5188835,302,0.9912908673286438,0.48247193504601327,0.22519866324013837,680683.517147-0 680683.52062-1,-0.5603058070085822,5.825583910814583,28.25496730528518,19.84607525612491,14.32534671809532,-24.21224685181749,-0.3584354267708547,-0.15406936444001615,0.9207533197206756,-39.843769557697385,14.143407321815435,-21.75190292706273,0.6125400059231444,-0.12491511572013102,0.7805068577586622
680683.522414,302,0.9711593389511108,0.48248809823265226,0.22573900094613664,680683.5242079999-0 680683.52062-1,-0.5594742286045076,5.810626311809492,28.253591902166004,19.84607525612491,14.32534671809532,-24.21224685181749,-0.35841710149320893,-0.15456042905866174,0.9206781495867103,-39.843769557697385,14.143407321815435,-21.75190292706273,0.6125400059231444,-0.12491511572013102,0.7805068577586622
680683.5252029999,302,0.9711593389511108,0.4830795946741534,0.2255361484870788,680683.5242079999-0 680683.526198-1,-0.5305604558206998,5.799942850794843,28.17543471287725,19.84607525612491,14.32534671809532,-24.21224685181749,-0.35841710149320893,-0.15456042905866174,0.9206781495867103,-39.843769557697385,14.143407321815435,-21.75190292706273,0.6133904036476163,-0.1255674906456319,0.7797339405245699
680683.529213,302,0.9436124861240387,0.4837403428824059,0.22553896823156983,680683.532228-0 680683.526198-1,-0.5006847774628547,5.808058808169749,28.21575648076481,19.84607525612491,14.32534671809532,-24.21224685181749,-0.3577322585502077,-0.15412614631141133,0.9210172431696166,-39.843769557697385,14.143407321815435,-21.75190292706273,0.6133904036476163,-0.1255674906456319,0.7797339405245699
680683.532231,302,0.9436124861240387,0.48322042824039657,0.22673341910453515,680683.532228-0 680683.532234-1,-0.5258571082466279,5.788741837294937,28.279140128731427,19.84607525612491,14.32534671809532,-24.21224685181749,-0.3577322585502077,-0.15412614631141133,0.9210172431696166,-39.843769557697385,14.143407321815435,-21.75190292706273,0.6126494384167794,-0.1259490997500244,0.780254759600839
680683.536265,302,0.975018322467804,0.4828572087868614,0.22714862675511371,680683.540296-0 680683.532234-1,-0.5422304846756525,5.772611451581411,28.25507585501094,19.84607525612491,14.32534671809532,-24.21224685181749,-0.3581078639748464,-0.1547512527557041,0.9207664239805409,-39.843769557697385,14.143407321815435,-21.75190292706273,0.6126494384167794,-0.1259490997500244,0.780254759600839
680683.5408075,302,0.975018322467804,0.4825880068807685,0.22745401216197203,680683.540296-0 680683.541319-1,-0.5553747741929911,5.771423096412888,28.28963042956509,19.84607525612491,14.32534671809532,-24.21224685181749,-0.3581078639748464,-0.1547512527557041,0.9207664239805409,-39.843769557697385,14.143407321815435,-21.75190292706273,0.6122628222362803,-0.12585280792203193,0.7805737039161678
680683.5448769999,303,0.95859494805336,0.4843440764903334,0.22831699950827122,680683.548435-0 680683.541319-1,-0.47544402475482883,5.768879066756385,28.393825640846796,19.84607525612491,14.32534671809532,-24.21224685181749,-0.3562798492760614,-0.15439217987954312,0.9215355249754995,-39.843769557697385,14.143407321815435,-21.75190292706273,0.6122628222362803,-0.12585280792203193,0.7805737039161678
680683.5484335,303,0.95859494805336,0.48394818044363863,0.22929824398643062,680683.548435-0 680683.548432-1,-0.4946592320354579,5.751970965764279,28.44208066371385,19.84607525612491,14.32534671809532,-24.21224685181749,-0.3562798492760614,-0.15439217987954312,0.9215355249754995,-39.843769557697385,14.143407321815435,-21.75190292706273,0.6116966815127116,-0.12621353409490607,0.7809592266166079
680683.552363,303,0.95859494805336,0.4837304268459805,0.22868446093501205,680683.548435-0 680683.556291-1,-0.5054633111482563,5.775376332775599,28.474752094043282,19.84607525612491,14.32534671809532,-24.21224685181749,-0.3562798492760614,-0.15439217987954312,0.9215355249754995,-39.843769557697385,14.143407321815435,-21.75190292706273,0.611378512832083,-0.12532721778656053,0.7813510110885572
680683.556744,303,0.9600820243358612,0.4827015588475356,0.22787773880567608,680683.557197-0 680683.556291-1,-0.5524886491040828,5.785363551771399,28.414708101590932,19.84607525612491,14.32534671809532,-24.21224685181749,-0.3573537851209638,-0.15432257025500776,0.9211312699988031,-39.843769557697385,14.143407321815435,-21.75190292706273,0.611378512832083,-0.12532721778656053,0.7813510110885572
680683.560732,303,0.9600820243358612,0.48138775907966264,0.22911458345262947,680683.557197-0 680683.564267-1,-0.6174000688681414,5.786745800689677,28.586943414855902,19.84607525612491,14.32534671809532,-24.21224685181749,-0.3573537851209638,-0.15432257025500776,0.9211312699988031,-39.843769557697385,14.143407321815435,-21.75190292706273,0.6094699425760738,-0.12461451366128003,0.7829544125179192
680683.5642675,303,0.9653668105602264,0.48022406509491244,0.22829163250956508,680683.564268-0 680683.564267-1,-0.6705265732327259,5.795613045712904,28.518363203578858,19.84607525612491,14.32534671809532,-24.21224685181749,-0.3585665663463023,-0.15432428454288505,0.920659563953446,-39.843769557697385,14.143407321815435,-21.75190292706273,0.6094699425760738,-0.12461451366128003,0.7829544125179192
680683.568255,303,0.9653668105602264,0.48121495474528064,0.22598609344679643,680683.564268-0 680683.572242-1,-0.6216710326073187,5.83334585972319,28.395688007503704,19.84607525612491,14.32534671809532,-24.21224685181749,-0.3585665663463023,-0.15432428454288505,0.920659563953446,-39.843769557697385,14.143407321815435,-21.75190292706273,0.6109044799862343,-0.12386453608910823,0.7819547896343999
680683.573228,303,0.9197110831737518,0.4808092355316512,0.22566735317742537,680683.574214-0 680683.572242-1,-0.6401088093095382,5.837273935248538,28.372117868051703,19.84607525612491,14.32534671809532,-24.21224685181749,-0.35898821229447436,-0.15429601578324384,0.920499974441626,-39.843769557697385,14.143407321815435,-21.75190292706273,0.6109044799862343,-0.12386453608910823,0.7819547896343999
680683.5772775,304,0.9197110831737518,0.4806815261448308,0.2260389085908069,680683.574214-0 680683.580341-1,-0.6463710684445818,5.830323695336554,28.38747059099504,19.84607525612491,14.32534671809532,-24.21224685181749,-0.35898821229447436,-0.15429601578324384,0.920499974441626,-39.843769557697385,14.143407321815435,-21.75190292706273,0.6107206165823732,-0.12403099825356864,0.7820720171144528
680683.5803415,304,0.9685641825199127,0.48268439863814894,0.22720585197541632,680683.580342-0 680683.580341-1,-0.5551338852214549,5.8223496061380535,28.506048156367843,19.84607525612491,14.32534671809532,-24.21224685181749,-0.35690304593329947,-0.1540563553899985,0.9213505604098168,-39.843769557697385,14.143407321815435,-21.75190292706273,0.6107206165823732,-0.12403099825356864,0.7820720171144528
680683.5843805,304,0.9685641825199127,0.4831107652580018,0.22579222972038848,680683.580342-0 680683.588419-1,-0.5343541162028327,5.850606183110967,28.455591306070463,19.84607525612491,14.32534671809532,-24.21224685181749,-0.35690304593329947,-0.1540563553899985,0.9213505604098168,-39.843769557697385,14.143407321815435,-21.75190292706273,0.6113320945971725,-0.12330876180450352,0.7817083979193737
680683.5884090001,304,0.8840878009796143,0.48242833527378365,0.22699617267512706,680683.588399-0 680683.588419-1,-0.5651976581045997,5.808107435553601,28.40809710410065,19.84607525612491,14.32534671809532,-24.21224685181749,-0.35761012058167885,-0.15563101523671533,0.9208115924302573,-39.843769557697385,14.143407321815435,-21.75190292706273,0.6113320945971725,-0.12330876180450352,0.7817083979193737
680683.5924815,304,0.9378010034561157,0.48351734932562723,0.22720410649779854,680683.596544-0 680683.588419-1,-0.5155574788351842,5.815816919618638,28.47451507083129,19.84607525612491,14.32534671809532,-24.21224685181749,-0.35647537536254764,-0.15510230359298005,0.9213406439424464,-39.843769557697385,14.143407321815435,-21.75190292706273,0.6113320945971725,-0.12330876180450352,0.7817083979193737
680683.5967105,304,0.9378010034561157,0.48257336906940684,0.229191733827233,680683.596544-0 680683.596877-1,-0.5618358838003541,5.785528541491954,28.592453976895783,19.84607525612491,14.32534671809532,-24.21224685181749,-0.35647537536254764,-0.15510230359298005,0.9213406439424464,-39.843769557697385,14.143407321815435,-21.75190292706273,0.6099699752353173,-0.12383442373336727,0.7826887406945696
680683.6011854999,304,0.9470368325710297,0.48130904741591884,0.22744205293650466,680683.605494-0 680683.596877-1,-0.6198585476712246,5.819317413001391,28.521630698662996,19.84607525612491,14.32534671809532,-24.21224685181749,-0.35779828106446726,-0.1543081221477132,0.920961124861717,-39.843769557697385,14.143407321815435,-21.75190292706273,0.6099699752353173,-0.12383442373336727,0.7826887406945696
680683.606497,304,0.9470368325710297,0.4812723443026236,0.22802489695199157,680683.605494-0 680683.6075-1,-0.621556469719696,5.8037567818210976,28.52354429054723,19.84607525612491,14.32534671809532,-24.21224685181749,-0.35779828106446726,-0.1543081221477132,0.920961124861717,-39.843769557697385,14.143407321815435,-21.75190292706273,0.609920088219129,-0.12433163000800913,0.7826487920940794
680683.6099295,305,0.9759567975997925,0.4823214776675334,0.22871725437066415,680683.612359-0 680683.6075-1,-0.573574953513166,5.797206574906841,28.585648443305637,19.84607525612491,14.32534671809532,-24.21224685181749,-0.35670319035277337,-0.1542589764857413,0.921394053684809,-39.843769557697385,14.143407321815435,-21.75190292706273,0.609920088219129,-0.12433163000800913,0.7826487920940794
680683.6128700001,305,0.9759567975997925,0.48237369855108436,0.2277278389288171,680683.612359-0 680683.613381-1,-0.5711839902406766,5.8239466754431355,28.58372605035523,19.84607525612491,14.32534671809532,-24.21224685181749,-0.35670319035277337,-0.1542589764857413,0.921394053684809,-39.843769557697385,14.143407321815435,-21.75190292706273,0.6099904070417409,-0.12347270320351905,0.7827299629378365
680683.61724,305,0.9384101033210754,0.4827556796065016,0.22647722498532663,680683.621099-0 680683.613381-1,-0.553937858041559,5.864206797298336,28.61302022009823,19.84607525612491,14.32534671809532,-24.21224685181749,-0.35630777911426387,-0.15283652155116584,0.9217840116984026,-39.843769557697385,14.143407321815435,-21.75190292706273,0.6099904070417409,-0.12347270320351905,0.7827299629378365
680683.6207069999,305,0.9384101033210754,0.4837703111173518,0.2250477616022546,680683.621099-0 680683.620315-1,-0.5040590207571949,5.876399066726362,28.482458497346116,19.84607525612491,14.32534671809532,-24.21224685181749,-0.35630777911426387,-0.15283652155116584,0.9217840116984026,-39.843769557697385,14.143407321815435,-21.75190292706273,0.6114588399479589,-0.12357832804860963,0.7815666855017596
680683.624729,305,0.9384101033210754,0.4836324579953638,0.22468423692423367,680683.621099-0 680683.628359-1,-0.5109129415427827,5.89062367565637,28.503019624005333,19.84607525612491,14.32534671809532,-24.21224685181749,-0.35630777911426387,-0.15283652155116584,0.9217840116984026,-39.843769557697385,14.143407321815435,-21.75190292706273,0.6112569932258519,-0.12303784606553035,0.7818098085007924
680683.6283845,305,0.962056964635849,0.4834281873965015,0.22571540431020987,680683.62841-0 680683.628359-1,-0.5200714543102443,5.858868932866752,28.48580913418149,19.84607525612491,14.32534671809532,-24.21224685181749,-0.35651846142901333,-0.15393542015772252,0.9215196542023152,-39.843769557697385,14.143407321815435,-21.75190292706273,0.6112569932258519,-0.12303784606553035,0.7818098085007924
680683.6323705,305,0.962056964635849,0.4843350592348741,0.22556559663062614,680683.62841-0 680683.636331-1,-0.47559967421575067,5.837795882591425,28.364193866052233,19.84607525612491,14.32534671809532,-24.21224685181749,-0.35651846142901333,-0.15393542015772252,0.9215196542023152,-39.843769557697385,14.143407321815435,-21.75190292706273,0.6125668524989893,-0.12419139223705743,0.7806012742198816
680683.6383225,305,0.9193605184555054,0.48467101084819647,0.22481753525458303,680683.640314-0 680683.636331-1,-0.46039433928033624,5.863099656020763,28.388215149800732,19.84607525612491,14.32534671809532,-24.21224685181749,-0.35616967500594826,-0.15301496041537943,0.9218077806653819,-39.843769557697385,14.143407321815435,-21.75190292706273,0.6125668524989893,-0.12419139223705743,0.7806012742198816
680683.6423045,305,0.9193605184555054,0.48383184284065966,0.22470261050382656,680683.640314-0 680683.644295-1,-0.5015556179749581,5.889897879438505,28.502098986118114,19.84607525612491,14.32534671809532,-24.21224685181749,-0.35616967500594826,-0.15301496041537943,0.9218077806653819,-39.843769557697385,14.143407321815435,-21.75190292706273,0.6113540585808414,-0.1228835355051909,0.781758179847501
680683.6467715,306,0.9005336463451385,0.4844188224435174,0.2245939535109388,680683.649248-0 680683.644295-1,-0.47468637170216965,5.900424284781852,28.53905277854233,19.84607525612491,14.32534671809532,-24.21224685181749,-0.35555582831344873,-0.1525208184140743,0.9221265926664507,-39.843769557697385,14.143407321815435,-21.75190292706273,0.6113540585808414,-0.1228835355051909,0.781758179847501
680683.6507870001,306,0.9005336463451385,0.4843834686477774,0.22644578059633536,680683.649248-0 680683.652326-1,-0.47610741627403463,5.848667074453766,28.534279631956455,19.84607525612491,14.32534671809532,-24.21224685181749,-0.35555582831344873,-0.1525208184140743,0.9221265926664507,-39.843769557697385,14.143407321815435,-21.75190292706273,0.6113121145339139,-0.12458014809958044,0.7815224151126834
680683.6546625,306,0.9837968349456787,0.4843603082050609,0.22795310763200627,680683.656999-0 680683.652326-1,-0.47693058972712876,5.805731013144676,28.52619122196801,19.84607525612491,14.32534671809532,-24.21224685181749,-0.35557661656221934,-0.1539424420665657,0.9218823104305377,-39.843769557697385,14.143407321815435,-21.75190292706273,0.6113121145339139,-0.12458014809958044,0.7815224151126834
680683.6586269999,306,0.9837968349456787,0.48315210098645567,0.22906517207581611,680683.656999-0 680683.660255-1,-0.5364035497476412,5.807633815841355,28.684979302739297,19.84607525612491,14.32534671809532,-24.21224685181749,-0.35557661656221934,-0.1539424420665657,0.9218823104305377,-39.843769557697385,14.143407321815435,-21.75190292706273,0.6095601961870998,-0.12390580297193886,0.7829966278434559
680683.6622605,306,0.9016928970813751,0.4844731812489192,0.23115557607237835,680683.664266-0 680683.660255-1,-0.47521799403342513,5.764692477467232,28.75855568954469,19.84607525612491,14.32534671809532,-24.21224685181749,-0.35418525096194614,-0.155017817979174,0.9222376505597669,-39.843769557697385,14.143407321815435,-21.75190292706273,0.6095601961870998,-0.12390580297193886,0.7829966278434559
680683.666283,306,0.9016928970813751,0.48393849224598406,0.2319913777904824,680683.664266-0 680683.6683-1,-0.5015881315585133,5.755536213492251,28.82761696624594,19.84607525612491,14.32534671809532,-24.21224685181749,-0.35418525096194614,-0.155017817979174,0.9222376505597669,-39.843769557697385,14.143407321815435,-21.75190292706273,0.6087828430023071,-0.12393482322159338,0.7835965860435207
680683.671157,306,0.8,0.44375857724812706,0.22821056029796027,680683.674014-0 680683.6683-1,-2.216028202891396,5.402442765848185,26.494672536831114,19.84607525612491,14.32534671809532,-24.21224685181749,-0.3938818394367794,-0.1767419315012191,0.9020085289015384,-39.843769557697385,14.143407321815435,-21.75190292706273,0.6087828430023071,-0.12393482322159338,0.7835965860435207
680683.6751985,306,0.8,0.4445064338418246,0.22535767582498478,680683.674014-0 680683.676383-1,-2.1775304725090034,5.457827100566455,26.41275532508177,19.84607525612491,14.32534671809532,-24.21224685181749,-0.3938818394367794,-0.1767419315012191,0.9020085289015384,-39.843769557697385,14.143407321815435,-21.75190292706273,0.609876333004609,-0.12243394338057706,0.7829819844345928
680683.6794050001,307,0.9772969186306,0.4881643378901283,0.23235264682689594,680683.682427-0 680683.676383-1,-0.30286592045885996,5.7680881199212415,28.943261684154074,19.84607525612491,14.32534671809532,-24.21224685181749,-0.35051415662592345,-0.15559421804471915,0.9235422379706679,-39.843769557697385,14.143407321815435,-21.75190292706273,0.609876333004609,-0.12243394338057706,0.7829819844345928
680683.683588,307,0.9772969186306,0.4883760155455764,0.2323032573091346,680683.682427-0 680683.684749-1,-0.292525783228319,5.7637130896828594,28.914545484898213,19.84607525612491,14.32534671809532,-24.21224685181749,-0.35051415662592345,-0.15559421804471915,0.9235422379706679,-39.843769557697385,14.143407321815435,-21.75190292706273,0.6101825289267014,-0.12268540137065258,0.782704014096732
680683.6865425,307,0.8,0.45329523095387875,0.23029079848892908,680683.688336-0 680683.684749-1,-1.8204441320261218,5.4124870454634335,26.83655670250667,19.84607525612491,14.32534671809532,-24.21224685181749,-0.3857573187995644,-0.1760649373258506,0.9056447586316697,-39.843769557697385,14.143407321815435,-21.75190292706273,0.6101825289267014,-0.12268540137065258,0.782704014096732
680683.6903325,307,0.8,0.4548940306027916,0.23046101667182584,680683.688336-0 680683.692329-1,-1.7356130900360096,5.364161899740543,26.62283189034922,19.84607525612491,14.32534671809532,-24.21224685181749,-0.3857573187995644,-0.1760649373258506,0.9056447586316697,-39.843769557697385,14.143407321815435,-21.75190292706273,0.6126135225497444,-0.12519785173595355,0.7804038505222126
680683.6948215,307,0.9775660932064056,0.4936009517807901,0.23750588040557452,680683.697314-0 680683.692329-1,-0.04457867990426578,5.613740937827734,28.884408136542618,19.84607525612491,14.32534671809532,-24.21224685181749,-0.3467526722339814,-0.15794994967237821,0.9245617327669831,-39.843769557697385,14.143407321815435,-21.75190292706273,0.6126135225497444,-0.12519785173595355,0.7804038505222126
680683.6988565,307,0.9775660932064056,0.49493167799127724,0.23358405983083896,680683.697314-0 680683.700399-1,0.018326659867165418,5.69036963790847,28.724688880260064,19.84607525612491,14.32534671809532,-24.21224685181749,-0.3467526722339814,-0.15794994967237821,0.9245617327669831,-39.843769557697385,14.143407321815435,-21.75190292706273,0.6144873741536265,-0.12335027358473173,0.7792239581868315
680683.702515,307,0.9493891000747681,0.49544202932931675,0.23275931117800785,680683.704631-0 680683.700399-1,0.04242881327243886,5.720280942734865,28.76107250152958,19.84607525612491,14.32534671809532,-24.21224685181749,-0.3462041973120301,-0.15683359287023055,0.9249572303144331,-39.843769557697385,14.143407321815435,-21.75190292706273,0.6144873741536265,-0.12335027358473173,0.7792239581868315
680683.706439,307,0.9493891000747681,0.49278048542693886,0.23059082252676888,680683.704631-0 680683.708247-1,-0.08424147579985863,5.85427951195008,29.130505025492592,19.84607525612491,14.32534671809532,-24.21224685181749,-0.3462041973120301,-0.15683359287023055,0.9249572303144331,-39.843769557697385,14.143407321815435,-21.75190292706273,0.6107115841814915,-0.11761531357288792,0.7830696003291688
680683.7103085,308,0.93282550573349,0.4900361952782539,0.22217520961001647,680683.71237-0 680683.708247-1,-0.21474054397697806,6.061088028377028,28.992918895270748,19.84607525612491,14.32534671809532,-24.21224685181749,-0.34914839939728437,-0.15075969754248414,0.9248604807186935,-39.843769557697385,14.143407321815435,-21.75190292706273,0.6107115841814915,-0.11761531357288792,0.7830696003291688
680683.714741,308,0.93282550573349,0.47925524994997754,0.22174868085762622,680683.71237-0 680683.717112-1,-0.7675995251020584,6.399075423663347,30.541405709881083,19.84607525612491,14.32534671809532,-24.21224685181749,-0.34914839939728437,-0.15075969754248414,0.9248604807186935,-39.843769557697385,14.143407321815435,-21.75190292706273,0.5943870835668232,-0.10126354481638285,0.7977779699767014
680683.7187685,308,0.9907515048980713,0.4570728391586549,0.19741935722118698,680683.720425-0 680683.717112-1,-1.8085942969397877,6.812497589714459,29.180917971033953,19.84607525612491,14.32534671809532,-24.21224685181749,-0.37268493526883767,-0.14257763847007052,0.9169392324641585,-39.843769557697385,14.143407321815435,-21.75190292706273,0.5943870835668232,-0.10126354481638285,0.7977779699767014
680683.7227739999,308,0.9857515048980713,0.4358153512137129,0.21770199658323242,680683.720425-0 680683.725123-1,-3.162085675532728,6.98467447813526,32.594859619963394,19.84607525612491,14.32534671809532,-24.21224685181749,-0.37268493526883767,-0.14257763847007052,0.9169392324641585,-39.843769557697385,14.143407321815435,-21.75190292706273,0.5560391362765347,-0.08481356338606226,0.8268174758642947
680683.7267275,308,0.9451615762710571,0.40814317202521144,0.1873250356306997,680683.728332-0 680683.725123-1,-4.438064711267803,7.541731071774334,30.74996973211921,19.84607525612491,14.32534671809532,-24.21224685181749,-0.4015586633240116,-0.13101891269562088,0.9064130870775698,-39.843769557697385,14.143407321815435,-21.75190292706273,0.5560391362765347,-0.08481356338606226,0.8268174758642947
680683.7303434999,308,0.9451615762710571,0.39186955282452535,0.2057881280645235,680683.728332-0 680683.732355-1,-5.821407647405561,7.735165826643128,33.935668553937454,19.84607525612491,14.32534671809532,-24.21224685181749,-0.4015586633240116,-0.13101891269562088,0.9064130870775698,-39.843769557697385,14.143407321815435,-21.75190292706273,0.518695857483398,-0.06975991407416644,0.8521080693303681
680683.734816,308,0.99,0.3563546402000302,0.1684303196691631,680683.737277-0 680683.732355-1,-7.395284162093448,8.426335181988652,31.412768491084858,19.84607525612491,14.32534671809532,-24.21224685181749,-0.4377656020342319,-0.11641367347726067,0.891520686413465,-39.843769557697385,14.143407321815435,-21.75190292706273,0.518695857483398,-0.06975991407416644,0.8521080693303681
680683.739946,308,0.99,0.34600863417180366,0.17570176629590906,680683.737277-0 680683.742615-1,-8.607851398972734,8.88751337760846,33.93843525952529,19.84607525612491,14.32534671809532,-24.21224685181749,-0.4377656020342319,-0.11641367347726067,0.891520686413465,-39.843769557697385,14.143407321815435,-21.75190292706273,0.48730548798450257,-0.04923425459917391,0.8718425027229687
680683.743525,308,0.99,0.30809607708609077,0.1364207599788544,680683.744435-0 680683.742615-1,-10.199750675829545,9.599141206625145,31.15315814581075,19.84607525612491,14.32534671809532,-24.21224685181749,-0.47549321148750845,-0.10025824352573606,0.8739876946699132,-39.843769557697385,14.143407321815435,-21.75190292706273,0.48730548798450257,-0.04923425459917391,0.8718425027229687
680683.7469995,309,0.99,0.2996442806996683,0.15400482180255037,680683.744435-0 680683.7495639999-1,-11.459827943205179,9.73523250429161,33.491143335203304,19.84607525612491,14.32534671809532,-24.21224685181749,-0.47549321148750845,-0.10025824352573606,0.8739876946699132,-39.843769557697385,14.143407321815435,-21.75190292706273,0.4556535703218453,-0.04022242941938713,0.8892479856736014
680683.7518885,309,0.8984871160984039,0.2751651717154785,0.12839538520645677,680683.754213-0 680683.7495639999-1,-12.447554634101618,10.212124065898784,31.602703674859757,19.84607525612491,14.32534671809532,-24.21224685181749,-0.49962550966566677,-0.0887997457460766,0.8616779881410191,-39.843769557697385,14.143407321815435,-21.75190292706273,0.4556535703218453,-0.04022242941938713,0.8892479856736014
680683.7554949999,309,0.9034871160984039,0.2693139204379664,0.14971716502474508,680683.754213-0 680683.756777-1,-13.440455676664156,10.023948938310362,33.316153424373695,19.84607525612491,14.32534671809532,-24.21224685181749,-0.49962550966566677,-0.0887997457460766,0.8616779881410191,-39.843769557697385,14.143407321815435,-21.75190292706273,0.4312335690548045,-0.043044587287656255,0.9012129451053676
680683.7585345,309,0.9779981076717377,0.24761555237183303,0.1314848160492763,680683.760292-0 680683.756777-1,-14.273980525687945,10.303149222750516,31.59210658392876,19.84607525612491,14.32534671809532,-24.21224685181749,-0.5205349403977229,-0.08308425850468705,0.8497884335608866,-39.843769557697385,14.143407321815435,-21.75190292706273,0.4312335690548045,-0.043044587287656255,0.9012129451053676
680683.7629675,309,0.9729981076717377,0.2417388246106989,0.14704716911091054,680683.760292-0 680683.765643-1,-15.689782781454714,10.518066431878196,33.924052217212775,19.84607525612491,14.32534671809532,-24.21224685181749,-0.5205349403977229,-0.08308425850468705,0.8497884335608866,-39.85487610566226,14.169822894585995,-21.655998893214935,0.39785869031317445,-0.03280716384016524,0.9168599416176116
680683.767253,309,0.995,0.21839549631470057,0.12957683831304212,680683.768863-0 680683.765643-1,-16.555868445156136,10.749702653448976,31.941113913550698,19.84607525612491,14.32534671809532,-24.21224685181749,-0.5430108815357102,-0.0789329217910665,0.8360076413474555,-39.85487610566226,14.169822894585995,-21.655998893214935,0.39785869031317445,-0.03280716384016524,0.9168599416176116
680683.7711145,309,1.0,0.21563974532571714,0.13876192034700285,680683.768863-0 680683.773366-1,-17.383271540279694,10.853121113541128,33.22241884759712,19.84607525612491,14.32534671809532,-24.21224685181749,-0.5430108815357102,-0.0789329217910665,0.8360076413474555,-39.85487610566226,14.169822894585995,-21.655998893214935,0.37819737752485083,-0.027531680918990303,0.9253154868363008
680683.775468,309,1.0,0.1970476918440641,0.1260378502972982,680683.77757-0 680683.773366-1,-18.045377583248655,10.996498504909521,31.608077617401374,19.844515294249348,14.342374611749687,-24.192838681222348,-0.5608425215054654,-0.07702437249369375,0.8243317973445787,-39.85487610566226,14.169822894585995,-21.655998893214935,0.37819737752485083,-0.027531680918990303,0.9253154868363008
680683.780964,310,0.995,0.19321433116408052,0.14506129587102723,680683.77757-0 680683.784358-1,-19.281713742886723,10.915156089830418,33.42946284133619,19.844515294249348,14.342374611749687,-24.192838681222348,-0.5608425215054654,-0.07702437249369375,0.8243317973445787,-39.85487610566226,14.169822894585995,-21.655998893214935,0.34919085636219077,-0.02734643358684684,0.9366525067511002
680683.784352,310,0.995,0.1606222056174697,0.11427923817988583,680683.784346-0 680683.784358-1,-20.42017596063682,11.490132555700665,30.412659353154016,19.844515294249348,14.342374611749687,-24.192838681222348,-0.5928097999182514,-0.06279666327526554,0.802890478335853,-39.85487610566226,14.169822894585995,-21.655998893214935,0.34919085636219077,-0.02734643358684684,0.9366525067511002
680683.788373,310,0.995,0.1375670721154453,0.0947988058887248,680683.792388-0 680683.784358-1,-21.192838817608852,11.80494166777222,28.357024954436753,19.844515294249348,14.342374611749687,-24.192838681222348,-0.6149356078022186,-0.05492918484970964,0.7866619241508146,-39.85487610566226,14.169822894585995,-21.655998893214935,0.34919085636219077,-0.02734643358684684,0.9366525067511002
680683.7926185,310,0.963712066411972,0.13608781492591993,0.10550382733827501,680683.792388-0 680683.792849-1,-21.944812413333153,11.804486491576874,29.320973476916684,19.844515294249348,14.342374611749687,-24.192838681222348,-0.6149356078022186,-0.05492918484970964,0.7866619241508146,-39.85487610566226,14.169822894585995,-21.655998893214935,0.3310890176003194,-0.0261453318897968,0.9432372363540509
680683.7979965,310,0.963712066411972,0.12158411870657364,0.08844506146644926,680683.803144-0 680683.792849-1,-22.43635555551264,12.1765545870457,27.940371218217024,19.844515294249348,14.342374611749687,-24.192838681222348,-0.6295133243096013,-0.04399128295269661,0.775743347725812,-39.85487610566226,14.169822894585995,-21.655998893214935,0.3310890176003194,-0.0261453318897968,0.9432372363540509
680683.8021255,310,1.0,0.12017657051659292,0.10013986070821346,680683.803144-0 680683.801107-1,-23.047492593233237,12.05597664180883,28.691729631912686,19.844515294249348,14.342374611749687,-24.192838681222348,-0.6295133243096013,-0.04399128295269661,0.775743347725812,-39.85487610566226,14.169822894585995,-21.655998893214935,0.31636892692946017,-0.02935691656796111,0.9481818778710778
680683.805627,310,0.9893590211868286,0.11947686442752184,0.10578845527091685,680683.803144-0 680683.80811-1,-22.799787589803174,11.7108922802025,28.37421953969248,19.844515294249348,14.342374611749687,-24.192838681222348,-0.6295133243096013,-0.04399128295269661,0.775743347725812,-39.85487610566226,14.169822894585995,-21.655998893214935,0.32230569120715896,-0.04132405379730105,0.9457332414551332
680683.8084805,310,0.9893590211868286,0.11624407334538618,0.09984316790998216,680683.808851-0 680683.80811-1,-22.915200376233354,11.872128961706853,28.043460514462385,19.844515294249348,14.342374611749687,-24.192838681222348,-0.6329957816698858,-0.03896225870308405,0.7731741607069418,-39.85487610566226,14.169822894585995,-21.655998893214935,0.32230569120715896,-0.04132405379730105,0.9457332414551332
680683.813018,311,0.9990909993648529,0.11612323442580168,0.10049448093884794,680683.808851-0 680683.8171849999-1,-22.72382540851587,11.747205736122718,27.803566730535152,19.844515294249348,14.342374611749687,-24.192838681222348,-0.6329957816698858,-0.03896225870308405,0.7731741607069418,-39.85487610566226,14.169822894585995,-21.655998893214935,0.3269382145655481,-0.04586277315909666,0.9439322061964244
680683.8171844999,311,0.9990909993648529,0.12341315743701342,0.10281438013455668,680683.817184-0 680683.8171849999-1,-22.503436845283545,11.78290298633939,28.443250448306657,19.844515294249348,14.342374611749687,-24.192838681222348,-0.6264016809292746,-0.03697089790662859,0.7786231995239778,-39.85487610566226,14.169822894585995,-21.655998893214935,0.3269382145655481,-0.04586277315909666,0.9439322061964244
680683.8207815,311,0.9990909993648529,0.13141169238784234,0.10763342122681907,680683.824378-0 680683.8171849999-1,-22.251533329118377,11.741742427195922,29.170254368016973,19.844515294249348,14.342374611749687,-24.192838681222348,-0.6188953803527306,-0.037467088936915284,0.7845793302303101,-39.85487610566226,14.169822894585995,-21.655998893214935,0.3269382145655481,-0.04586277315909666,0.9439322061964244
680683.824424,311,0.9895171225070953,0.13135091840270424,0.10827175163312674,680683.824378-0 680683.82447-1,-22.103836350279536,11.639988030421375,28.97744479974239,19.844515294249348,14.342374611749687,-24.192838681222348,-0.6188953803527306,-0.037467088936915284,0.7845793302303101,-39.85487610566226,14.169822894585995,-21.655998893214935,0.33047116463142046,-0.04950080775523371,0.9425170976585688
680683.8284080001,311,0.9895171225070953,0.1357474586248964,0.11571438385978894,680683.832346-0 680683.82447-1,-21.94752156942094,11.443223462768822,29.41404760344489,19.844515294249348,14.342374611749687,-24.192838681222348,-0.6142774449746972,-0.04343029401998316,0.7878940475449063,-39.85487610566226,14.169822894585995,-21.655998893214935,0.33047116463142046,-0.04950080775523371,0.9425170976585688
680683.832346,311,0.9822007417678833,0.13564177047453002,0.1170581144626599,680683.832346-0 680683.832346-1,-21.682244425322565,11.25589067804146,29.062272898436074,19.844515294249348,14.342374611749687,-24.192838681222348,-0.6142774449746972,-0.04343029401998316,0.7878940475449063,-39.85487610566226,14.169822894585995,-21.655998893214935,0.33681470618423925,-0.056233082179176386,0.9398902564484081
680683.837131,311,1.0,0.13643436623453917,0.11088445657843848,680683.832346-0 680683.841916-1,-21.408333467457318,11.346031698466398,28.715097254354053,19.844515294249348,14.342374611749687,-24.192838681222348,-0.6142774449746972,-0.04343029401998316,0.7878940475449063,-39.85487610566226,14.169822894585995,-21.655998893214935,0.343403867117741,-0.05375491476628385,0.937648224648802
680683.8420085,311,1.0,0.14374564670105278,0.11655615079849757,680683.842101-0 680683.841916-1,-21.169284235251347,11.260773959568713,29.365067138587218,19.844515294249348,14.342374611749687,-24.192838681222348,-0.6073569144508271,-0.045341753405872105,0.7931341020702938,-39.85487610566226,14.169822894585995,-21.655998893214935,0.343403867117741,-0.05375491476628385,0.937648224648802
680683.845723,312,1.0,0.14311155327747865,0.12247701518532805,680683.842101-0 680683.849345-1,-20.999899611643606,10.95137166455299,29.123387767830152,19.844515294249348,14.342374611749687,-24.192838681222348,-0.6073569144508271,-0.045341753405872105,0.7931341020702938,-39.85487610566226,14.169822894585995,-21.655998893214935,0.34747383615157557,-0.0643943140624513,0.9354759780488937
680683.849353,312,1.0,0.1514661218875783,0.12559212639537076,680683.849361-0 680683.849345-1,-20.73662505329399,10.97168744254896,29.836219766423696,19.844515294249348,14.342374611749687,-24.192838681222348,-0.5998058650122761,-0.0435514828755336,0.7989594436742185,-39.85487610566226,14.169822894585995,-21.655998893214935,0.34747383615157557,-0.0643943140624513,0.9354759780488937
680683.8528295,312,0.9843250811100006,0.15200913386816395,0.12200837669335007,680683.849361-0 680683.856298-1,-20.48645300299092,10.977156633768306,29.502061030038846,19.844515294249348,14.342374611749687,-24.192838681222348,-0.5998058650122761,-0.0435514828755336,0.7989594436742185,-39.85487610566226,14.169822894585995,-21.655998893214935,0.3534656071027461,-0.06476079123243995,0.9332031421477509
680683.85631,312,0.9843250811100006,0.1513344853805803,0.1144142063595126,680683.856322-0 680683.856298-1,-20.53295093529023,11.236134081559458,29.392492199814583,19.844515294249348,14.342374611749687,-24.192838681222348,-0.6011201143895111,-0.035149721605727074,0.7983853112046717,-39.85487610566226,14.169822894585995,-21.655998893214935,0.3534656071027461,-0.06476079123243995,0.9332031421477509
680683.8604255,312,1.0,0.15163301251182215,0.11246677815872674,680683.856322-0 680683.864529-1,-20.397092593072372,11.236709960287053,29.211477331076573,19.844515294249348,14.342374611749687,-24.192838681222348,-0.6011201143895111,-0.035149721605727074,0.7983853112046717,-39.85487610566226,14.169822894585995,-21.655998893214935,0.35673813850058256,-0.06501645320402866,0.9319392476722437
680683.864531,312,1.0,0.1559861836249592,0.11842144200388527,680683.864533-0 680683.864529-1,-20.24332320987577,11.095121027389695,29.607498710416056,19.844515294249348,14.342374611749687,-24.192838681222348,-0.5967736467054355,-0.03925300272805029,0.8014489480776223,-39.85487610566226,14.169822894585995,-21.655998893214935,0.35673813850058256,-0.06501645320402866,0.9319392476722437
680683.8688360001,312,1.0,0.1562223857425166,0.1173913806062471,680683.864533-0 680683.873139-1,-20.05146907956687,11.03200739482968,29.344221093587034,19.844515294249348,14.342374611749687,-24.192838681222348,-0.5967736467054355,-0.03925300272805029,0.8014489480776223,-39.85487610566226,14.169822894585995,-21.655998893214935,0.3613595223813669,-0.06752037645468188,0.9299786526301174
680683.872995,312,1.0,0.16252789928916478,0.12299832492924567,680683.8728509999-0 680683.873139-1,-19.83783805162711,10.93336315216581,29.890908066242837,19.844515294249348,14.342374611749687,-24.192838681222348,-0.5907816584420813,-0.04165820543962072,0.8057553139557778,-39.85487610566226,14.169822894585995,-21.655998893214935,0.3613595223813669,-0.06752037645468188,0.9299786526301174
680683.8767715,312,1.0,0.16729013598204068,0.12764431987349767,680683.8804039999-0 680683.873139-1,-19.67422719066554,10.843891690204735,30.308707231592926,19.844515294249348,14.342374611749687,-24.192838681222348,-0.5862090603212587,-0.04392964023460714,0.8089679377491573,-39.85487610566226,14.169822894585995,-21.655998893214935,0.3613595223813669,-0.06752037645468188,0.9299786526301174
680683.8804044999,313,1.0,0.16749929814972392,0.12805991014175855,680683.8804039999-0 680683.880405-1,-19.386160730982457,10.678090391953347,29.89640042134557,19.844515294249348,14.342374611749687,-24.192838681222348,-0.5862090603212587,-0.04392964023460714,0.8089679377491573,-39.85487610566226,14.169822894585995,-21.655998893214935,0.3682727249089141,-0.07364751256560748,0.9267962257050154
680683.884659,313,1.0,0.17797789288081606,0.1323533652725839,680683.888913-0 680683.880405-1,-19.04219780888671,10.690694977102124,30.766715877292537,19.844515294249348,14.342374611749687,-24.192838681222348,-0.5767030368047902,-0.04206980219765857,0.8158699277968162,-39.85487610566226,14.169822894585995,-21.655998893214935,0.3682727249089141,-0.07364751256560748,0.9267962257050154
680683.889068,313,1.0,0.17937295372402873,0.12435146077593495,680683.888913-0 680683.889223-1,-18.592248781770408,10.750010159922006,30.132195142081354,19.844515294249348,14.342374611749687,-24.192838681222348,-0.5767030368047902,-0.04206980219765857,0.8158699277968162,-39.85487610566226,14.169822894585995,-21.655998893214935,0.3790715408698748,-0.0727982318259194,0.9224994224093361
680683.8927440001,313,1.0,0.18177889308500025,0.12598297647923062,680683.896265-0 680683.889223-1,-18.510256488461724,10.730636458416448,30.33155862630945,19.844515294249348,14.342374611749687,-24.192838681222348,-0.574469159256338,-0.04237585476522837,0.8174285730241095,-39.85487610566226,14.169822894585995,-21.655998893214935,0.3790715408698748,-0.0727982318259194,0.9224994224093361
680683.8962755001,313,0.9931342303752899,0.18250059045309203,0.12345537609623547,680683.896265-0 680683.896286-1,-18.159345604375304,10.634364677593076,29.82178476468941,19.844515294249348,14.342374611749687,-24.192838681222348,-0.574469159256338,-0.04237585476522837,0.8174285730241095,-39.85487610566226,14.169822894585995,-21.655998893214935,0.387559084313061,-0.07683061146311627,0.9186375853995009
680683.9013680001,313,0.9931342303752899,0.18460135250377027,0.1257992830791459,680683.90645-0 680683.896286-1,-18.08463742708102,10.585462629730618,29.99698894293968,19.844515294249348,14.342374611749687,-24.192838681222348,-0.572452306914446,-0.043681083671294155,0.8187736678946326,-39.85487610566226,14.169822894585995,-21.655998893214935,0.387559084313061,-0.07683061146311627,0.9186375853995009
680683.9066359999,313,0.9623005092144012,0.18574295381366884,0.11889422959890239,680683.90645-0 680683.9068219999-1,-17.80212743133437,10.68270477849925,29.599288413937487,19.844515294249348,14.342374611749687,-24.192838681222348,-0.572452306914446,-0.043681083671294155,0.8187736678946326,-39.85487610566226,14.169822894585995,-21.655998893214935,0.39442605291976107,-0.07433671737588876,0.9159160121036836
680683.909779,313,0.9623005092144012,0.18900498676392066,0.12127472496766656,680683.912736-0 680683.9068219999-1,-17.689640837940942,10.651027806328642,29.859943962665483,19.844515294249348,14.342374611749687,-24.192838681222348,-0.5694355293758271,-0.04428149228469727,0.8208424497584853,-39.85487610566226,14.169822894585995,-21.655998893214935,0.39442605291976107,-0.07433671737588876,0.9159160121036836
680683.912793,313,0.9852124750614166,0.19011799170373672,0.11575277612956636,680683.912736-0 680683.91285-1,-17.35036275340999,10.662103909805108,29.36946747968492,19.844515294249348,14.342374611749687,-24.192838681222348,-0.5694355293758271,-0.04428149228469727,0.8208424497584853,-39.85487610566226,14.169822894585995,-21.655998893214935,0.40271362120075843,-0.07483166612213771,0.9122620024120027
680683.916555,314,0.9852124750614166,0.19348753865855706,0.11714204916498161,680683.92026-0 680683.91285-1,-17.237165931005144,10.666393681141866,29.627363362813742,19.844515294249348,14.342374611749687,-24.192838681222348,-0.5664231970430551,-0.043698409724379626,0.8229551693981174,-39.85487610566226,14.169822894585995,-21.655998893214935,0.40271362120075843,-0.07483166612213771,0.9122620024120027
680683.9202825001,314,1.0,0.1944156796743383,0.11267214312205032,680683.92026-0 680683.920305-1,-16.968887228913637,10.675119782777193,29.23645939110153,19.844515294249348,14.342374611749687,-24.192838681222348,-0.5664231970430551,-0.043698409724379626,0.8229551693981174,-39.85487610566226,14.169822894585995,-21.655998893214935,0.4092963176745751,-0.07522704726543017,0.9092950102677118
680683.9243595,314,1.0,0.19851150839252868,0.11544175013727509,680683.928414-0 680683.920305-1,-16.827138653797583,10.643877439451403,29.551130889284707,19.844515294249348,14.342374611749687,-24.192838681222348,-0.5626775243003924,-0.0441919163133573,0.8254944446692142,-39.85487610566226,14.169822894585995,-21.655998893214935,0.4092963176745751,-0.07522704726543017,0.9092950102677118
680683.9285355,314,0.910780519247055,0.1993206048663263,0.11065099923643185,680683.928414-0 680683.928657-1,-16.664606297701262,10.722184926331945,29.318156576303952,19.844515294249348,14.342374611749687,-24.192838681222348,-0.5626775243003924,-0.0441919163133573,0.8254944446692142,-39.85487610566226,14.169822894585995,-21.655998893214935,0.41329157628809415,-0.07304529553725182,0.9076642869305688
680683.9328305,314,0.910780519247055,0.20295964126648477,0.11317516721781573,680683.937004-0 680683.928657-1,-16.537737575973445,10.692839595274314,29.596432691033765,19.844515294249348,14.342374611749687,-24.192838681222348,-0.5593414635879771,-0.04469153320123419,0.827731716180661,-39.85487610566226,14.169822894585995,-21.655998893214935,0.41329157628809415,-0.07304529553725182,0.9076642869305688
680683.9369625,314,1.0,0.20319252580666053,0.11356928819177936,680683.937004-0 680683.936921-1,-16.396195439969276,10.59731639019271,29.37781197533829,19.844515294249348,14.342374611749687,-24.192838681222348,-0.5593414635879771,-0.04469153320123419,0.827731716180661,-39.85487610566226,14.169822894585995,-21.655998893214935,0.4167783026108494,-0.07658109766962386,0.9057765629295862
680683.940725,314,1.0,0.20444436724349208,0.10644265897888328,680683.937004-0 680683.944446-1,-16.149735786728407,10.706394785007157,29.020672779111703,19.844515294249348,14.342374611749687,-24.192838681222348,-0.5593414635879771,-0.04469153320123419,0.827731716180661,-39.85487610566226,14.169822894585995,-21.655998893214935,0.42286827620164047,-0.07359366953354769,0.9031978702293535
680683.9453055,314,1.0,0.20526523399827412,0.10899747689233852,680683.946165-0 680683.944446-1,-16.114627149191598,10.633343500384667,29.091800688022037,19.844515294249348,14.342374611749687,-24.192838681222348,-0.558426391647496,-0.04699860840478372,0.8282216466137376,-39.85487610566226,14.169822894585995,-21.655998893214935,0.42286827620164047,-0.07359366953354769,0.9031978702293535
680683.950537,315,1.0,0.2058215494648123,0.10688999430358792,680683.946165-0 680683.954909-1,-15.954007608860683,10.61319880493748,28.850686106312075,19.844515294249348,14.342374611749687,-24.192838681222348,-0.558426391647496,-0.04699860840478372,0.8282216466137376,-39.85487610566226,14.169822894585995,-21.655998893214935,0.4268532156061043,-0.07469251408724975,0.9012310251350951
680683.9546665,315,1.0,0.21227079185486822,0.10913591379369403,680683.954424-0 680683.954909-1,-15.735369356013962,10.63655690625626,29.315953273790925,19.844515294249348,14.342374611749687,-24.192838681222348,-0.55274143884488,-0.04540807274248019,0.8321147809728567,-39.85487610566226,14.169822894585995,-21.655998893214935,0.4268532156061043,-0.07469251408724975,0.9012310251350951
680683.9576055,315,1.0,0.2153785993425555,0.11028379899036878,680683.9603019999-0 680683.954909-1,-15.628947443635735,10.646110276143837,29.54228033753531,19.844515294249348,14.342374611749687,-24.192838681222348,-0.5499819469112724,-0.04470132175357599,0.8339794061637069,-39.85487610566226,14.169822894585995,-21.655998893214935,0.4268532156061043,-0.07469251408724975,0.9012310251350951
680683.9606379999,315,0.9687837064266205,0.21658178456002003,0.10370081566652056,680683.9603019999-0 680683.9609739999-1,-15.410661058024036,10.748306343424733,29.218285705100318,19.844515294249348,14.342374611749687,-24.192838681222348,-0.5499819469112724,-0.04470132175357599,0.8339794061637069,-39.85487610566226,14.169822894585995,-21.655998893214935,0.43226341841593413,-0.07187114529821183,0.8988786767817414
680683.9654015,315,0.9687837064266205,0.21494024394938172,0.10191465900811036,680683.969829-0 680683.9609739999-1,-15.470701560672314,10.782433454329105,29.094756132149513,19.844515294249348,14.342374611749687,-24.192838681222348,-0.5515329262588928,-0.04377480512960337,0.8330037200926342,-39.85487610566226,14.169822894585995,-21.655998893214935,0.43226341841593413,-0.07187114529821183,0.8988786767817414
680683.9701024999,315,1.0,0.21532670727238798,0.10038214459092643,680683.969829-0 680683.970376-1,-15.37627253317873,10.778961685914762,28.95119783846877,19.844515294249348,14.342374611749687,-24.192838681222348,-0.5515329262588928,-0.04377480512960337,0.8330037200926342,-39.85487610566226,14.169822894585995,-21.655998893214935,0.43461378942018053,-0.07222984150626821,0.8977158258835645
680683.9740195,315,1.0,0.21487219253871306,0.09823712973595411,680683.977663-0 680683.970376-1,-15.398203649858472,10.843259057419113,28.9091669177592,19.844515294249348,14.342374611749687,-24.192838681222348,-0.5520979762247216,-0.04170116622911747,0.8327357548368498,-39.85487610566226,14.169822894585995,-21.655998893214935,0.43461378942018053,-0.07222984150626821,0.8977158258835645
680683.9776345,315,1.0,0.21585903169428206,0.09376455713295306,680683.977663-0 680683.977606-1,-15.186183309099675,10.86901978198405,28.5900957494826,19.844515294249348,14.342374611749687,-24.192838681222348,-0.5520979762247216,-0.04170116622911747,0.8327357548368498,-39.85487610566226,14.169822894585995,-21.655998893214935,0.4399075823116902,-0.07190200513230516,0.8951599972533612
680683.9812455,316,1.0,0.21616651133207349,0.09386766715711636,680683.977663-0 680683.984828-1,-15.055501059799248,10.78425649265884,28.3848914866546,19.844515294249348,14.342374611749687,-24.192838681222348,-0.5520979762247216,-0.04170116622911747,0.8327357548368498,-39.85487610566226,14.169822894585995,-21.655998893214935,0.44318331054849097,-0.07508873637275797,0.8932806025663057
680683.986215,316,1.0,0.2214458750401936,0.098551565973795,680683.987602-0 680683.984828-1,-14.86630798040847,10.711165521643323,28.764104014650677,19.844515294249348,14.342374611749687,-24.192838681222348,-0.5472393164267028,-0.04350059968277543,0.8358449786797033,-39.85487610566226,14.169822894585995,-21.655998893214935,0.44318331054849097,-0.07508873637275797,0.8932806025663057
680683.9902695001,316,1.0,0.22203108536621313,0.09436187979347976,680683.987602-0 680683.992937-1,-14.81088736985855,10.82232660683854,28.688461431547598,19.844515294249348,14.342374611749687,-24.192838681222348,-0.5472393164267028,-0.04350059968277543,0.8358449786797033,-39.85487610566226,14.169822894585995,-21.655998893214935,0.44456912016033256,-0.07150705771113267,0.8928857923034527
680683.993318,316,1.0,0.22589255104933445,0.09844125801950365,680683.993699-0 680683.992937-1,-14.669446937792973,10.747728727201057,28.96970049140644,19.844515294249348,14.342374611749687,-24.192838681222348,-0.5436188681296616,-0.04551731637064613,0.8380970708240424,-39.85487610566226,14.169822894585995,-21.655998893214935,0.44456912016033256,-0.07150705771113267,0.8928857923034527
680683.997382,316,0.9752201735973358,0.22606707852840016,0.09959340081008872,680683.993699-0 680684.001065-1,-14.565027203647888,10.642982751849154,28.799079349035754,19.844515294249348,14.342374611749687,-24.192838681222348,-0.5436188681296616,-0.04551731637064613,0.8380970708240424,-39.85487610566226,14.169822894585995,-21.655998893214935,0.44718567868119824,-0.07529080640584189,0.8912666622583805
680684.0010665,316,0.9653421938419342,0.2270505217690078,0.10019820071261809,680684.001068-0 680684.001065-1,-14.53037175840541,10.638218371994828,28.868223354801643,19.844515294249348,14.342374611749687,-24.192838681222348,-0.5427337998177043,-0.04555500074499,0.8386684472677863,-39.85487610566226,14.169822894585995,-21.655998893214935,0.44718567868119824,-0.07529080640584189,0.8912666622583805
680684.0058895,316,0.9901220202445984,0.2277356193504642,0.09804867801228723,680684.001068-0 680684.010711-1,-14.367994133702515,10.611511117944069,28.613690611987025,19.844515294249348,14.342374611749687,-24.192838681222348,-0.5427337998177043,-0.04555500074499,0.8386684472677863,-39.85487610566226,14.169822894585995,-21.655998893214935,0.45126123295011755,-0.07663248310214568,0.8890954741589562
680684.010578,316,1.0,0.2305322914575109,0.10133712249176607,680684.010445-0 680684.010711-1,-14.264511651811954,10.546716835830068,28.81489633814108,19.844515294249348,14.342374611749687,-24.192838681222348,-0.5400993058867924,-0.04736031375915887,0.8402676600115221,-39.85487610566226,14.169822894585995,-21.655998893214935,0.45126123295011755,-0.07663248310214568,0.8890954741589562
680684.0148125,317,1.0,0.23523080828946,0.10629143534059127,680684.018914-0 680684.010711-1,-14.091649378987192,10.456216092818881,29.151885788763206,19.844515294249348,14.342374611749687,-24.192838681222348,-0.5357078389281994,-0.04976054261763856,0.8429359404541226,-39.85487610566226,14.169822894585995,-21.655998893214935,0.45126123295011755,-0.07663248310214568,0.8890954741589562
680684.0189469999,317,1.0,0.23613742663569365,0.10313883824177705,680684.018914-0 680684.0189799999-1,-13.903959440324616,10.448637224828719,28.85426274100772,19.844515294249348,14.342374611749687,-24.192838681222348,-0.5357078389281994,-0.04976054261763856,0.8429359404541226,-39.85487610566226,14.169822894585995,-21.655998893214935,0.45597469915449945,-0.07743127843972696,0.8866179960107696
680684.0235565,317,1.0,0.2384744048288081,0.10093709561682296,680684.028133-0 680684.0189799999-1,-13.832003797486493,10.556402942004604,29.00125409523973,19.844515294249348,14.342374611749687,-24.192838681222348,-0.5338839117465718,-0.0459039618832419,0.8443108403079993,-39.85487610566226,14.169822894585995,-21.655998893214935,0.45597469915449945,-0.07743127843972696,0.8866179960107696
680684.0267139999,317,1.0,0.23952654175346028,0.09744776818003154,680684.028133-0 680684.0252949999-1,-13.618550230231556,10.54127744091914,28.660539840761622,19.844515294249348,14.342374611749687,-24.192838681222348,-0.5338839117465718,-0.0459039618832419,0.8443108403079993,-39.85487610566226,14.169822894585995,-21.655998893214935,0.4613521577391775,-0.07854706994238843,0.8837332993346299
680684.0310775,317,1.0,0.2400475890051892,0.09450496263979491,680684.028133-0 680684.034022-1,-13.55087222821144,10.598570440148219,28.558137652364255,19.844515294249348,14.342374611749687,-24.192838681222348,-0.5338839117465718,-0.0459039618832419,0.8443108403079993,-39.85487610566226,14.169822894585995,-21.655998893214935,0.46306063201681397,-0.076816767669243,0.8829915261660433
680684.0346814999,317,0.9841600954532623,0.23916713159985173,0.092096834218234,680684.035341-0 680684.034022-1,-13.587867815891238,10.662973018683756,28.49080930945024,19.844515294249348,14.342374611749687,-24.192838681222348,-0.5348168714968072,-0.04386499973080597,0.8438286412305426,-39.85487610566226,14.169822894585995,-21.655998893214935,0.46306063201681397,-0.076816767669243,0.8829915261660433
680684.038796,317,0.9841600954532623,0.23934633684085144,0.0924155769015913,680684.035341-0 680684.042251-1,-13.524726488474297,10.611370677601705,28.385987991794828,19.844515294249348,14.342374611749687,-24.192838681222348,-0.5348168714968072,-0.04386499973080597,0.8438286412305426,-39.85487610566226,14.169822894585995,-21.655998893214935,0.4646586538985889,-0.07873062985726514,0.8819828928496457
680684.0421829999,317,1.0,0.24208782131433523,0.09619357879812862,680684.042115-0 680684.042251-1,-13.421057846872493,10.531369576849091,28.579340519235714,19.844515294249348,14.342374611749687,-24.192838681222348,-0.5322034041863771,-0.04619831066540336,0.8453551044762753,-39.85487610566226,14.169822894585995,-21.655998893214935,0.4646586538985889,-0.07873062985726514,0.8819828928496457
680684.04718,318,0.9888564348220825,0.24690368035879628,0.09885680180249468,680684.052109-0 680684.042251-1,-13.250064524209941,10.519243524538622,28.904946278240253,19.844515294249348,14.342374611749687,-24.192838681222348,-0.5278996674511672,-0.046011858870307364,0.8480594613281817,-39.85487610566226,14.169822894585995,-21.655998893214935,0.4646586538985889,-0.07873062985726514,0.8819828928496457
680684.0519365,318,0.9888564348220825,0.2478351936179962,0.09473846861198565,680684.052109-0 680684.051764-1,-13.10451240503357,10.566113844858293,28.67416260904541,19.844515294249348,14.342374611749687,-24.192838681222348,-0.5278996674511672,-0.046011858870307364,0.8480594613281817,-39.85487610566226,14.169822894585995,-21.655998893214935,0.46833893113573194,-0.07758369352238349,0.8801360213524185
680684.055146,318,0.9888564348220825,0.24811269108227943,0.0921609688900561,680684.052109-0 680684.058183-1,-13.097029617332113,10.649080168077504,28.66945921130747,19.844515294249348,14.342374611749687,-24.192838681222348,-0.5278996674511672,-0.046011858870307364,0.8480594613281817,-39.85487610566226,14.169822894585995,-21.655998893214935,0.46852731718094054,-0.07482258918882091,0.8802748055024131
680684.0581505,318,0.9923790097236633,0.25187484622967216,0.09462321437788213,680684.0581179999-0 680684.058183-1,-12.96140116318604,10.6282108167231,28.924375374202715,19.844515294249348,14.342374611749687,-24.192838681222348,-0.5244983908422198,-0.046259977203358504,0.8501537816848587,-39.85487610566226,14.169822894585995,-21.655998893214935,0.46852731718094054,-0.07482258918882091,0.8802748055024131
680684.0612524999,318,0.9601407945156097,0.2533212381484175,0.0922891338460452,680684.064322-0 680684.058183-1,-12.918750091464489,10.727133336961533,29.010290875638653,19.844515294249348,14.342374611749687,-24.192838681222348,-0.5234287808304751,-0.042816995661038505,0.8509929590078199,-39.85487610566226,14.169822894585995,-21.655998893214935,0.46852731718094054,-0.07482258918882091,0.8802748055024131
680684.0644980001,318,0.9601407945156097,0.25336438348528245,0.09320796548399779,680684.064322-0 680684.064674-1,-12.885190436241146,10.673550746805581,28.95072157999477,19.844515294249348,14.342374611749687,-24.192838681222348,-0.5234287808304751,-0.042816995661038505,0.8509929590078199,-39.85487610566226,14.169822894585995,-21.655998893214935,0.4693772938959159,-0.0767054404350706,0.8796597247701003
680684.06967,318,0.9821896255016327,0.25480878928470874,0.09217727549384658,680684.074666-0 680684.064674-1,-12.838577006574184,10.730100095176342,29.04141903831468,19.844515294249348,14.342374611749687,-24.192838681222348,-0.5222616094054293,-0.04077835683153685,0.8518098009270442,-39.85487610566226,14.169822894585995,-21.655998893214935,0.4693772938959159,-0.0767054404350706,0.8796597247701003
680684.0748815,318,0.9821896255016327,0.25509894269549993,0.09187918488982427,680684.074666-0 680684.075097-1,-12.772140852188391,10.696463268396126,28.929490758735298,19.844515294249348,14.342374611749687,-24.192838681222348,-0.5222616094054293,-0.04077835683153685,0.8518098009270442,-39.85487610566226,14.169822894585995,-21.655998893214935,0.4710599499073419,-0.07801392183906115,0.8786446105181441
680684.078244,318,1.0,0.25905272145431557,0.09501118713329304,680684.081391-0 680684.075097-1,-12.626564897542703,10.657611290827479,29.200372298506963,19.844515294249348,14.342374611749687,-24.192838681222348,-0.5186274892892303,-0.04160180277286883,0.8539875978956581,-39.85487610566226,14.169822894585995,-21.655998893214935,0.4710599499073419,-0.07801392183906115,0.8786446105181441
680684.0812464999,319,0.9766207337379456,0.2599721716774706,0.09120875738818479,680684.081391-0 680684.081102-1,-12.489670416845046,10.697354389755361,28.977474647047742,19.844515294249348,14.342374611749687,-24.192838681222348,-0.5186274892892303,-0.04160180277286883,0.8539875978956581,-39.85487610566226,14.169822894585995,-21.655998893214935,0.4745288425953031,-0.07707762391668073,0.8768588355240089
680684.0850235,319,0.9974014759063721,0.260161888610757,0.09394435217076447,680684.081391-0 680684.088656-1,-12.3828478326593,10.53309848816031,28.785216172923636,19.844515294249348,14.342374611749687,-24.192838681222348,-0.5186274892892303,-0.04160180277286883,0.8539875978956581,-39.85487610566226,14.169822894585995,-21.655998893214935,0.4772447093712572,-0.08287809228541847,0.8748535358540158
680684.089449,319,0.9781453311443329,0.26417624864136086,0.09754219837677514,680684.090242-0 680684.088656-1,-12.233842489122944,10.480191494581778,29.05707986244143,19.844515294249348,14.342374611749687,-24.192838681222348,-0.5149222822252151,-0.04286927043248403,0.8561642768304238,-39.85487610566226,14.169822894585995,-21.655998893214935,0.4772447093712572,-0.08287809228541847,0.8748535358540158
680684.0935219999,319,0.9807438552379608,0.2632685512860942,0.1090946127886595,680684.090242-0 680684.096802-1,-12.196568030792866,10.064318867228044,28.950418004998024,19.844515294249348,14.342374611749687,-24.192838681222348,-0.5149222822252151,-0.04286927043248403,0.8561642768304238,-39.85487610566226,14.169822894585995,-21.655998893214935,0.4781983861548928,-0.09686812736534803,0.8728933894695197
680684.096956,319,0.9611965119838715,0.2709731838174777,0.13179845202132523,680684.09711-0 680684.096802-1,-11.868580307202599,9.45281788978945,29.51508959069724,19.844515294249348,14.342374611749687,-24.192838681222348,-0.5068119826573472,-0.06187680050383835,0.8598330511176786,-39.85487610566226,14.169822894585995,-21.655998893214935,0.4781983861548928,-0.09686812736534803,0.8728933894695197
680684.100789,319,0.9611965119838715,0.2699951004092263,0.1486504263905818,680684.09711-0 680684.104468-1,-11.768407570067225,8.835031698615047,29.26460229651131,19.844515294249348,14.342374611749687,-24.192838681222348,-0.5068119826573472,-0.06187680050383835,0.8598330511176786,-39.85487610566226,14.169822894585995,-21.655998893214935,0.48074678835755147,-0.11774434366726216,0.8689181750995113
680684.1064495,319,1.0,0.27053467354590965,0.17857745496059763,680684.108431-0 680684.104468-1,-11.675900804473986,7.908598434222386,29.35077419277735,19.844515294249348,14.342374611749687,-24.192838681222348,-0.5045556835019244,-0.09207288348882972,0.8584556752517617,-39.85487610566226,14.169822894585995,-21.655998893214935,0.48074678835755147,-0.11774434366726216,0.8689181750995113
680684.110351,319,1.0,0.2715286390294048,0.18242595613916923,680684.108431-0 680684.1122709999-1,-11.405209115200247,7.648890445053642,28.84485403872545,19.844515294249348,14.342374611749687,-24.192838681222348,-0.5045556835019244,-0.09207288348882972,0.8584556752517617,-39.85487610566226,14.169822894585995,-21.655998893214935,0.48764284246236583,-0.1277899517745002,0.8636400792116442
680684.114464,320,0.9471406638622284,0.27104047082074717,0.2036276320290341,680684.116657-0 680684.1122709999-1,-11.370844811946803,7.001954977006288,28.830603923460338,19.844515294249348,14.342374611749687,-24.192838681222348,-0.5037288811149876,-0.11338448409018222,0.8563884475506695,-39.85487610566226,14.169822894585995,-21.655998893214935,0.48764284246236583,-0.1277899517745002,0.8636400792116442
680684.1188275,320,0.9471406638622284,0.2708517274743684,0.2192025653528754,680684.116657-0 680684.120998-1,-11.166360137293344,6.432541146794884,28.381062086898673,19.844515294249348,14.342374611749687,-24.192838681222348,-0.5037288811149876,-0.11338448409018222,0.8563884475506695,-39.85487610566226,14.169822894585995,-21.655998893214935,0.4928641938584192,-0.14805362632881605,0.857417640443196
680684.1226035,320,0.9904151856899261,0.2711133551520359,0.2450872373409564,680684.124209-0 680684.120998-1,-11.099134908318119,5.677401149515677,28.392564372776008,19.844515294249348,14.342374611749687,-24.192838681222348,-0.5021044949246242,-0.13811126274573973,0.8537074178424744,-39.85487610566226,14.169822894585995,-21.655998893214935,0.4928641938584192,-0.14805362632881605,0.857417640443196
680684.1262725,320,0.9904151856899261,0.272891799731407,0.24003800082683524,680684.124209-0 680684.128336-1,-10.827422151068367,5.721726711324004,27.925144016136965,19.844515294249348,14.342374611749687,-24.192838681222348,-0.5021044949246242,-0.13811126274573973,0.8537074178424744,-39.85487610566226,14.169822894585995,-21.655998893214935,0.4998454219164971,-0.14849151423543008,0.8532905861365094
680684.130427,320,1.0,0.27357747681817407,0.2448485322570223,680684.132518-0 680684.128336-1,-10.794038636402348,5.589495030052782,27.96262821461866,19.844515294249348,14.342374611749687,-24.192838681222348,-0.5012896480046146,-0.14230149917299748,0.8534980797497592,-39.85487610566226,14.169822894585995,-21.655998893214935,0.4998454219164971,-0.14849151423543008,0.8532905861365094
680684.1350195,320,1.0,0.27586742230321215,0.2371295658387289,680684.132518-0 680684.137521-1,-10.47624266750399,5.68994617590137,27.423379381519222,19.844515294249348,14.342374611749687,-24.192838681222348,-0.5012896480046146,-0.14230149917299748,0.8534980797497592,-39.85487610566226,14.169822894585995,-21.655998893214935,0.5080526051735216,-0.14739477160422582,0.8486208409414276
680684.1397569999,320,1.0,0.28085225276523296,0.24487459308990245,680684.1419929999-0 680684.137521-1,-10.295746579584561,5.512313147786253,27.704291893386838,19.844515294249348,14.342374611749687,-24.192838681222348,-0.4968723226596451,-0.14697052021969145,0.8552879989577561,-39.85487610566226,14.169822894585995,-21.655998893214935,0.5080526051735216,-0.14739477160422582,0.8486208409414276
680684.1438259999,320,1.0,0.2825514516881504,0.23643420880176413,680684.1419929999-0 680684.145659-1,-10.106819060414143,5.68109123778059,27.39897915180692,19.844515294249348,14.342374611749687,-24.192838681222348,-0.4968723226596451,-0.14697052021969145,0.8552879989577561,-39.85487610566226,14.169822894585995,-21.655998893214935,0.5129550180244353,-0.1430799181657283,0.8464072816919993
680684.1470105001,321,0.9924387335777283,0.2857331639185854,0.2380304262629327,680684.148362-0 680684.145659-1,-9.998705479204087,5.662951351219876,27.57937519218622,19.844515294249348,14.342374611749687,-24.192838681222348,-0.49422915826546654,-0.1468065123924723,0.8568461863364782,-39.85487610566226,14.169822894585995,-21.655998893214935,0.5129550180244353,-0.1430799181657283,0.8464072816919993
680684.1516519999,321,0.9924387335777283,0.2875918234900222,0.229638437250704,680684.148362-0 680684.1549419999-1,-9.791477777152815,5.818934280355798,27.23631129094608,19.844515294249348,14.342374611749687,-24.192838681222348,-0.49422915826546654,-0.1468065123924723,0.8568461863364782,-39.85487610566226,14.169822894585995,-21.655998893214935,0.5183482680761072,-0.13930937784167371,0.8437463897569375
680684.155583,321,0.9369973540306091,0.2900655757833399,0.23234587281940045,680684.156224-0 680684.1549419999-1,-9.70409868375992,5.764455488788328,27.37337795193838,19.844515294249348,14.342374611749687,-24.192838681222348,-0.4920977075937831,-0.14803720697125325,0.8578606131144464,-39.85487610566226,14.169822894585995,-21.655998893214935,0.5183482680761072,-0.13930937784167371,0.8437463897569375
680684.158701,321,0.9369973540306091,0.29104982262711376,0.2290130784876968,680684.156224-0 680684.161178-1,-9.58639508670162,5.8104774283204215,27.169977283439657,19.844515294249348,14.342374611749687,-24.192838681222348,-0.4920977075937831,-0.14803720697125325,0.8578606131144464,-39.85487610566226,14.169822894585995,-21.655998893214935,0.5214180663455175,-0.13860855583387827,0.8419684485407681
680684.162722,321,1.0,0.2950428049149292,0.22937422053536194,680684.164266-0 680684.161178-1,-9.453780718243905,5.835178055087303,27.39409392505295,19.844515294249348,14.342374611749687,-24.192838681222348,-0.4888637295373335,-0.14627990797546297,0.8600083967412985,-39.85487610566226,14.169822894585995,-21.655998893214935,0.5214180663455175,-0.13860855583387827,0.8419684485407681
680684.1663445,321,1.0,0.2963828136132197,0.22300557234190244,680684.164266-0 680684.168423-1,-9.317639655870021,5.958635643192942,27.168431369860926,19.844515294249348,14.342374611749687,-24.192838681222348,-0.4888637295373335,-0.14627990797546297,0.8600083967412985,-39.85487610566226,14.169822894585995,-21.655998893214935,0.5249785572623977,-0.1354107783205019,0.8402746191152789
680684.170365,321,1.0,0.3005990944704674,0.2251578494558315,680684.172307-0 680684.168423-1,-9.172873948987354,5.936304064726316,27.4026252620445,19.844515294249348,14.342374611749687,-24.192838681222348,-0.4853424271564324,-0.146053920373752,0.8620388510649393,-39.85487610566226,14.169822894585995,-21.655998893214935,0.5249785572623977,-0.1354107783205019,0.8402746191152789
680684.175192,321,1.0,0.30134591490192364,0.22268410338210043,680684.172307-0 680684.178077-1,-9.089387600226448,5.970539451166525,27.255841501232712,19.844515294249348,14.342374611749687,-24.192838681222348,-0.4853424271564324,-0.146053920373752,0.8620388510649393,-39.85487610566226,14.169822894585995,-21.655998893214935,0.5271648280452349,-0.13485806512403983,0.8389937701455464
680684.1792665,321,1.0,0.3057941747096181,0.22481708691628866,680684.180456-0 680684.178077-1,-8.935898215244189,5.951227765255714,27.50340816853795,19.844515294249348,14.342374611749687,-24.192838681222348,-0.4816168718726052,-0.14567498399655768,0.8641897868901537,-39.85487610566226,14.169822894585995,-21.655998893214935,0.5271648280452349,-0.13485806512403983,0.8389937701455464
680684.182981,322,1.0,0.30618489535218707,0.22638290125312177,680684.180456-0 680684.185506-1,-8.868628003002422,5.877175481068042,27.36690169074798,19.844515294249348,14.342374611749687,-24.192838681222348,-0.4816168718726052,-0.14567498399655768,0.8641897868901537,-39.85487610566226,14.169822894585995,-21.655998893214935,0.5289259199128366,-0.13785944616734508,0.8373960498753218
680684.187467,322,0.9929998815059662,0.31734440310112866,0.23403706103883115,680684.189428-0 680684.185506-1,-8.47347207103076,5.762955303024157,27.99068381869909,19.844515294249348,14.342374611749687,-24.192838681222348,-0.472068471247725,-0.14684831661435202,0.8692450347061905,-39.85487610566226,14.169822894585995,-21.655998893214935,0.5289259199128366,-0.13785944616734508,0.8373960498753218
680684.1909294999,322,0.9929998815059662,0.31683978160064796,0.24300127012366013,680684.189428-0 680684.192431-1,-8.470459293562122,5.503984435630309,27.93957567535523,19.844515294249348,14.342374611749687,-24.192838681222348,-0.472068471247725,-0.14684831661435202,0.8692450347061905,-39.85487610566226,14.169822894585995,-21.655998893214935,0.5289970057614617,-0.14657322210037776,0.8358698812964381
680684.1943494999,322,1.0,0.32619630446432274,0.25265238880907215,680684.1962679999-0 680684.192431-1,-8.12680416401505,5.3119319490079375,28.466511813356426,19.844515294249348,14.342374611749687,-24.192838681222348,-0.4638191179990823,-0.15085232916205418,0.8729922110562821,-39.85487610566226,14.169822894585995,-21.655998893214935,0.5289970057614617,-0.14657322210037776,0.8358698812964381
680684.198937,322,1.0,0.32646319168149596,0.2524369842243944,680684.1962679999-0 680684.201606-1,-8.09572630885046,5.305863522219272,28.40508144862178,19.844515294249348,14.342374611749687,-24.192838681222348,-0.4638191179990823,-0.15085232916205418,0.8729922110562821,-39.85487610566226,14.169822894585995,-21.655998893214935,0.5298141729260846,-0.14702586620990912,0.8352726122840821
680684.2044114999,322,1.0,0.33085040150804645,0.253120097729744,680684.207217-0 680684.201606-1,-7.939352777806828,5.324207206018129,28.66190038798376,19.844515294249348,14.342374611749687,-24.192838681222348,-0.46007681686976604,-0.14914946649397812,0.8752621088699916,-39.85487610566226,14.169822894585995,-21.655998893214935,0.5298141729260846,-0.14702586620990912,0.8352726122840821
680684.20809,322,1.0,0.3312145220709338,0.25124350700192066,680684.207217-0 680684.208963-1,-7.9079893235464525,5.366153374994507,28.607994073927163,19.844515294249348,14.342374611749687,-24.192838681222348,-0.46007681686976604,-0.14914946649397812,0.8752621088699916,-39.85487610566226,14.169822894585995,-21.655998893214935,0.5306413482055229,-0.14588598850731974,0.834947326441535
680684.2110695,322,1.0,0.33470717283430784,0.2512933235853295,680684.2131759999-0 680684.208963-1,-7.783106689298792,5.395471278606446,28.814954766416673,19.844515294249348,14.342374611749687,-24.192838681222348,-0.45709468123947994,-0.14731643994148744,0.8771330109541793,-39.85487610566226,14.169822894585995,-21.655998893214935,0.5306413482055229,-0.14588598850731974,0.834947326441535
680684.21607,323,1.0,0.33474163967858345,0.25111940530360655,680684.2131759999-0 680684.218964-1,-7.7801476133964425,5.3993505815692195,28.809804825378993,19.844515294249348,14.342374611749687,-24.192838681222348,-0.45709468123947994,-0.14731643994148744,0.8771330109541793,-39.85487610566226,14.169822894585995,-21.655998893214935,0.5307194572202297,-0.14578131281266113,0.834915963772691
680684.2199575,323,1.0,0.33642699737872667,0.2476447559893864,680684.220951-0 680684.218964-1,-7.725590563798702,5.514226834542394,28.916514952256975,19.844515294249348,14.342374611749687,-24.192838681222348,-0.4557900374101056,-0.1431482826131563,0.8785010022661319,-39.85487610566226,14.169822894585995,-21.655998893214935,0.5307194572202297,-0.14578131281266113,0.834915963772691
680684.2230485,323,1.0,0.3365244318728772,0.24720570619579907,680684.220951-0 680684.225146-1,-7.716963624940902,5.52353744813879,28.901077902116253,19.844515294249348,14.342374611749687,-24.192838681222348,-0.4557900374101056,-0.1431482826131563,0.8785010022661319,-39.85487610566226,14.169822894585995,-21.655998893214935,0.5309472059309371,-0.14554187477175826,0.8348129294650705
680684.226856,323,1.0,0.34123639798102917,0.25143795780178535,680684.228566-0 680684.225146-1,-7.538369256657221,5.444406970866772,29.177088229954688,19.844515294249348,14.342374611749687,-24.192838681222348,-0.45154591384160325,-0.14454695474986834,0.8804615071458212,-39.85487610566226,14.169822894585995,-21.655998893214935,0.5309472059309371,-0.14554187477175826,0.8348129294650705
680684.2305355,323,1.0,0.341542732354827,0.25225372229307474,680684.228566-0 680684.232505-1,-7.499254839112531,5.404492088659824,29.091302019825438,19.844515294249348,14.342374611749687,-24.192838681222348,-0.45154591384160325,-0.14454695474986834,0.8804615071458212,-39.85487610566226,14.169822894585995,-21.655998893214935,0.5319788297858997,-0.147174409054073,0.833869425017616
680684.2345944999,323,1.0,0.34425620693991893,0.2556686061339508,680684.236684-0 680684.232505-1,-7.39406597567568,5.3303203902901375,29.248956259218883,19.844515294249348,14.342374611749687,-24.192838681222348,-0.449053263004144,-0.1462685223955405,0.881451465675539,-39.85487610566226,14.169822894585995,-21.655998893214935,0.5319788297858997,-0.147174409054073,0.833869425017616
680684.239549,323,1.0,0.34444840776638774,0.25504920375588425,680684.236684-0 680684.242414-1,-7.376134047514251,5.341340905853901,29.214702923531455,19.844515294249348,14.342374611749687,-24.192838681222348,-0.449053263004144,-0.1462685223955405,0.881451465675539,-39.85487610566226,14.169822894585995,-21.655998893214935,0.5324531597199228,-0.146958689752471,0.8336046882128889
680684.2436569999,323,1.0,0.34787642416916065,0.25437726895829815,680684.2448999999-0 680684.242414-1,-7.250604983332591,5.391877377229208,29.42483633553242,19.844515294249348,14.342374611749687,-24.192838681222348,-0.4460794229389038,-0.1437574346764105,0.8833724856512974,-39.85487610566226,14.169822894585995,-21.655998893214935,0.5324531597199228,-0.146958689752471,0.8336046882128889
680684.248589,324,1.0,0.34906940601047176,0.25169682656543546,680684.2448999999-0 680684.252278-1,-7.135543424153269,5.423855164551434,29.196043015303303,19.844515294249348,14.342374611749687,-24.192838681222348,-0.4460794229389038,-0.1437574346764105,0.8833724856512974,-39.85487610566226,14.169822894585995,-21.655998893214935,0.5355016433937371,-0.14684902103015718,0.8316690176657365
680684.2522455,324,1.0,0.35193136456729085,0.2550908849008743,680684.252213-0 680684.252278-1,-7.023756958409651,5.351928848109001,29.36309633048441,19.844515294249348,14.342374611749687,-24.192838681222348,-0.44343957475405565,-0.1453659263232232,0.8844377259062016,-39.85487610566226,14.169822894585995,-21.655998893214935,0.5355016433937371,-0.14684902103015718,0.8316690176657365
680684.2563535001,324,0.9897565841674805,0.3563828133358026,0.2606893347844752,680684.260429-0 680684.252278-1,-6.847880107358266,5.229829852867171,29.624346661067808,19.844515294249348,14.342374611749687,-24.192838681222348,-0.43929796367612295,-0.1481696325044008,0.8860378429353468,-39.85487610566226,14.169822894585995,-21.655998893214935,0.5355016433937371,-0.14684902103015718,0.8316690176657365
680684.2603915001,324,0.9897565841674805,0.35789157362486596,0.2570559743359707,680684.260429-0 680684.260354-1,-6.709819045028496,5.281418017143986,29.346802876501982,19.844515294249348,14.342374611749687,-24.192838681222348,-0.43929796367612295,-0.1481696325044008,0.8860378429353468,-39.85487610566226,14.169822894585995,-21.655998893214935,0.5391755283579891,-0.14632268056260347,0.8293849665703241
680684.264378,324,0.9897565841674805,0.35855449727192124,0.25776769317689074,680684.260429-0 680684.268327-1,-6.639763242137089,5.23219174554941,29.192071615298712,19.844515294249348,14.342374611749687,-24.192838681222348,-0.43929796367612295,-0.1481696325044008,0.8860378429353468,-39.85487610566226,14.169822894585995,-21.655998893214935,0.5410411264626782,-0.14853524671231497,0.8277751989278901
680684.2689715,324,0.975844532251358,0.36270291540558697,0.2617982894258699,680684.269616-0 680684.268327-1,-6.477397173422876,5.153383459670505,29.434903243033474,19.844515294249348,14.342374611749687,-24.192838681222348,-0.4354796897062801,-0.14965188106097416,0.8876720984396398,-39.85487610566226,14.169822894585995,-21.655998893214935,0.5410411264626782,-0.14853524671231497,0.8277751989278901
680684.273883,324,0.975844532251358,0.36376428496630675,0.25830049670269584,680684.269616-0 680684.27815-1,-6.3880914923084156,5.219776481191039,29.259478897149744,19.844515294249348,14.342374611749687,-24.192838681222348,-0.4354796897062801,-0.14965188106097416,0.8876720984396398,-39.85487610566226,14.169822894585995,-21.655998893214935,0.5434295396017125,-0.14712431966760003,0.826461596234584
680684.2776435,324,0.9903857111930847,0.36769791861787765,0.2599436074884546,680684.277137-0 680684.27815-1,-6.236155372135045,5.208187777611856,29.49537404960734,19.844515294249348,14.342374611749687,-24.192838681222348,-0.4319124219934724,-0.1490100569838834,0.8895210299062029,-39.85487610566226,14.169822894585995,-21.655998893214935,0.5434295396017125,-0.14712431966760003,0.826461596234584
680684.2827570001,325,0.9866050183773041,0.3718467409171252,0.26179993917857936,680684.287364-0 680684.27815-1,-6.073803814751523,5.192403893072758,29.746856473170205,19.844515294249348,14.342374611749687,-24.192838681222348,-0.42811237781297545,-0.14843799768597446,0.8914515986896308,-39.85487610566226,14.169822894585995,-21.655998893214935,0.5434295396017125,-0.14712431966760003,0.826461596234584
680684.2865474999,325,0.9866050183773041,0.37429690164738577,0.25703108068154734,680684.287364-0 680684.285731-1,-5.864354779114089,5.246453864975129,29.307280890383957,19.844515294249348,14.342374611749687,-24.192838681222348,-0.42811237781297545,-0.14843799768597446,0.8914515986896308,-39.85487610566226,14.169822894585995,-21.655998893214935,0.5490588693469632,-0.14718027765628014,0.8227225072042544
680684.29106,325,0.9866050183773041,0.37537170429009104,0.25407542528807125,680684.287364-0 680684.2947559999-1,-5.777586486767715,5.296125108433298,29.13022873198823,19.844515294249348,14.342374611749687,-24.192838681222348,-0.42811237781297545,-0.14843799768597446,0.8914515986896308,-39.85487610566226,14.169822894585995,-21.655998893214935,0.5513980090822672,-0.1463041315710614,0.8213131781880464
680684.293913,325,0.9587312042713165,0.37762371831815555,0.25496738800991825,680684.29307-0 680684.2947559999-1,-5.689770701736835,5.291658491805528,29.26407597153759,19.844515294249348,14.342374611749687,-24.192838681222348,-0.42605612329712395,-0.14800768309737777,0.8925076501325754,-39.85487610566226,14.169822894585995,-21.655998893214935,0.5513980090822672,-0.1463041315710614,0.8213131781880464
680684.2978475,325,0.927972674369812,0.381012032086397,0.25546813181203176,680684.300939-0 680684.2947559999-1,-5.557638426420555,5.3092462901456505,29.469330807660853,19.844515294249348,14.342374611749687,-24.192838681222348,-0.4229678531920705,-0.1465673841932188,0.8942126128929564,-39.85487610566226,14.169822894585995,-21.655998893214935,0.5513980090822672,-0.1463041315710614,0.8213131781880464
680684.3014819999,325,0.927972674369812,0.382039047138861,0.25188742792136687,680684.300939-0 680684.302025-1,-5.479445000109575,5.380521918299964,29.312139852304366,19.844515294249348,14.342374611749687,-24.192838681222348,-0.4229678531920705,-0.1465673841932188,0.8942126128929564,-39.85487610566226,14.169822894585995,-21.655998893214935,0.553514487690307,-0.1446498430489685,0.8201817693797184
680684.3061555,325,0.9591164588928223,0.38274461319692366,0.25324390882727055,680684.310286-0 680684.302025-1,-5.450143858248849,5.348297713580576,29.35163061124857,19.844515294249348,14.342374611749687,-24.192838681222348,-0.4222849066019511,-0.14743369954643595,0.894392957202947,-39.85487610566226,14.169822894585995,-21.655998893214935,0.553514487690307,-0.1446498430489685,0.8201817693797184
680684.3109190001,325,0.9591164588928223,0.384724919154755,0.2474898087983579,680684.310286-0 680684.311552-1,-5.298547430815622,5.449606754102326,29.039352315715558,19.844515294249348,14.342374611749687,-24.192838681222348,-0.4222849066019511,-0.14743369954643595,0.894392957202947,-39.85487610566226,14.169822894585995,-21.655998893214935,0.557626452656291,-0.14264373508408695,0.817744155674146
680684.3146965001,326,0.9870715737342834,0.3907233490836246,0.2543690916560182,680684.317841-0 680684.311552-1,-5.054834576683682,5.310778981787082,29.38437439639386,19.844515294249348,14.342374611749687,-24.192838681222348,-0.41660558953220206,-0.15042594995465022,0.8965555288718973,-39.85487610566226,14.169822894585995,-21.655998893214935,0.557626452656291,-0.14264373508408695,0.817744155674146
680684.3183635001,326,0.9870715737342834,0.3926588740446781,0.2473394141562425,680684.317841-0 680684.318886-1,-4.915942821903357,5.453941167580145,29.102134833328282,19.844515294249348,14.342374611749687,-24.192838681222348,-0.41660558953220206,-0.15042594995465022,0.8965555288718973,-39.85487610566226,14.169822894585995,-21.655998893214935,0.5614148853125086,-0.13917437374503258,0.8157473997765612
680684.3215605,326,0.9969750642776489,0.3954116174058386,0.25100006302666744,680684.324235-0 680684.318886-1,-4.802646250397689,5.3763674945589575,29.25862747321398,19.844515294249348,14.342374611749687,-24.192838681222348,-0.4139710217727411,-0.1522538671759289,0.8974668534616792,-39.85487610566226,14.169822894585995,-21.655998893214935,0.5614148853125086,-0.13917437374503258,0.8157473997765612
680684.3243974999,326,0.9969750642776489,0.39642270875737884,0.24747821385996538,680684.324235-0 680684.32456-1,-4.731228318994281,5.446607086827116,29.111548828009667,19.844515294249348,14.342374611749687,-24.192838681222348,-0.4139710217727411,-0.1522538671759289,0.8974668534616792,-39.85487610566226,14.169822894585995,-21.655998893214935,0.5633689650057044,-0.13750317848630755,0.8146829353647737
680684.328687,326,0.9950296878814697,0.3998386735703697,0.2509856565527053,680684.332814-0 680684.32456-1,-4.591060771970964,5.380168210175687,29.308901069724204,19.844515294249348,14.342374611749687,-24.192838681222348,-0.41071565746928185,-0.15354884779446132,0.8987410083280771,-39.85487610566226,14.169822894585995,-21.655998893214935,0.5633689650057044,-0.13750317848630755,0.8146829353647737
680684.3329445,326,0.9950296878814697,0.40097128141620725,0.2500470028205116,680684.332814-0 680684.333075-1,-4.505431859955282,5.369178730409913,29.113938287676746,19.844515294249348,14.342374611749687,-24.192838681222348,-0.41071565746928185,-0.15354884779446132,0.8987410083280771,-39.85487610566226,14.169822894585995,-21.655998893214935,0.5657172259449634,-0.13863972715134265,0.812861025221739
680684.3368875,326,1.0,0.4011619606065862,0.25390813906327747,680684.3407-0 680684.333075-1,-4.493285026585115,5.261038781162933,29.113685711117014,19.844515294249348,14.342374611749687,-24.192838681222348,-0.41043838565780344,-0.15702265708724183,0.8982673414634857,-39.85487610566226,14.169822894585995,-21.655998893214935,0.5657172259449634,-0.13863972715134265,0.812861025221739
680684.3409444999,326,1.0,0.40257020750633965,0.2506199957738616,680684.3407-0 680684.3411889999-1,-4.393446041190876,5.311341723940392,28.897322328412756,19.844515294249348,14.342374611749687,-24.192838681222348,-0.41043838565780344,-0.15702265708724183,0.8982673414634857,-39.85487610566226,14.169822894585995,-21.655998893214935,0.5684613068031145,-0.13789995697079865,0.8110704929506111
680684.3451874999,326,1.0,0.4017174158772702,0.24932300668520202,680684.349186-0 680684.3411889999-1,-4.428761291095379,5.339682640323742,28.850295964905186,19.844515294249348,14.342374611749687,-24.192838681222348,-0.41125890314996616,-0.1563129922451445,0.8980157921970281,-39.85487610566226,14.169822894585995,-21.655998893214935,0.5684613068031145,-0.13789995697079865,0.8110704929506111
680684.3492165,327,1.0,0.40211526640325757,0.24572970796206184,680684.349186-0 680684.349247-1,-4.4068677341292055,5.432613537716585,28.817292879115477,19.844515294249348,14.342374611749687,-24.192838681222348,-0.41125890314996616,-0.1563129922451445,0.8980157921970281,-39.85487610566226,14.169822894585995,-21.655998893214935,0.5690649047298483,-0.13502913570010147,0.8111302402924528
680684.3527569999,327,0.9968907833099365,0.40167567473854027,0.2460153238033732,680684.356267-0 680684.349247-1,-4.423914270006543,5.420151190941105,28.79018687727481,19.844515294249348,14.342374611749687,-24.192838681222348,-0.41165654274420527,-0.15683111079683656,0.8977432224762928,-39.85487610566226,14.169822894585995,-21.655998893214935,0.5690649047298483,-0.13502913570010147,0.8111302402924528
680684.356262,327,0.9968907833099365,0.4026049651998366,0.24188609872342037,680684.356267-0 680684.356257-1,-4.363276413071915,5.5102251873178085,28.669437608479505,19.844515294249348,14.342374611749687,-24.192838681222348,-0.41165654274420527,-0.15683111079683656,0.8977432224762928,-39.85487610566226,14.169822894585995,-21.655998893214935,0.570734265589905,-0.13259681101698526,0.810358244105456
680684.360258,327,0.9968907833099365,0.40274135610723427,0.2425521942212947,680684.356267-0 680684.364249-1,-4.351549555080904,5.485804948490401,28.638927511055446,19.844515294249348,14.342374611749687,-24.192838681222348,-0.41165654274420527,-0.15683111079683656,0.8977432224762928,-39.85487610566226,14.169822894585995,-21.655998893214935,0.5710566502092649,-0.13351163931488336,0.8099808296615578
680684.364239,327,1.0,0.40190431875788135,0.24147363918755316,680684.3642289999-0 680684.364249-1,-4.385786064982659,5.507752803568967,28.592737563660123,19.844515294249348,14.342374611749687,-24.192838681222348,-0.412453978326458,-0.1563182046154076,0.8974666203645086,-39.85487610566226,14.169822894585995,-21.655998893214935,0.5710566502092649,-0.13351163931488336,0.8099808296615578
680684.368919,327,1.0,0.4033408098933086,0.2431307759046275,680684.373589-0 680684.364249-1,-4.327212731745709,5.475527188913355,28.67266607330684,19.844515294249348,14.342374611749687,-24.192838681222348,-0.4110897399789819,-0.1570192339768186,0.8979700361623131,-39.85487610566226,14.169822894585995,-21.655998893214935,0.5710566502092649,-0.13351163931488336,0.8099808296615578
680684.3734525,327,1.0,0.4039346022934184,0.24349339448797058,680684.373589-0 680684.373316-1,-4.282209892973423,5.444445841794132,28.566031961177043,19.844515294249348,14.342374611749687,-24.192838681222348,-0.4110897399789819,-0.1570192339768186,0.8979700361623131,-39.85487610566226,14.169822894585995,-21.655998893214935,0.5722957435796505,-0.1349505502545225,0.8088670662516902
680684.377228,327,1.0,0.40334525772005303,0.25040681029379275,680684.373589-0 680684.380867-1,-4.31058297357758,5.261129944731716,28.597428809112746,19.844515294249348,14.342374611749687,-24.192838681222348,-0.4110897399789819,-0.1570192339768186,0.8979700361623131,-39.85487610566226,14.169822894585995,-21.655998893214935,0.5715105935479291,-0.14076662424758557,0.8084308250929282
680684.381039,327,0.961997926235199,0.41283723043889375,0.26542146655657983,680684.381211-0 680684.380867-1,-3.9149338819531287,4.928330276773359,29.11598858881169,19.844515294249348,14.342374611749687,-24.192838681222348,-0.40191822414423195,-0.16542027130370862,0.9006097239884511,-39.85487610566226,14.169822894585995,-21.655998893214935,0.5715105935479291,-0.14076662424758557,0.8084308250929282
680684.3858435,328,0.961997926235199,0.41171839532491933,0.2773068834692707,680684.381211-0 680684.390476-1,-3.9731818234910463,4.613082481718778,29.191751679144136,19.844515294249348,14.342374611749687,-24.192838681222348,-0.40191822414423195,-0.16542027130370862,0.9006097239884511,-39.85487610566226,14.169822894585995,-21.655998893214935,0.5698924128359859,-0.1505404739365969,0.8078119852409488
680684.3904295,328,0.96963170170784,0.41497992770010805,0.2860727197879195,680684.390383-0 680684.390476-1,-3.83167164236494,4.393482816387522,29.359175219898194,19.844515294249348,14.342374611749687,-24.192838681222348,-0.3986629730692137,-0.17162899094795367,0.9008947348995899,-39.85487610566226,14.169822894585995,-21.655998893214935,0.5698924128359859,-0.1505404739365969,0.8078119852409488
680684.3936675,328,0.9874368607997894,0.4158239081325036,0.2924315186376122,680684.396859-0 680684.390476-1,-3.7909137332082388,4.220944159599483,29.38648099204566,19.844515294249348,14.342374611749687,-24.192838681222348,-0.3977336062227065,-0.17697179026850296,0.9002716056447864,-39.85487610566226,14.169822894585995,-21.655998893214935,0.5698924128359859,-0.1505404739365969,0.8078119852409488
680684.3968539999,328,0.9874368607997894,0.41631252593342544,0.3007975965393045,680684.396859-0 680684.396849-1,-3.7420276353879984,3.967226449789039,29.220476683514786,19.844515294249348,14.342374611749687,-24.192838681222348,-0.3977336062227065,-0.17697179026850296,0.9002716056447864,-39.85487610566226,14.169822894585995,-21.655998893214935,0.5712436147744085,-0.1593612457460426,0.8051613042948204
680684.4006739999,328,0.9874368607997894,0.41750053552280003,0.2976697969527674,680684.396859-0 680684.404489-1,-3.6641564948705305,4.028331567527336,29.04967247692023,19.844515294249348,14.342374611749687,-24.192838681222348,-0.3977336062227065,-0.17697179026850296,0.9002716056447864,-39.85487610566226,14.169822894585995,-21.655998893214935,0.5734078823237697,-0.15819996926922003,0.8038508382854295
680684.4046585,328,0.8835506439208984,0.4185548951671486,0.29973550540487237,680684.404828-0 680684.404489-1,-3.619343430606275,3.978882665797104,29.105382571639982,19.844515294249348,14.342374611749687,-24.192838681222348,-0.39670265707636027,-0.17826928484714266,0.9004704681157754,-39.85487610566226,14.169822894585995,-21.655998893214935,0.5734078823237697,-0.15819996926922003,0.8038508382854295
680684.4088824999,328,0.8835506439208984,0.41915110658575755,0.2979599266361994,680684.404828-0 680684.4129369999-1,-3.581053239331938,4.015408999226713,29.022435116023228,19.844515294249348,14.342374611749687,-24.192838681222348,-0.39670265707636027,-0.17826928484714266,0.9004704681157754,-39.85487610566226,14.169822894585995,-21.655998893214935,0.5744740258611531,-0.1574173944627495,0.8032430251993715
680684.4135264999,328,0.9622332453727722,0.42067858657836876,0.2969263472510423,680684.4141159999-0 680684.4129369999-1,-3.5196403649719574,4.055895024404945,29.11927926450109,19.844515294249348,14.342374611749687,-24.192838681222348,-0.39528436380045673,-0.1765089105900345,0.9014404451860296,-39.85487610566226,14.169822894585995,-21.655998893214935,0.5744740258611531,-0.1574173944627495,0.8032430251993715
680684.4172274999,329,0.9622332453727722,0.4218011728992253,0.2927562349642966,680684.4141159999-0 680684.420339-1,-3.449640230248786,4.1479256699024925,28.972016357330084,19.844515294249348,14.342374611749687,-24.192838681222348,-0.39528436380045673,-0.1765089105900345,0.9014404451860296,-39.85487610566226,14.169822894585995,-21.655998893214935,0.5764273665008022,-0.1551528884673565,0.8022836607766519
680684.4206284999,329,0.9308848083019257,0.42301181839770746,0.2954296792702453,680684.4209179999-0 680684.420339-1,-3.3977198886458577,4.083148317772346,29.03455476430325,19.844515294249348,14.342374611749687,-24.192838681222348,-0.3940910906387726,-0.17826523373734574,0.9016172795148238,-39.85487610566226,14.169822894585995,-21.655998893214935,0.5764273665008022,-0.1551528884673565,0.8022836607766519
680684.4246159999,329,0.9308848083019257,0.4231257420866128,0.29360400419258903,680684.4209179999-0 680684.428314-1,-3.3927693946423094,4.132535444848619,29.03272139750851,19.844515294249348,14.342374611749687,-24.192838681222348,-0.3940910906387726,-0.17826523373734574,0.9016172795148238,-39.85487610566226,14.169822894585995,-21.655998893214935,0.5765665009806726,-0.15358538973587763,0.8024852634201967
680684.428312,329,1.0,0.42712719986114644,0.29655507194344555,680684.42831-0 680684.428314-1,-3.2249554805641925,4.081818526937651,29.265141567939743,19.844515294249348,14.342374611749687,-24.192838681222348,-0.39023333523400483,-0.17874610377496772,0.9031986351060398,-39.85487610566226,14.169822894585995,-21.655998893214935,0.5765665009806726,-0.15358538973587763,0.8024852634201967
680684.4336615,329,1.0,0.43086060106774376,0.2985115902290306,680684.439009-0 680684.428314-1,-3.0670173634526527,4.056457557983114,29.488187155258053,19.844515294249348,14.342374611749687,-24.192838681222348,-0.3866133035663328,-0.17846613265422717,0.9048093683207366,-39.85487610566226,14.169822894585995,-21.655998893214935,0.5765665009806726,-0.15358538973587763,0.8024852634201967
680684.4395455,329,1.0,0.4310995974759936,0.29925334952384897,680684.439009-0 680684.440082-1,-3.0503712577947706,4.029560506381825,29.44226570949308,19.844515294249348,14.342374611749687,-24.192838681222348,-0.3866133035663328,-0.17846613265422717,0.9048093683207366,-39.85487610566226,14.169822894585995,-21.655998893214935,0.5770333323901442,-0.15464618333245284,0.801945815682974
680684.442835,329,0.8807095885276794,0.4338198261483144,0.30063189914268584,680684.445588-0 680684.440082-1,-2.934167584548897,4.0121982152873,29.606408029237958,19.844515294249348,14.342374611749687,-24.192838681222348,-0.38395655418279284,-0.1782162177927962,0.9059891523719842,-39.85487610566226,14.169822894585995,-21.655998893214935,0.5770333323901442,-0.15464618333245284,0.801945815682974
680684.4459045,329,0.8807095885276794,0.4345575035208028,0.2974317015023502,680684.445588-0 680684.4462209999-1,-2.8901996671482877,4.087494609323126,29.513688679559657,19.844515294249348,14.342374611749687,-24.192838681222348,-0.38395655418279284,-0.1782162177927962,0.9059891523719842,-39.85487610566226,14.169822894585995,-21.655998893214935,0.5782718774198026,-0.15268150448220952,0.8014299682283073
680684.4506939999,330,1.0,0.43967880542521864,0.3041441052522659,680684.455167-0 680684.4462209999-1,-2.6657661057625983,3.938399661239007,29.807397350048593,19.844515294249348,14.342374611749687,-24.192838681222348,-0.37884675773526344,-0.18148481251546492,0.9074901635718731,-39.85487610566226,14.169822894585995,-21.655998893214935,0.5782718774198026,-0.15268150448220952,0.8014299682283073
680684.4550805,330,1.0,0.44053147085254674,0.30135999574031447,680684.455167-0 680684.454994-1,-2.6147473773831695,3.999899634447135,29.692565302363175,19.844515294249348,14.342374611749687,-24.192838681222348,-0.37884675773526344,-0.18148481251546492,0.9074901635718731,-39.85487610566226,14.169822894585995,-21.655998893214935,0.579715285999095,-0.1512608641795376,0.8006561922240074
680684.4583185,330,1.0,0.44076299065010793,0.30023479952791987,680684.455167-0 680684.46147-1,-2.6013391806256276,4.027164074545816,29.66457197237428,19.844515294249348,14.342374611749687,-24.192838681222348,-0.37884675773526344,-0.18148481251546492,0.9074901635718731,-39.85487610566226,14.169822894585995,-21.655998893214935,0.5800949616476903,-0.1505257838018016,0.8005197211073678
680684.4631395,330,0.9700021147727966,0.4422596623218177,0.30386178081849957,680684.464809-0 680684.46147-1,-2.5340920545855035,3.936389686752059,29.74299280436581,19.844515294249348,14.342374611749687,-24.192838681222348,-0.37732177552815993,-0.18395684691886946,0.907627763008572,-39.85487610566226,14.169822894585995,-21.655998893214935,0.5800949616476903,-0.1505257838018016,0.8005197211073678
680684.466767,330,0.9700021147727966,0.4423381948687787,0.30524469574924173,680684.464809-0 680684.468725-1,-2.5278379171067886,3.89487960344061,29.719092743748064,19.844515294249348,14.342374611749687,-24.192838681222348,-0.37732177552815993,-0.18395684691886946,0.907627763008572,-39.85487610566226,14.169822894585995,-21.655998893214935,0.5802718485651832,-0.15194472178830942,0.8001233550418448
680684.4713475,330,0.9852389395236969,0.4438104013120909,0.3083505248210102,680684.4739699999-0 680684.468725-1,-2.4618084029480336,3.818366410767613,29.798388754312995,19.844515294249348,14.342374611749687,-24.192838681222348,-0.37582558893939455,-0.1859678150818631,0.9078386962737571,-39.85487610566226,14.169822894585995,-21.655998893214935,0.5802718485651832,-0.15194472178830942,0.8001233550418448
680684.476793,330,0.9852389395236969,0.4440695599698059,0.30630789057646224,680684.4739699999-0 680684.479616-1,-2.447641594729747,3.871658758099157,29.77336622309292,19.844515294249348,14.342374611749687,-24.192838681222348,-0.37582558893939455,-0.1859678150818631,0.9078386962737571,-39.85487610566226,14.169822894585995,-21.655998893214935,0.5806741733433516,-0.15037940759607277,0.8001272012518194
680684.4820295,331,1.0,0.4452194841442103,0.3076708466879564,680684.4844429999-0 680684.479616-1,-2.3965708058187687,3.8419748648378738,29.840455866552023,19.844515294249348,14.342374611749687,-24.192838681222348,-0.37466760739271693,-0.1865690301998346,0.9081939115304122,-39.85487610566226,14.169822894585995,-21.655998893214935,0.5806741733433516,-0.15037940759607277,0.8001272012518194
680684.485938,331,1.0,0.4462234042440619,0.30866996615635056,680684.4844429999-0 680684.487433-1,-2.334066175381592,3.7923463744867387,29.672807093508368,19.844515294249348,14.342374611749687,-24.192838681222348,-0.37466760739271693,-0.1865690301998346,0.9081939115304122,-39.85487610566226,14.169822894585995,-21.655998893214935,0.5824505089269333,-0.15271380307910495,0.7983920709775822
680684.490674,331,0.9885155856609344,0.45389949310308075,0.31693239241860804,680684.493915-0 680684.487433-1,-1.9899399050070752,3.6161309953460847,30.127228370276768,19.844515294249348,14.342374611749687,-24.192838681222348,-0.36688703322616867,-0.18981942157592968,0.9106934127592444,-39.85487610566226,14.169822894585995,-21.655998893214935,0.5824505089269333,-0.15271380307910495,0.7983920709775822
680684.4944935,331,0.9885155856609344,0.4547359854153597,0.3155812456739404,680684.493915-0 680684.495072-1,-1.9412349136169187,3.6388573840409615,30.00581713415306,19.844515294249348,14.342374611749687,-24.192838681222348,-0.36688703322616867,-0.18981942157592968,0.9106934127592444,-39.85487610566226,14.169822894585995,-21.655998893214935,0.5838455737204813,-0.15256395507122797,0.7974011447571583
680684.498325,331,0.9823193252086639,0.4563872215924268,0.3164824511063866,680684.501578-0 680684.495072-1,-1.866638477563324,3.625638649103725,30.10898717526955,19.844515294249348,14.342374611749687,-24.192838681222348,-0.36520473274851073,-0.18971687701933101,0.9113907009357298,-39.85487610566226,14.169822894585995,-21.655998893214935,0.5838455737204813,-0.15256395507122797,0.7974011447571583
680684.5020844999,331,0.9823193252086639,0.4563071342881545,0.3181285271937423,680684.501578-0 680684.5025909999-1,-1.8702683536143265,3.5797452643263146,30.109116711282386,19.844515294249348,14.342374611749687,-24.192838681222348,-0.36520473274851073,-0.18971687701933101,0.9113907009357298,-39.85487610566226,14.169822894585995,-21.655998893214935,0.583741283776785,-0.1540002855351384,0.7972013708403458
680684.5054649999,331,0.8979275822639465,0.45847433700733314,0.31921318388119746,680684.5083389999-0 680684.5025909999-1,-1.7717336360552078,3.564923813796324,30.245962658533536,19.844515294249348,14.342374611749687,-24.192838681222348,-0.36298671982354774,-0.1894934161841319,0.9123227972897577,-39.85487610566226,14.169822894585995,-21.655998893214935,0.583741283776785,-0.1540002855351384,0.7972013708403458
680684.5106889999,331,0.8979275822639465,0.4600070017008083,0.3192877481866271,680684.5083389999-0 680684.513039-1,-1.6827757899219389,3.5341614367669134,30.006486693156923,19.844515294249348,14.342374611749687,-24.192838681222348,-0.36298671982354774,-0.1894934161841319,0.9123227972897577,-39.85487610566226,14.169822894585995,-21.655998893214935,0.5863011532462887,-0.15607674311721353,0.7949157238097604
680684.5158685,332,0.9400676190853119,0.46084544577514086,0.3210130574543053,680684.518698-0 680684.513039-1,-1.64403813929043,3.4913284944249554,30.052411816242447,19.844515294249348,14.342374611749687,-24.192838681222348,-0.3621169860415602,-0.1905954107670491,0.9124388625079031,-39.85487610566226,14.169822894585995,-21.655998893214935,0.5863011532462887,-0.15607674311721353,0.7949157238097604
680684.5194880001,332,0.9400676190853119,0.4614841938088804,0.31908149286437626,680684.518698-0 680684.520278-1,-1.6085761771366265,3.5349480501381,29.968208775328414,19.844515294249348,14.342374611749687,-24.192838681222348,-0.3621169860415602,-0.1905954107670491,0.9124388625079031,-39.85487610566226,14.169822894585995,-21.655998893214935,0.5873239252255764,-0.15510484537696553,0.7943507372679962
680684.5228605,332,0.9358837306499481,0.46132123651587936,0.31862709124615096,680684.525443-0 680684.520278-1,-1.6161536660089162,3.5466239312449375,29.959927600355147,19.844515294249348,14.342374611749687,-24.192838681222348,-0.36228694341721496,-0.1902732573084265,0.9124386325570903,-39.85487610566226,14.169822894585995,-21.655998893214935,0.5873239252255764,-0.15510484537696553,0.7943507372679962
680684.5260274999,332,0.9358837306499481,0.4623234784228239,0.31880187471207866,680684.525443-0 680684.526612-1,-1.5591517090708553,3.523213705776242,29.80529385146343,19.844515294249348,14.342374611749687,-24.192838681222348,-0.36228694341721496,-0.1902732573084265,0.9124386325570903,-39.85487610566226,14.169822894585995,-21.655998893214935,0.5889688175606176,-0.15656348479700657,0.7928452605455022
680684.5295,332,0.976596474647522,0.4618730206916341,0.31628876105059867,680684.5323879999-0 680684.526612-1,-1.5805431451937544,3.5907591244439265,29.788996655292387,19.844515294249348,14.342374611749687,-24.192838681222348,-0.3627651867794679,-0.1882450456303588,0.9126692840544606,-39.85487610566226,14.169822894585995,-21.655998893214935,0.5889688175606176,-0.15656348479700657,0.7928452605455022
680684.5338975,332,0.976596474647522,0.4638285317650649,0.31182923462552126,680684.5323879999-0 680684.535407-1,-1.4732783938542706,3.6806287035386704,29.526215164122437,19.844515294249348,14.342374611749687,-24.192838681222348,-0.3627651867794679,-0.1882450456303588,0.9126692840544606,-39.85487610566226,14.169822894585995,-21.655998893214935,0.5920685007388432,-0.15496089371506447,0.7908489184742474
680684.5387565,332,0.9861359000205994,0.46520917318488364,0.3115272709880562,680684.542106-0 680684.535407-1,-1.4112373660085193,3.699768054695407,29.616182100819728,19.844515294249348,14.342374611749687,-24.192838681222348,-0.36136123111142154,-0.1871917009008044,0.913442569493836,-39.85487610566226,14.169822894585995,-21.655998893214935,0.5920685007388432,-0.15496089371506447,0.7908489184742474
680684.5426495001,332,0.9861359000205994,0.46736743555984195,0.307821469672936,680684.542106-0 680684.543193-1,-1.2947458190267866,3.763380992237906,29.32237547226354,19.844515294249348,14.342374611749687,-24.192838681222348,-0.36136123111142154,-0.1871917009008044,0.913442569493836,-39.85487610566226,14.169822894585995,-21.655998893214935,0.5954462763504996,-0.15431795326629325,0.7884349695948464
680684.545852,332,0.9986737668514252,0.4696326552899487,0.30901701844716856,680684.548511-0 680684.543193-1,-1.1920794061351394,3.74786963470864,29.460540324154454,19.844515294249348,14.342374611749687,-24.192838681222348,-0.35903947754930454,-0.18698436440307678,0.9144000771160836,-39.85487610566226,14.169822894585995,-21.655998893214935,0.5954462763504996,-0.15431795326629325,0.7884349695948464
680684.550672,333,0.9986737668514252,0.4717304079242039,0.3042039937432447,680684.548511-0 680684.552833-1,-1.0820228201788797,3.8432408427324436,29.188059460656007,19.844515294249348,14.342374611749687,-24.192838681222348,-0.35903947754930454,-0.18698436440307678,0.9144000771160836,-39.85487610566226,14.169822894585995,-21.655998893214935,0.5986515880114336,-0.1525634686490713,0.7863464021696498
680684.5554045,333,0.9703741371631622,0.4734961746333196,0.30761127436065727,680684.557976-0 680684.552833-1,-1.0010198974819158,3.762615120185406,29.282429900380514,19.844515294249348,14.342374611749687,-24.192838681222348,-0.3572115733192243,-0.18905066959944783,0.9146910605285287,-39.85487610566226,14.169822894585995,-21.655998893214935,0.5986515880114336,-0.1525634686490713,0.7863464021696498
680684.5584975,333,0.9703741371631622,0.4744721537955252,0.3080788311289736,680684.557976-0 680684.559019-1,-0.9498358390767603,3.7313960513273905,29.13932774773343,19.844515294249348,14.342374611749687,-24.192838681222348,-0.3572115733192243,-0.18905066959944783,0.9146910605285287,-39.85487610566226,14.169822894585995,-21.655998893214935,0.6001469554854562,-0.15422055329913847,0.7848819355556893
680684.5616649999,333,0.8682354390621185,0.47781060554389604,0.3088586326347653,680684.5643109999-0 680684.559019-1,-0.7973029006908909,3.7362746138741674,29.347678622750593,19.844515294249348,14.342374611749687,-24.192838681222348,-0.3537632841867335,-0.18784079453197647,0.9162790921280547,-39.85487610566226,14.169822894585995,-21.655998893214935,0.6001469554854562,-0.15422055329913847,0.7848819355556893
680684.564637,333,0.8682354390621185,0.47888206482684553,0.3058190591245491,680684.5643109999-0 680684.564963-1,-0.7430761893360582,3.8016318480383724,29.214779703675994,19.844515294249348,14.342374611749687,-24.192838681222348,-0.3537632841867335,-0.18784079453197647,0.9162790921280547,-39.85487610566226,14.169822894585995,-21.655998893214935,0.6017385722143113,-0.1527705283428787,0.7839463351399251
680684.5707255,333,0.9894677102565765,0.47865522354861473,0.3070657887857492,680684.576488-0 680684.564963-1,-0.7532013613634483,3.7651295824754465,29.193739133524943,19.844515294249348,14.342374611749687,-24.192838681222348,-0.3539946353434209,-0.18909761915401255,0.915931159300939,-39.85487610566226,14.169822894585995,-21.655998893214935,0.6017385722143113,-0.1527705283428787,0.7839463351399251
680684.5755125,333,0.9894677102565765,0.4796161472926639,0.30273486543673866,680684.576488-0 680684.574537-1,-0.7053346166020322,3.868085703772194,29.085687895114308,19.844515294249348,14.342374611749687,-24.192838681222348,-0.3539946353434209,-0.18909761915401255,0.915931159300939,-39.85487610566226,14.169822894585995,-21.655998893214935,0.6031443813271468,-0.15000694765681113,0.7833994963798355
680684.5785635,333,0.9894677102565765,0.4826452353270444,0.29789544326321116,680684.576488-0 680684.5806389999-1,-0.5548975281234672,3.945042696708186,28.695713998480986,19.844515294249348,14.342374611749687,-24.192838681222348,-0.3539946353434209,-0.18909761915401255,0.915931159300939,-39.85487610566226,14.169822894585995,-21.655998893214935,0.6075707196872948,-0.1493652394534009,0.7800947672056842
680684.5831424999,334,0.929163783788681,0.48395642913698167,0.2961721588028474,680684.585646-0 680684.5806389999-1,-0.4953847907008715,4.003627324756003,28.786817083621223,19.844515294249348,14.342374611749687,-24.192838681222348,-0.3526400067454469,-0.18677940364688658,0.9169288303984581,-39.85487610566226,14.169822894585995,-21.655998893214935,0.6075707196872948,-0.1493652394534009,0.7800947672056842
680684.5870155001,334,0.929163783788681,0.48422259861979755,0.29491034009935635,680684.585646-0 680684.588385-1,-0.48251297239417745,4.033404044809409,28.75798143583882,19.844515294249348,14.342374611749687,-24.192838681222348,-0.3526400067454469,-0.18677940364688658,0.9169288303984581,-39.85487610566226,14.169822894585995,-21.655998893214935,0.6079505252283751,-0.14854765417590732,0.7799549687727989
680684.590384,334,0.9676523506641388,0.48533668224983223,0.29749151531826956,680684.592383-0 680684.588385-1,-0.43111221037727354,3.9718827792848765,28.814133194824034,19.844515294249348,14.342374611749687,-24.192838681222348,-0.35147915301394733,-0.1884500368072531,0.9170327085900171,-39.85487610566226,14.169822894585995,-21.655998893214935,0.6079505252283751,-0.14854765417590732,0.7799549687727989
680684.5944099999,334,0.9676523506641388,0.48594050524005106,0.29587172953267915,680684.592383-0 680684.596437-1,-0.4018856108179367,4.005169582640588,28.741414913492434,19.844515294249348,14.342374611749687,-24.192838681222348,-0.35147915301394733,-0.1884500368072531,0.9170327085900171,-39.85487610566226,14.169822894585995,-21.655998893214935,0.608814256161649,-0.1478212524811747,0.779419064951092
680684.59886,334,0.9674282073974609,0.49069966007323274,0.29875186409438925,680684.601283-0 680684.596437-1,-0.18120635115197103,3.9668241243420406,29.027027664545567,19.844515294249348,14.342374611749687,-24.192838681222348,-0.3464897790305503,-0.18823246905983795,0.9189740859344172,-39.85487610566226,14.169822894585995,-21.655998893214935,0.608814256161649,-0.1478212524811747,0.779419064951092
680684.6029925,334,0.9674282073974609,0.490043206986987,0.3015408771373064,680684.601283-0 680684.604702-1,-0.21264280008383807,3.90140988483407,29.100645267490002,19.844515294249348,14.342374611749687,-24.192838681222348,-0.3464897790305503,-0.18823246905983795,0.9189740859344172,-39.85487610566226,14.169822894585995,-21.655998893214935,0.6078803672418621,-0.14955996877131683,0.7798161801751882
680684.6083635001,334,0.9585632383823395,0.49481662975922297,0.30780417792639214,680684.612025-0 680684.604702-1,0.013154989936875694,3.7671277825722376,29.374463083190474,19.844515294249348,14.342374611749687,-24.192838681222348,-0.3414198651866717,-0.1910782134058187,0.9202834302635005,-39.85487610566226,14.169822894585995,-21.655998893214935,0.6078803672418621,-0.14955996877131683,0.7798161801751882
680684.6137260001,334,0.9585632383823395,0.4901784063347193,0.311954988689201,680684.612025-0 680684.615427-1,-0.2123810227615408,3.732083201846402,30.000862195471704,19.844515294249348,14.342374611749687,-24.192838681222348,-0.3414198651866717,-0.1910782134058187,0.9202834302635005,-39.85487610566226,14.169822894585995,-21.655998893214935,0.6011571027876269,-0.14777302558653943,0.7853491393494911
680684.617335,335,0.8604004085063934,0.49881314449001957,0.32055457180154656,680684.6192429999-0 680684.615427-1,0.21156903506458313,3.5560972743480033,30.540151635493466,19.844515294249348,14.342374611749687,-24.192838681222348,-0.33201725823872896,-0.193832606365433,0.9231432504986536,-39.85487610566226,14.169822894585995,-21.655998893214935,0.6011571027876269,-0.14777302558653943,0.7853491393494911
680684.62058,335,0.8604004085063934,0.49667138334194005,0.3225297314147103,680684.6192429999-0 680684.621917-1,0.10653082332379071,3.5346987928642752,30.84023244110505,19.844515294249348,14.342374611749687,-24.192838681222348,-0.33201725823872896,-0.193832606365433,0.9231432504986536,-39.85487610566226,14.169822894585995,-21.655998893214935,0.5980027760673076,-0.14706082887900213,0.7878869160134686
680684.6234490001,335,0.9181635975837708,0.5038426297114241,0.3278180065617916,680684.624981-0 680684.621917-1,0.4721048363421332,3.437181293640828,31.320430921817273,19.844515294249348,14.342374611749687,-24.192838681222348,-0.32400037233838325,-0.1944240209673256,0.9258634126022509,-39.85487610566226,14.169822894585995,-21.655998893214935,0.5980027760673076,-0.14706082887900213,0.7878869160134686
680684.6266645,335,0.9181635975837708,0.4999456176660412,0.3302297830461207,680684.624981-0 680684.628348-1,0.27925997720649676,3.4288373964147665,31.892819524891713,19.844515294249348,14.342374611749687,-24.192838681222348,-0.32400037233838325,-0.1944240209673256,0.9258634126022509,-39.85487610566226,14.169822894585995,-21.655998893214935,0.5921750030659394,-0.14472423040888766,0.7927065427233522
680684.631204,335,0.8612037301063538,0.5050670437626426,0.3323745734148733,680684.63406-0 680684.628348-1,0.5501396320422884,3.4053292622456777,32.26426068601705,19.844515294249348,14.342374611749687,-24.192838681222348,-0.3181313727168375,-0.19331437378371094,0.9281282145166755,-39.85487610566226,14.169822894585995,-21.655998893214935,0.5921750030659394,-0.14472423040888766,0.7927065427233522
680684.635827,335,0.8612037301063538,0.5039750860723383,0.3309425509635594,680684.63406-0 680684.637594-1,0.4958230197840994,3.4667071934568954,32.44103132078376,19.844515294249348,14.342374611749687,-24.192838681222348,-0.3181313727168375,-0.19331437378371094,0.9281282145166755,-39.85487610566226,14.169822894585995,-21.655998893214935,0.5905249376139813,-0.1420772157197502,0.7944144779832043
680684.637594,335,1.0,0.4953813371377304,0.2490276620001759,680684.637594-1,0.29300689867562824,39.1389207001192,213.43040134915606,,,,,,,10.188298085784599,100.80847331586278,-282.6532100436175,-0.01979058237421791,-0.12333910523148707,0.9921672227855471
680684.642148,335,0.2817693092881149,0.5511366831590324,0.4475924851272225,680684.642148-0,19.159411189504425,0.0961874496777142,209.28203847749927,24.674360216532495,295.39796903576797,-194.16119560792984,-0.011029898054056134,-0.5906035631721805,0.8068864681708582,,,,,,
680684.6502395,336,0.995,0.5078140144061043,0.24696561892672297,680684.655681-0 680684.644798-1,0.725539873063374,6.191107126373849,33.39714444816265,19.844515294249348,14.342374611749687,-24.192838681222348,-0.312174215886082,-0.11654228869658527,0.9428494863345218,-39.85487610566226,14.169822894585995,-21.655998893214935,0.5892087308514814,-0.13243138325903395,0.7970539506310005
680684.65254,336,0.3350030494245106,0.4116520484345407,0.3271853601274969,680684.65254-1,-28.41554935224994,23.33852276806391,209.79795476879588,,,,,,,10.188298085784599,100.80847331586278,-282.6532100436175,-0.07720769487606907,-0.15493990109559758,0.9849023296248266
680684.659806,336,0.9307926652201652,0.48250736233519004,0.214485636813193,680684.655681-0 680684.6639309999-1,-0.7566283007581696,8.268880940142626,38.19250789866136,19.844515294249348,14.342374611749687,-24.192838681222348,-0.312174215886082,-0.11654228869658527,0.9428494863345218,-39.85487610566226,14.169822894585995,-21.655998893214935,0.5449331485893321,-0.05772162065748908,0.8364903335228626
680684.6635274999,336,0.8120517336485893,0.28286371622478235,-0.13174350535696355,680684.663124-0 680684.6639309999-1,-10.197407467973004,15.722463215875862,23.752042277507126,19.844515294249348,14.342374611749687,-24.192838681222348,-0.529196602409915,0.11052500645127808,0.84126997982024,-39.85487610566226,14.169822894585995,-21.655998893214935,0.5449331485893321,-0.05772162065748908,0.8364903335228626
680684.6639309999,336,0.8715853304403306,0.41481518590317173,0.057052978999029835,680684.6639309999-1,-29.70003934586115,82.00799756838106,215.39845660213072,,,,,,,10.188298085784599,100.80847331586278,-282.6532100436175,-0.0797766748632915,-0.03760095149496345,0.9961033332914966
680684.671419,336,0.28671591832362564,0.40020271114545347,0.2977017811236823,680684.671419-1,-32.60919411134282,29.27014143431299,210.3484549974268,,,,,,,10.188298085784599,100.80847331586278,-282.6532100436175,-0.08559498439425482,-0.14307666376309955,0.9860033300820886
680684.678137,336,0.199847818424618,0.5207873847567985,-0.0470136205982723,680684.678137-0,13.184470961335464,140.13543064150923,280.9824948860876,24.674360216532495,295.39796903576797,-194.16119560792984,-0.022979778510394087,-0.31052507678851743,0.9502873809880348,,,,,,
680684.685022,337,0.21288022210371363,0.19234015681633937,0.2026582373117185,680684.685022-1,-113.45679857348398,51.8685178491437,199.33929076011447,,,,,,,10.188298085784599,100.80847331586278,-282.6532100436175,-0.24729019331853722,-0.09787991093343817,0.963985001607464
680684.6881799999,337,0.29348966534625914,0.5323556143470575,-0.1023206927269682,680684.6881799999-0,20.086284046640394,164.7244237540633,288.4394406541553,24.674360216532495,295.39796903576797,-194.16119560792984,-0.009176152339784152,-0.2613470905634093,0.9652012725241704,,,,,,
680684.693643,337,0.2757805831096318,0.47412691082541814,-0.2607250721339527,680684.693643-1,-8.925011779972671,174.00276946877062,211.590936504074,,,,,,,10.188298085784599,100.80847331586278,-282.6532100436175,-0.03822661973151449,0.14638859230581566,0.988488293095383
680684.7007929999,337,0.21964545758193102,0.5087369360542863,-0.016834961333791476,680684.7007929999-0,6.9156807936317435,127.67102334156812,276.5322300878722,24.674360216532495,295.39796903576797,-194.16119560792984,-0.03551735884580147,-0.3354538913883997,0.9413868513916042,,,,,,
680684.705802,337,0.28346520302637723,0.30637917082004695,0.23122527475113897,680684.705802-1,-67.264276259025,43.64703940516708,207.99296511790857,,,,,,,10.188298085784599,100.80847331586278,-282.6532100436175,-0.1549051486896192,-0.11432286782139135,0.9812923503230521
680684.7135419999,337,0.99,0.6731611894247658,0.022673609930893734,680684.711184-0 680684.7159-1,28.105878973308506,37.69346154030711,86.51531007441035,19.844515294249348,14.342374611749687,-24.192838681222348,0.0707771030290073,0.3278672410736239,0.9420688265289281,-39.85487610566226,14.169822894585995,-21.655998893214935,0.5204580155182652,0.055961115068116664,0.8520515287722464
680684.7159,338,0.99,0.39022979892861503,-0.1524608390810549,680684.7159-1,-42.93111356885426,139.10975935180747,213.03957747044115,,,,,,,10.188298085784599,100.80847331586278,-282.6532100436175,-0.10623882330927775,0.07660257207188936,0.9913855750281174
680684.7225489999,338,0.3831372456680729,0.6705784300704416,-0.40434996678138857,680684.7225489999-0,135.4488539212346,369.5322305824022,287.74452422677194,24.674360216532495,295.39796903576797,-194.16119560792984,0.2215489874094042,0.1482685230932684,0.9638114396694036,,,,,,
680684.724715,338,0.3917874681228824,0.27779004814520486,0.1342037266388274,680684.724715-1,-80.57968066637304,65.69380900325407,207.78346719765557,,,,,,,10.188298085784599,100.80847331586278,-282.6532100436175,-0.18153595750431528,-0.07022932862521743,0.9808733544825462
680684.734828,338,0.3625484889384018,0.661680243632659,-0.3964262218699819,680684.734828-0,126.84804161507569,361.1021659666414,290.8578734348635,24.674360216532495,295.39796903576797,-194.16119560792984,0.20434736279708635,0.13140839386174677,0.9700381380855867,,,,,,
680684.73547,338,0.4339567792200092,0.2896068571646474,0.126339490211561,680684.73547-1,-76.1327088431575,67.29258181963934,208.69734585307322,,,,,,,10.188298085784599,100.80847331586278,-282.6532100436175,-0.17264201385788414,-0.06703178299244691,0.9827011117933814
680684.74876,338,0.8303516643843156,0.41285261479494323,0.06830660275735356,680684.74709-0 680684.75043-1,-6.016828171847287,15.748153386991817,42.733108065846075,19.844515294249348,14.342374611749687,-24.192838681222348,-0.36039049469916823,0.03477334186152152,0.9321531558849492,-39.85487610566226,14.169822894585995,-21.655998893214935,0.4650930453217873,0.006504618101143164,0.8852379053885255
680684.75043,338,0.7912362439547606,0.30588575986262484,-0.06236121906173242,680684.75043-1,-75.5067727562913,115.00364652851559,209.74383695284283,,,,,,,10.188298085784599,100.80847331586278,-282.6532100436175,-0.1713901416841518,0.028390346425305617,0.9847940939929207
680684.755504,339,0.19264970182977748,0.7502759229043425,-0.2594701753687121,680684.755504-0,172.75028416669684,269.17292780117884,282.6886423479503,24.674360216532495,295.39796903576797,-194.16119560792984,0.2961518479003287,-0.05245008246917829,0.9536996759117604,,,,,,
680684.757448,339,0.6,0.33484606258244043,0.03857947495956249,680684.757448-1,-60.464104622825026,87.28767119624186,211.4829457668222,,,,,,,10.699642650663343,100.39106297487132,-283.25337005999364,-0.14232749454697677,-0.02620678355725892,0.9894726316536315
680684.768237,339,0.1982417022561718,0.7659369662117943,-0.242352085642493,680684.768237-0,181.4570671388125,259.9708424979054,279.2985191676704,24.674360216532495,295.39796903576797,-194.16119560792984,0.31356541384456005,-0.07085425307572521,0.9469194295512005,,,,,,
680684.775682,339,0.8507272600661934,0.4369719402385955,0.13509209875803074,680684.7779-0 680684.773464-1,-4.2044812788159,12.869753068776362,43.41520855032397,19.844515294249348,14.342374611749687,-24.192838681222348,-0.3348744199420425,-0.037141745530341365,0.9415304634516293,-39.813772933720145,13.77456203825308,-22.454732945801588,0.47530780297578507,0.00454577801329651,0.8798078360259053
680684.7785664999,339,0.8804490267764747,0.43972789836990145,0.13445865630792486,680684.7779-0 680684.779233-1,-3.93211887738771,12.666751391006333,42.65443488250602,19.844515294249348,14.342374611749687,-24.192838681222348,-0.3348744199420425,-0.037141745530341365,0.9415304634516293,-39.813772933720145,13.77456203825308,-22.454732945801588,0.4824401658394131,-0.0013650780708881103,0.875927864008618
680684.785543,339,0.8318784534931183,0.4358027647965323,0.12651850068201487,680684.791853-0 680684.779233-1,-4.181206509391057,12.887252426745958,42.211863963571815,19.834973071863107,14.370921849840533,-23.820616252498382,-0.3416005542682386,-0.031760674616694816,0.9393084269139313,-39.813772933720145,13.77456203825308,-22.454732945801588,0.4824401658394131,-0.0013650780708881103,0.875927864008618
680684.789713,339,0.8752149641513824,0.43834740403842243,0.12179512712906715,680684.791853-0 680684.787573-1,-3.941088980236078,12.883615555604715,41.552014461753046,19.834973071863107,14.370921849840533,-23.820616252498382,-0.3416005542682386,-0.031760674616694816,0.9393084269139313,-39.813772933720145,13.77456203825308,-22.454732945801588,0.4887415714207377,-0.001755302046676265,0.8724268423655436
680684.7925775,339,0.9044284820556641,0.44039514447300687,0.11781394148929336,680684.791853-0 680684.793302-1,-3.753310369303506,12.88904826099068,41.035832718807285,19.834973071863107,14.370921849840533,-23.820616252498382,-0.3416005542682386,-0.031760674616694816,0.9393084269139313,-39.813772933720145,13.77456203825308,-22.454732945801588,0.4937064813965161,-0.0018317359043584901,0.8696266756319335
680684.7961,339,0.8930785059928894,0.4477566499057423,0.12303253812056181,680684.798898-0 680684.793302-1,-3.298462448542873,12.90213680861638,41.83781159126663,19.834973071863107,14.370921849840533,-23.820616252498382,-0.332121745575866,-0.031059276900334155,0.942725022174583,-39.813772933720145,13.77456203825308,-22.454732945801588,0.4937064813965161,-0.0018317359043584901,0.8696266756319335
680684.79984,340,0.8211618959903717,0.4497313743676237,0.12111564612241399,680684.798898-0 680684.800782-1,-3.1225598195216158,12.827448586024694,41.34010743887244,19.834973071863107,14.370921849840533,-23.820616252498382,-0.332121745575866,-0.031059276900334155,0.942725022174583,-39.813772933720145,13.77456203825308,-22.454732945801588,0.4984214336975205,-0.004143356183499457,0.8669249719730334
680684.8032275,340,0.8473887145519257,0.4499752370136071,0.1221198632761975,680684.8056729999-0 680684.800782-1,-3.106588629448991,12.792271731801168,41.36624333465444,19.834973071863107,14.370921849840533,-23.820616252498382,-0.33178813199838136,-0.03203378934926077,0.9428098810497011,-39.813772933720145,13.77456203825308,-22.454732945801588,0.4984214336975205,-0.004143356183499457,0.8669249719730334
680684.8072945,340,0.9193053245544434,0.45203513286872943,0.11655139490726141,680684.8056729999-0 680684.808916-1,-2.930998838209957,12.870104771897621,40.86615085479748,19.834973071863107,14.370921849840533,-23.820616252498382,-0.33178813199838136,-0.03203378934926077,0.9428098810497011,-39.813772933720145,13.77456203825308,-22.454732945801588,0.5031557449223502,-0.00218630592271845,0.8641929856334446
680684.8111709999,340,0.9045152068138123,0.44909297010653226,0.11139915626519548,680684.813426-0 680684.808916-1,-3.1155479012045095,12.993692919428934,40.554742851370776,19.834973071863107,14.370921849840533,-23.820616252498382,-0.3356464227223232,-0.028668217407392237,0.94155170448807,-39.813772933720145,13.77456203825308,-22.454732945801588,0.5031557449223502,-0.00218630592271845,0.8641929856334446
680684.815245,340,0.9045152068138123,0.4486574048062145,0.11269946006460207,680684.813426-0 680684.817064-1,-3.1524663006788742,12.972602328355283,40.658643012769645,19.834973071863107,14.370921849840533,-23.820616252498382,-0.3356464227223232,-0.028668217407392237,0.94155170448807,-39.813772933720145,13.77456203825308,-22.454732945801588,0.5021610702423991,-0.002740280065259834,0.8647697672780728
680684.8187925,340,0.9547941088676453,0.4397167022637241,0.10501253303399494,680684.820521-0 680684.817064-1,-3.6931053755327383,13.01064975703821,39.72905748915049,19.834973071863107,14.370921849840533,-23.820616252498382,-0.34704337773275645,-0.02795009784248489,0.937432496771066,-39.813772933720145,13.77456203825308,-22.454732945801588,0.5021610702423991,-0.002740280065259834,0.8647697672780728
680684.8236159999,340,0.9547941088676453,0.4383364422579038,0.10831526757224152,680684.820521-0 680684.826711-1,-3.814482974163946,12.98214116000833,40.057258591825686,19.834973071863107,14.370921849840533,-23.820616252498382,-0.34704337773275645,-0.02795009784248489,0.937432496771066,-39.813772933720145,13.77456203825308,-22.454732945801588,0.4989260246169139,-0.003417806167592335,0.8666378370236113
680684.828369,340,0.8615156710147858,0.4420549947727217,0.11036120588248244,680684.8300269999-0 680684.826711-1,-3.5925074880251238,13.01401401570334,40.444278933386606,19.834973071863107,14.370921849840533,-23.820616252498382,-0.34235373707562705,-0.026892583642009086,0.9391861943488149,-39.813772933720145,13.77456203825308,-22.454732945801588,0.4989260246169139,-0.003417806167592335,0.8666378370236113
680684.8322689999,341,0.8402784466743469,0.44256230504573535,0.11516593366492311,680684.8300269999-0 680684.834511-1,-3.5404301189548217,12.766359399002727,40.30457299740618,19.834973071863107,14.370921849840533,-23.820616252498382,-0.34235373707562705,-0.026892583642009086,0.9391861943488149,-39.813772933720145,13.77456203825308,-22.454732945801588,0.5003224591436971,-0.010517036192060222,0.8657752761693638
680684.8364385,341,0.8965000510215759,0.4387388918090208,0.11073451981346683,680684.838366-0 680684.834511-1,-3.770335039877029,12.83243790615229,39.90923316389343,19.834973071863107,14.370921849840533,-23.820616252498382,-0.34722133416027695,-0.025193176203841015,0.937444744492559,-39.813772933720145,13.77456203825308,-22.454732945801588,0.5003224591436971,-0.010517036192060222,0.8657752761693638
680684.8406715,341,0.9177372753620148,0.4695338497829118,0.03741636042541452,680684.838366-0 680684.8429769999-1,-1.454190225480957,13.439871882340785,33.64853872520544,19.834973071863107,14.370921849840533,-23.820616252498382,-0.34722133416027695,-0.025193176203841015,0.937444744492559,-39.813772933720145,13.77456203825308,-22.454732945801588,0.5642824088470973,0.005079465985035483,0.8255662069701158
680684.8438889999,341,0.9700179100036621,0.4725065253060977,0.035864469305217805,680684.844801-0 680684.8429769999-1,-1.291176498060322,13.593451881794865,33.892493866971485,19.834973071863107,14.370921849840533,-23.820616252498382,-0.34363460950675656,-0.02038172312006892,0.9388822293087646,-39.813772933720145,13.77456203825308,-22.454732945801588,0.5642824088470973,0.005079465985035483,0.8255662069701158
680684.8476974999,341,0.9700179100036621,0.46548812272201856,0.09016308241848647,680684.844801-0 680684.850594-1,-1.731429119686144,12.00706140899383,35.090595457125275,19.834973071863107,14.370921849840533,-23.820616252498382,-0.34363460950675656,-0.02038172312006892,0.9388822293087646,-39.813772933720145,13.77456203825308,-22.454732945801588,0.5517705120558071,-0.04286798208815198,0.8328935334947452
680684.8522395,341,0.9354054629802704,0.4333015652368942,0.010616699028093701,680684.853885-0 680684.850594-1,-3.4829737761187562,14.005804089727603,32.439453185487956,19.834973071863107,14.370921849840533,-23.820616252498382,-0.38292558604732196,0.040388297478769,0.9228958668111378,-39.813772933720145,13.77456203825308,-22.454732945801588,0.5517705120558071,-0.04286798208815198,0.8328935334947452
680684.8552379999,341,0.9354054629802704,0.4340331148662028,0.009859219462832303,680684.853885-0 680684.856591-1,-3.4277205868095155,13.9743691833599,32.305090689395925,19.834973071863107,14.370921849840533,-23.820616252498382,-0.38292558604732196,0.040388297478769,0.9228958668111378,-39.813772933720145,13.77456203825308,-22.454732945801588,0.5532847076691826,-0.04387228212539805,0.8318360746688838
680684.8589005,341,0.9634605944156647,0.360474663108488,-0.04104624754113728,680684.86121-0 680684.856591-1,-6.721128872928473,13.803955015151299,27.353616085334757,19.834973071863107,14.370921849840533,-23.820616252498382,-0.4605701904877028,0.03453959216797711,0.8869510224397911,-39.813772933720145,13.77456203825308,-22.454732945801588,0.5532847076691826,-0.04387228212539805,0.8318360746688838
680684.8633635,342,0.9634605944156647,0.3627780145899579,-0.04561079859130812,680684.86121-0 680684.865517-1,-6.5197812974201454,13.751565312261743,26.963288888243333,19.834973071863107,14.370921849840533,-23.820616252498382,-0.4605701904877028,0.03453959216797711,0.8869510224397911,-39.813772933720145,13.77456203825308,-22.454732945801588,0.5586153153117128,-0.04573839192699099,0.8281647958004063
680684.8666709999,342,0.9677042067050934,0.3573507058735287,0.004752032447125187,680684.867825-0 680684.865517-1,-6.6122447177170205,12.029050575526934,26.821064685996294,19.834973071863107,14.370921849840533,-23.820616252498382,-0.46261401758077497,-0.02457285593847861,0.8862191859177959,-39.813772933720145,13.77456203825308,-22.454732945801588,0.5586153153117128,-0.04573839192699099,0.8281647958004063
680684.8701585,342,0.9677042067050934,0.3587408339653956,0.0006369792700231525,680684.867825-0 680684.872492-1,-6.501407719485487,12.059346545962612,26.609718997477646,19.834973071863107,14.370921849840533,-23.820616252498382,-0.46261401758077497,-0.02457285593847861,0.8862191859177959,-39.813772933720145,13.77456203825308,-22.454732945801588,0.5615546126693403,-0.04492492404716285,0.8262192010532943
680684.874496,342,0.9574478566646576,0.3764941156778478,0.023195623414486,680684.8765-0 680684.872492-1,-5.78048791893063,11.712984776545193,27.65857889719729,19.834973071863107,14.370921849840533,-23.820616252498382,-0.44508122167018865,-0.03525839676916636,0.8947958155768501,-39.813772933720145,13.77456203825308,-22.454732945801588,0.5615546126693403,-0.04492492404716285,0.8262192010532943
680684.8784255,342,0.9574478566646576,0.37785966178531727,0.020314012366367207,680684.8765-0 680684.880351-1,-5.672450449869073,11.707414134952357,27.44074306997617,19.834973071863107,14.370921849840533,-23.820616252498382,-0.44508122167018865,-0.03525839676916636,0.8947958155768501,-39.813772933720145,13.77456203825308,-22.454732945801588,0.5644444943585016,-0.04537621522373912,0.8242229139500699
680684.8810965,342,0.9655218720436096,0.390862046222159,0.036908690171502,680684.881842-0 680684.880351-1,-5.129362250157307,11.452117355129342,28.222911529703644,19.834973071863107,14.370921849840533,-23.820616252498382,-0.4320003801323589,-0.04291535860074995,0.9008517877884609,-39.813772933720145,13.77456203825308,-22.454732945801588,0.5644444943585016,-0.04537621522373912,0.8242229139500699
680684.8854715,342,0.9655218720436096,0.39150205309522834,0.03478542757977754,680684.881842-0 680684.889101-1,-5.083814978566144,11.47987471144268,28.128899302454993,19.834973071863107,14.370921849840533,-23.820616252498382,-0.4320003801323589,-0.04291535860074995,0.9008517877884609,-39.813772933720145,13.77456203825308,-22.454732945801588,0.5656698286634029,-0.04456832659903727,0.8234265657628966
680684.8887385,342,0.955968827009201,0.39415089412419596,0.034298146849322864,680684.888376-0 680684.889101-1,-4.978057470189075,11.55124111479967,28.28720320358431,19.834973071863107,14.370921849840533,-23.820616252498382,-0.42947789419111015,-0.040325745871693575,0.9021765750788817,-39.813772933720145,13.77456203825308,-22.454732945801588,0.5656698286634029,-0.04456832659903727,0.8234265657628966
680684.8934225,343,0.9307700395584106,0.39802651705916536,0.03751939715194641,680684.897744-0 680684.889101-1,-4.81489530607009,11.530820214174494,28.52433383488665,19.834973071863107,14.370921849840533,-23.820616252498382,-0.42558333610018007,-0.04071773511877986,0.9040027046865721,-39.813772933720145,13.77456203825308,-22.454732945801588,0.5656698286634029,-0.04456832659903727,0.8234265657628966
680684.8972054999,343,0.9307700395584106,0.3998825833973126,0.03396457606887493,680684.897744-0 680684.896667-1,-4.6777779644172295,11.520943755519628,28.232092946249473,19.834973071863107,14.370921849840533,-23.820616252498382,-0.42558333610018007,-0.04071773511877986,0.9040027046865721,-39.813772933720145,13.77456203825308,-22.454732945801588,0.5693799249983315,-0.045268762275895005,0.8208271682704605
680684.9011105,343,0.9307700395584106,0.40121261742579106,0.03216254867874224,680684.897744-0 680684.904477-1,-4.578925220037403,11.487932941303846,28.020266360531664,19.834973071863107,14.370921849840533,-23.820616252498382,-0.42558333610018007,-0.04071773511877986,0.9040027046865721,-39.813772933720145,13.77456203825308,-22.454732945801588,0.5720606674984441,-0.04664809118638276,0.818883720860234
680684.9048009999,343,0.9726081192493439,0.40812138768727274,0.0365924980207859,680684.9051249999-0 680684.904477-1,-4.28839811696373,11.495389305961837,28.437837614173347,19.834973071863107,14.370921849840533,-23.820616252498382,-0.4186617240808412,-0.03994196739372988,0.9072634678142704,-39.813772933720145,13.77456203825308,-22.454732945801588,0.5720606674984441,-0.04664809118638276,0.818883720860234
680684.9087815,343,0.9726081192493439,0.4093121539215415,0.03289361206371033,680684.9051249999-0 680684.912438-1,-4.208347658326579,11.541171638698302,28.265972301716424,19.834973071863107,14.370921849840533,-23.820616252498382,-0.4186617240808412,-0.03994196739372988,0.9072634678142704,-39.813772933720145,13.77456203825308,-22.454732945801588,0.574239618687549,-0.04533687564009013,0.8174309928286139
680684.912437,343,0.9622004330158234,0.4131052394882807,0.03766638387038357,680684.912436-0 680684.912438-1,-4.043230824911571,11.471426490739448,28.498030429133394,19.834973071863107,14.370921849840533,-23.820616252498382,-0.4147328830726181,-0.041983022611693496,0.9089741808823065,-39.813772933720145,13.77456203825308,-22.454732945801588,0.574239618687549,-0.04533687564009013,0.8174309928286139
680684.9173785,343,0.9717212021350861,0.414797591630665,0.04123791741490579,680684.922319-0 680684.912438-1,-3.9669946331515824,11.393991999837272,28.602592614144935,19.834973071863107,14.370921849840533,-23.820616252498382,-0.4129186886714073,-0.04443006624127409,0.9096835305531706,-39.813772933720145,13.77456203825308,-22.454732945801588,0.574239618687549,-0.04533687564009013,0.8174309928286139
680684.9213655,343,0.9717212021350861,0.4155129685118736,0.04262609688892227,680684.922319-0 680684.920412-1,-3.911322010795063,11.297112176477135,28.475411663484063,19.834973071863107,14.370921849840533,-23.820616252498382,-0.4129186886714073,-0.04443006624127409,0.9096835305531706,-39.813772933720145,13.77456203825308,-22.454732945801588,0.5757668740074368,-0.04873486200311384,0.8161601681172893
680684.926213,344,0.9717212021350861,0.41615116421706977,0.042710990602673804,680684.922319-0 680684.9301069999-1,-3.864768760453595,11.251165795815254,28.370439416700297,19.834973071863107,14.370921849840533,-23.820616252498382,-0.4129186886714073,-0.04443006624127409,0.9096835305531706,-39.813772933720145,13.77456203825308,-22.454732945801588,0.5770434806960005,-0.05041260337864265,0.8151560530394362
680684.9297875,344,0.96481654047966,0.42046150448838365,0.056047978008736066,680684.929468-0 680684.9301069999-1,-3.665246543548623,10.91979423459284,28.63268811881503,19.834973071863107,14.370921849840533,-23.820616252498382,-0.40816449425415874,-0.055090074598931726,0.9112446594142162,-39.813772933720145,13.77456203825308,-22.454732945801588,0.5770434806960005,-0.05041260337864265,0.8151560530394362
680684.935001,344,1.0,0.4235686934086692,0.08008102813041629,680684.939895-0 680684.9301069999-1,-3.5025761690012267,10.224540154871377,28.807185403362272,19.834973071863107,14.370921849840533,-23.820616252498382,-0.40427118106088106,-0.07784351684022674,0.9113205797355757,-39.813772933720145,13.77456203825308,-22.454732945801588,0.5770434806960005,-0.05041260337864265,0.8151560530394362
680684.9393044999,344,1.0,0.4233088026629995,0.0950392223522637,680684.939895-0 680684.9387139999-1,-3.493255430235692,9.747316316849691,28.75789555738994,19.834973071863107,14.370921849840533,-23.820616252498382,-0.40427118106088106,-0.07784351684022674,0.9113205797355757,-39.813772933720145,13.77456203825308,-22.454732945801588,0.5773239582437136,-0.06629060090017294,0.813819761046698
680684.9431149999,344,1.0,0.42307841640088856,0.11205529977565487,680684.939895-0 680684.946335-1,-3.4776747833802,9.206529558671724,28.67936838161109,19.834973071863107,14.370921849840533,-23.820616252498382,-0.40427118106088106,-0.07784351684022674,0.9113205797355757,-39.813772933720145,13.77456203825308,-22.454732945801588,0.5777711007805175,-0.0843170176885279,0.8118319996347653
680684.9464004999,344,1.0,0.4270535870060302,0.1339336705504801,680684.9464659999-0 680684.946335-1,-3.2861841849417743,8.612403952202248,28.8902128076169,19.834973071863107,14.370921849840533,-23.820616252498382,-0.39971947618732395,-0.09688044482155177,0.9115034392517175,-39.813772933720145,13.77456203825308,-22.454732945801588,0.5777711007805175,-0.0843170176885279,0.8118319996347653
680684.950997,344,1.0,0.4278009348176258,0.1426444159064807,680684.9464659999-0 680684.955528-1,-3.2220485836085615,8.302180315594754,28.711932239147423,19.834973071863107,14.370921849840533,-23.820616252498382,-0.39971947618732395,-0.09688044482155177,0.9115034392517175,-39.813772933720145,13.77456203825308,-22.454732945801588,0.5795550598050196,-0.09497642805179128,0.8093796456354232
680684.9550515,344,0.908279150724411,0.428204996634325,0.15545931441726024,680684.954575-0 680684.955528-1,-3.1919082089743895,7.927548691938641,28.709711680240883,19.834973071863107,14.370921849840533,-23.820616252498382,-0.3989821558969382,-0.10919002360923935,0.9104343897393402,-39.813772933720145,13.77456203825308,-22.454732945801588,0.5795550598050196,-0.09497642805179128,0.8093796456354232
680684.958931,345,0.9592433273792267,0.42850298989902874,0.16236151657817888,680684.962334-0 680684.955528-1,-3.1723630289673626,7.727928027897002,28.71136210217702,19.834973071863107,14.370921849840533,-23.820616252498382,-0.3985093057617597,-0.11572806813907259,0.909833692202085,-39.813772933720145,13.77456203825308,-22.454732945801588,0.5795550598050196,-0.09497642805179128,0.8093796456354232
680684.9618215,345,0.9592433273792267,0.43124272037477757,0.16004017629836342,680684.962334-0 680684.961309-1,-2.997649885239033,7.680253793892435,28.30185253395208,19.834973071863107,14.370921849840533,-23.820616252498382,-0.3985093057617597,-0.11572806813907259,0.909833692202085,-39.813772933720145,13.77456203825308,-22.454732945801588,0.5844048708263618,-0.09778281185499732,0.8055491720932706
680684.966395,345,0.9592433273792267,0.4324563076913265,0.15996813221518613,680684.962334-0 680684.970456-1,-2.9205293398810586,7.630830640534686,28.117772981211218,19.834973071863107,14.370921849840533,-23.820616252498382,-0.3985093057617597,-0.11572806813907259,0.909833692202085,-39.813772933720145,13.77456203825308,-22.454732945801588,0.5865509556563022,-0.09997800332733733,0.8037178455585999
680684.9700044999,345,1.0,0.43560511120032397,0.16318212606133242,680684.969553-0 680684.970456-1,-2.7866964418658284,7.584607666703622,28.29801534697239,19.834973071863107,14.370921849840533,-23.820616252498382,-0.3953573459895418,-0.11667547635693232,0.9110869344848429,-39.813772933720145,13.77456203825308,-22.454732945801588,0.5865509556563022,-0.09997800332733733,0.8037178455585999
680684.973393,345,0.9687022566795349,0.4366461275358556,0.166998283524594,680684.97633-0 680684.970456-1,-2.739693507841002,7.489106988582884,28.3504906733441,19.834973071863107,14.370921849840533,-23.820616252498382,-0.39424666057267704,-0.11964755123363814,0.9111827665792884,-39.813772933720145,13.77456203825308,-22.454732945801588,0.5865509556563022,-0.09997800332733733,0.8037178455585999
680684.9763410001,345,0.9687022566795349,0.43684802467717254,0.1659991977556189,680684.97633-0 680684.976352-1,-2.7283626623703885,7.510825816237035,28.32636097082588,19.834973071863107,14.370921849840533,-23.820616252498382,-0.39424666057267704,-0.11964755123363814,0.9111827665792884,-39.813772933720145,13.77456203825308,-22.454732945801588,0.5868664039879812,-0.09933931953969201,0.8035667510939005
680684.981172,345,0.9525494873523712,0.44117444824168495,0.1718025978176405,680684.985992-0 680684.976352-1,-2.540799265300551,7.405983505971323,28.572988836018236,19.834973071863107,14.370921849840533,-23.820616252498382,-0.3898437441111838,-0.12228491838741899,0.9127257276489779,-39.813772933720145,13.77456203825308,-22.454732945801588,0.5868664039879812,-0.09933931953969201,0.8035667510939005
680684.9853735,345,0.9525494873523712,0.4420954116193382,0.17102368173523563,680684.985992-0 680684.984755-1,-2.485453375513007,7.392648783486461,28.439948173778486,19.834973071863107,14.370921849840533,-23.820616252498382,-0.3898437441111838,-0.12228491838741899,0.9127257276489779,-39.813772933720145,13.77456203825308,-22.454732945801588,0.5884176673269954,-0.10019749866624826,0.8023248157937559
680684.989662,345,0.9525494873523712,0.44248514945297,0.17276394787120242,680684.985992-0 680684.993332-1,-2.459962507507436,7.32531915819164,28.371608476267788,19.834973071863107,14.370921849840533,-23.820616252498382,-0.3898437441111838,-0.12228491838741899,0.9127257276489779,-39.813772933720145,13.77456203825308,-22.454732945801588,0.5891347891414562,-0.10262546511188628,0.8014912439533078
680684.993065,346,0.9686987102031708,0.44576992854627673,0.17598513987512943,680684.992798-0 680684.993332-1,-2.3175922304077403,7.279997627618558,28.562404147539713,19.834973071863107,14.370921849840533,-23.820616252498382,-0.3865101985110237,-0.12313418315723688,0.9140283580858797,-39.813772933720145,13.77456203825308,-22.454732945801588,0.5891347891414562,-0.10262546511188628,0.8014912439533078
680684.997854,346,1.0,0.44559634997713593,0.1770836250186676,680685.0023759999-0 680684.993332-1,-2.32418378103014,7.245453419656847,28.548366815056912,19.834973071863107,14.370921849840533,-23.820616252498382,-0.38666180942621087,-0.12431138830966831,0.913804860934637,-39.813772933720145,13.77456203825308,-22.454732945801588,0.5891347891414562,-0.10262546511188628,0.8014912439533078
680685.0019855,346,1.0,0.44579420276415316,0.17578765611827107,680685.0023759999-0 680685.001595-1,-2.3136314152871424,7.276450301715268,28.52662745169649,19.834973071863107,14.370921849840533,-23.820616252498382,-0.38666180942621087,-0.12431138830966831,0.913804860934637,-39.813772933720145,13.77456203825308,-22.454732945801588,0.5894303764056763,-0.10168060412644495,0.8013943387089428
680685.0053244999,346,1.0,0.44594648641129375,0.1762940320499392,680685.0023759999-0 680685.008273-1,-2.3040453271068895,7.255495112293849,28.50118843464401,19.834973071863107,14.370921849840533,-23.820616252498382,-0.38666180942621087,-0.12431138830966831,0.913804860934637,-39.813772933720145,13.77456203825308,-22.454732945801588,0.5897006937359207,-0.10244894808757211,0.8010975626246304
680685.0083544999,346,0.9883725047111511,0.44701325572554473,0.17784458229879552,680685.008436-0 680685.008273-1,-2.2571919644542042,7.22603521134711,28.561786523946658,19.834973071863107,14.370921849840533,-23.820616252498382,-0.38556530189178295,-0.12507180528374426,0.9141643405319219,-39.813772933720145,13.77456203825308,-22.454732945801588,0.5897006937359207,-0.10244894808757211,0.8010975626246304
680685.0130105,346,0.9883725047111511,0.44661659391874686,0.18293661711777498,680685.008436-0 680685.017585-1,-2.2759234401510593,7.089590892261887,28.59068533471939,19.834973071863107,14.370921849840533,-23.820616252498382,-0.38556530189178295,-0.12507180528374426,0.9141643405319219,-39.813772933720145,13.77456203825308,-22.454732945801588,0.5891780366955651,-0.10681639165345702,0.800911667757247
680685.0173355,346,0.968330055475235,0.450081114964161,0.18862973388103765,680685.017086-0 680685.017585-1,-2.1224338257602895,6.973659237191319,28.786564633489718,19.834973071863107,14.370921849840533,-23.820616252498382,-0.38198040748701456,-0.12817711506272497,0.9152385456645994,-39.813772933720145,13.77456203825308,-22.454732945801588,0.5891780366955651,-0.10681639165345702,0.800911667757247
680685.0219955,346,0.9773432910442352,0.4519126279128291,0.1909545058167993,680685.026406-0 680685.017585-1,-2.041134101124417,6.932006638092998,28.893121205584418,19.834973071863107,14.370921849840533,-23.820616252498382,-0.38008752577890825,-0.12916136277883764,0.9158879926674337,-39.813772933720145,13.77456203825308,-22.454732945801588,0.5891780366955651,-0.10681639165345702,0.800911667757247
680685.0260495,346,0.9773432910442352,0.4506314845703366,0.19616450634460747,680685.026406-0 680685.025693-1,-2.112217076499114,6.823064489241999,29.053947442318044,19.834973071863107,14.370921849840533,-23.820616252498382,-0.38008752577890825,-0.12916136277883764,0.9158879926674337,-39.813772933720145,13.77456203825308,-22.454732945801588,0.587173518533817,-0.10981333026182931,0.8019777376145947
680685.031278,347,0.9773432910442352,0.4510859246842037,0.19590089634178331,680685.026406-0 680685.0361499999-1,-2.0855900761563753,6.814623268861936,28.987590256641717,19.834973071863107,14.370921849840533,-23.820616252498382,-0.38008752577890825,-0.12916136277883764,0.9158879926674337,-39.813772933720145,13.77456203825308,-22.454732945801588,0.5879255525231869,-0.1103110766411866,0.8013582289217274
680685.035348,347,0.9536795020103455,0.4559204137389605,0.20146137585289126,680685.034546-0 680685.0361499999-1,-1.868917721976473,6.719576519880624,29.274843995218568,19.834973071863107,14.370921849840533,-23.820616252498382,-0.3750638027226659,-0.13121920489196615,0.9176647885555669,-39.813772933720145,13.77456203825308,-22.454732945801588,0.5879255525231869,-0.1103110766411866,0.8013582289217274
680685.0402535,347,1.0,0.45892443266297517,0.20595115600687008,680685.044357-0 680685.0361499999-1,-1.7319625302804802,6.629463069231022,29.451806940581996,19.834973071863107,14.370921849840533,-23.820616252498382,-0.3718982358451367,-0.13349143519910942,0.9186249174193768,-39.813772933720145,13.77456203825308,-22.454732945801588,0.5879255525231869,-0.1103110766411866,0.8013582289217274
680685.0431695001,347,1.0,0.4605345270799116,0.20270596480771197,680685.044357-0 680685.041982-1,-1.6420804012786334,6.671191875673383,29.230976981704696,19.834973071863107,14.370921849840533,-23.820616252498382,-0.3718982358451367,-0.13349143519910942,0.9186249174193768,-39.813772933720145,13.77456203825308,-22.454732945801588,0.5904825863258855,-0.10972115184984334,0.7995571174610584
680685.0464,347,1.0,0.46283408692018213,0.19925136549014255,680685.044357-0 680685.048443-1,-1.5152457289425296,6.695251084413526,28.91498420911042,19.834973071863107,14.370921849840533,-23.820616252498382,-0.3718982358451367,-0.13349143519910942,0.9186249174193768,-39.813772933720145,13.77456203825308,-22.454732945801588,0.5940990053078159,-0.11002639992423964,0.7968315776950452
680685.051189,347,0.9980025589466095,0.464299044397824,0.20279693372674923,680685.053935-0 680685.048443-1,-1.448026813689534,6.612604863374059,28.994393064606776,19.834973071863107,14.370921849840533,-23.820616252498382,-0.37033854563591523,-0.135880708504071,0.9189046711562123,-39.813772933720145,13.77456203825308,-22.454732945801588,0.5940990053078159,-0.11002639992423964,0.7968315776950452
680685.056031,347,0.9980025589466095,0.46507625705570577,0.201210080147195,680685.053935-0 680685.058127-1,-1.4061508338990212,6.6333607424639816,28.891167860038152,19.834973071863107,14.370921849840533,-23.820616252498382,-0.37033854563591523,-0.135880708504071,0.9189046711562123,-39.813772933720145,13.77456203825308,-22.454732945801588,0.5952961108302681,-0.10971161936817439,0.7959810933721793
680685.0593085,347,1.0,0.467138585246639,0.20799941328882876,680685.06049-0 680685.058127-1,-1.3105198536395068,6.464730447595288,28.99528694591956,19.834973071863107,14.370921849840533,-23.820616252498382,-0.3681186738656473,-0.14095523277871122,0.9190322433427982,-39.813772933720145,13.77456203825308,-22.454732945801588,0.5952961108302681,-0.10971161936817439,0.7959810933721793
680685.0625725,348,1.0,0.46803986372899276,0.20848912285056254,680685.06049-0 680685.064655-1,-1.261533114572389,6.421584255166316,28.86509428831139,19.834973071863107,14.370921849840533,-23.820616252498382,-0.3681186738656473,-0.14095523277871122,0.9190322433427982,-39.813772933720145,13.77456203825308,-22.454732945801588,0.5967027992686373,-0.1115710314304875,0.7946682794037456
680685.0675595,348,0.9315769672393799,0.4686273091215255,0.21213324826050473,680685.070464-0 680685.064655-1,-1.2336205126086845,6.324207162252884,28.887363311960318,19.834973071863107,14.370921849840533,-23.820616252498382,-0.36746816680535055,-0.14402115258615958,0.9188172037965272,-39.813772933720145,13.77456203825308,-22.454732945801588,0.5967027992686373,-0.1115710314304875,0.7946682794037456
680685.0725305,348,0.9315769672393799,0.46993946901952854,0.20861989525418212,680685.070464-0 680685.074597-1,-1.1650673558276612,6.384942532543459,28.720292670281044,19.834973071863107,14.370921849840533,-23.820616252498382,-0.36746816680535055,-0.14402115258615958,0.9188172037965272,-39.813772933720145,13.77456203825308,-22.454732945801588,0.5986703325791769,-0.11020272102627703,0.7933783417562784
680685.07589,348,0.9155689477920532,0.47402775378978995,0.21254584922494724,680685.0771829999-0 680685.074597-1,-0.9787395692047767,6.327278805238459,28.963397542581156,19.834973071863107,14.370921849840533,-23.820616252498382,-0.36316409975933384,-0.14496804974554106,0.9203782381167901,-39.813772933720145,13.77456203825308,-22.454732945801588,0.5986703325791769,-0.11020272102627703,0.7933783417562784
680685.0790285,348,0.9155689477920532,0.47520652098698246,0.21256239411776567,680685.0771829999-0 680685.080874-1,-0.917230969646587,6.290672042395181,28.79964590328828,19.834973071863107,14.370921849840533,-23.820616252498382,-0.36316409975933384,-0.14496804974554106,0.9203782381167901,-39.813772933720145,13.77456203825308,-22.454732945801588,0.6004483472462581,-0.1119793302562428,0.791784321570338
680685.082784,348,0.9322510063648224,0.47488460706711055,0.21396434581858237,680685.084694-0 680685.080874-1,-0.9314117081351974,6.245942042881836,28.773124880317418,19.834973071863107,14.370921849840533,-23.820616252498382,-0.363488722903645,-0.1465164533741986,0.9200048245593734,-39.813772933720145,13.77456203825308,-22.454732945801588,0.6004483472462581,-0.1119793302562428,0.791784321570338
680685.0866304999,348,0.9322510063648224,0.47700285157919825,0.2116710818598878,680685.084694-0 680685.088567-1,-0.8232609616741993,6.24796905053812,28.49394791492455,19.834973071863107,14.370921849840533,-23.820616252498382,-0.363488722903645,-0.1465164533741986,0.9200048245593734,-39.813772933720145,13.77456203825308,-22.454732945801588,0.6035759345836251,-0.11293554133268018,0.7892665295674193
680685.091133,348,0.9283779263496399,0.480536014056841,0.21591484458008692,680685.093699-0 680685.088567-1,-0.6615235887736173,6.174072975056324,28.698177291540627,19.834973071863107,14.370921849840533,-23.820616252498382,-0.35974968965888154,-0.14812003086597864,0.9212169219280548,-39.813772933720145,13.77456203825308,-22.454732945801588,0.6035759345836251,-0.11293554133268018,0.7892665295674193
680685.0954354999,348,0.9283779263496399,0.4813274041552368,0.21379676829630845,680685.093699-0 680685.097172-1,-0.6222510009570552,6.211420066861248,28.600385474371397,19.834973071863107,14.370921849840533,-23.820616252498382,-0.35974968965888154,-0.14812003086597864,0.9212169219280548,-39.813772933720145,13.77456203825308,-22.454732945801588,0.6047160024977997,-0.11208381572807567,0.7885149171543401
680685.0989495,348,0.9528097808361053,0.4823329974914209,0.21425658518414603,680685.100727-0 680685.097172-1,-0.5760762861752919,6.211878564814582,28.662105406096305,19.834973071863107,14.370921849840533,-23.820616252498382,-0.35868478335794884,-0.14786595266399055,0.9216728737628289,-39.813772933720145,13.77456203825308,-22.454732945801588,0.6047160024977997,-0.11208381572807567,0.7885149171543401
680685.1025455,349,0.9528097808361053,0.48433720926623236,0.20829402156111143,680685.100727-0 680685.104364-1,-0.4779523224464537,6.322957423375248,28.41907622149035,19.834973071863107,14.370921849840533,-23.820616252498382,-0.35868478335794884,-0.14786595266399055,0.9216728737628289,-39.813772933720145,13.77456203825308,-22.454732945801588,0.607570158736642,-0.10936202696670538,0.7867009910191197
680685.106315,349,0.9619227051734924,0.4863196572005144,0.21206098391140338,680685.1082659999-0 680685.104364-1,-0.3862800485252045,6.242550021626398,28.527014691684204,19.834973071863107,14.370921849840533,-23.820616252498382,-0.3565643682024129,-0.1500595103912692,0.9221409841610699,-39.813772933720145,13.77456203825308,-22.454732945801588,0.607570158736642,-0.10936202696670538,0.7867009910191197
680685.1102745,349,0.9619227051734924,0.48861580203832605,0.20729745387713228,680685.1082659999-0 680685.112283-1,-0.2759125380624603,6.310836143336294,28.244343277219315,19.834973071863107,14.370921849840533,-23.820616252498382,-0.3565643682024129,-0.1500595103912692,0.9221409841610699,-39.813772933720145,13.77456203825308,-22.454732945801588,0.6107953221589754,-0.10817491188356892,0.7843642411964581
680685.114802,349,0.9471416771411896,0.48871269945021006,0.2088727929404548,680685.117321-0 680685.112283-1,-0.27130494200352473,6.26736178770221,28.24298447153623,19.834973071863107,14.370921849840533,-23.820616252498382,-0.3564556593141115,-0.15148012127337918,0.9219507230877062,-39.813772933720145,13.77456203825308,-22.454732945801588,0.6107953221589754,-0.10817491188356892,0.7843642411964581
680685.120235,349,0.9471416771411896,0.4893080950701205,0.20809069063297225,680685.117321-0 680685.123149-1,-0.242997352529013,6.272225173300488,28.16885357736632,19.834973071863107,14.370921849840533,-23.820616252498382,-0.3564556593141115,-0.15148012127337918,0.9219507230877062,-39.813772933720145,13.77456203825308,-22.454732945801588,0.6116241613193175,-0.1082897823851476,0.7837022446831569
680685.1238795,349,0.8714956343173981,0.4906185250294194,0.20986938274056965,680685.1246099999-0 680685.123149-1,-0.18258434169707272,6.239829148979438,28.242543716985743,19.834973071863107,14.370921849840533,-23.820616252498382,-0.3550570799665665,-0.15224740474361437,0.9223639182635286,-39.813772933720145,13.77456203825308,-22.454732945801588,0.6116241613193175,-0.1082897823851476,0.7837022446831569
680685.1272745,349,0.8714956343173981,0.4908920177968895,0.21021572875652306,680685.1246099999-0 680685.129939-1,-0.16962947980072407,6.222258829886123,28.205938616171295,19.834973071863107,14.370921849840533,-23.820616252498382,-0.3550570799665665,-0.15224740474361437,0.9223639182635286,-39.813772933720145,13.77456203825308,-22.454732945801588,0.6120050985729999,-0.10899914167327909,0.7833064192480113
680685.1321245,349,0.9660120010375977,0.49209788401941995,0.21213973209653625,680685.13431-0 680685.129939-1,-0.1138331592822368,6.184208363515641,28.27250596423718,19.834973071863107,14.370921849840533,-23.820616252498382,-0.3537661485442871,-0.15322387361786002,0.922698193721912,-39.813772933720145,13.77456203825308,-22.454732945801588,0.6120050985729999,-0.10899914167327909,0.7833064192480113
680685.1367685,349,0.9660120010375977,0.4938834540450041,0.21179831307730979,680685.13431-0 680685.139227-1,-0.030474002850347404,6.1436970370191935,28.045146982151763,19.834973071863107,14.370921849840533,-23.820616252498382,-0.3537661485442871,-0.15322387361786002,0.922698193721912,-39.813772933720145,13.77456203825308,-22.454732945801588,0.6144581942763108,-0.11117323266993456,0.781077230384046
680685.1398845,349,0.9582493007183075,0.4946917991344459,0.21281864324084176,680685.140542-0 680685.139227-1,0.0068636648127302635,6.125935622450674,28.09070736301022,19.834973071863107,14.370921849840533,-23.820616252498382,-0.35290169401079396,-0.1536214591526478,0.9229630770795347,-39.813772933720145,13.77456203825308,-22.454732945801588,0.6144581942763108,-0.11117323266993456,0.781077230384046
680685.1432749999,350,0.9582493007183075,0.4942144248553368,0.2226718132128347,680685.140542-0 680685.146008-1,-0.015180891720953937,5.863732150259118,28.113908087661677,19.834973071863107,14.370921849840533,-23.820616252498382,-0.35290169401079396,-0.1536214591526478,0.9229630770795347,-39.813772933720145,13.77456203825308,-22.454732945801588,0.613818815597648,-0.11964090991356319,0.7803284656433823
680685.1472054999,350,0.9829581677913666,0.49405349569084195,0.23000726015687134,680685.148403-0 680685.146008-1,-0.022538284514803664,5.656358314526858,28.067667464181632,19.834973071863107,14.370921849840533,-23.820616252498382,-0.3530603582831582,-0.16055489867976674,0.9217214915140569,-39.813772933720145,13.77456203825308,-22.454732945801588,0.613818815597648,-0.11964090991356319,0.7803284656433823
680685.15082,350,0.9829581677913666,0.49364170594453355,0.2373623027352696,680685.148403-0 680685.153237-1,-0.0414776441484932,5.463223762074411,28.09013787346536,19.834973071863107,14.370921849840533,-23.820616252498382,-0.3530603582831582,-0.16055489867976674,0.9217214915140569,-39.813772933720145,13.77456203825308,-22.454732945801588,0.6132680591368703,-0.1258361358931518,0.7797868648201098
680685.1549255,350,0.9291588366031647,0.49458774742302464,0.24016284228198148,680685.156614-0 680685.153237-1,0.002086881884636682,5.396767348040011,28.135103956201657,19.834973071863107,14.370921849840533,-23.820616252498382,-0.3520510109128984,-0.16251577185914148,0.9217639120795703,-39.813772933720145,13.77456203825308,-22.454732945801588,0.6132680591368703,-0.1258361358931518,0.7797868648201098
680685.1589395,350,0.9291588366031647,0.49617871573255246,0.23946037458864533,680685.156614-0 680685.161265-1,0.07489785871515764,5.377393869084291,27.93644731580338,19.834973071863107,14.370921849840533,-23.820616252498382,-0.3520510109128984,-0.16251577185914148,0.9217639120795703,-39.813772933720145,13.77456203825308,-22.454732945801588,0.6154149060086892,-0.12727877968361898,0.7778589883163689
680685.1628,350,0.9399327337741852,0.49596236681537487,0.24096255928069654,680685.164335-0 680685.161265-1,0.06493173861102441,5.333350092644746,27.915407303028733,19.834973071863107,14.370921849840533,-23.820616252498382,-0.3522789577293225,-0.16403846653552004,0.9214070313590065,-39.813772933720145,13.77456203825308,-22.454732945801588,0.6154149060086892,-0.12727877968361898,0.7778589883163689
680685.1663599999,350,0.9399327337741852,0.49681146376338675,0.2386805418091983,680685.164335-0 680685.168385-1,0.10343520875258605,5.375378273776547,27.818361441955563,19.834973071863107,14.370921849840533,-23.820616252498382,-0.3522789577293225,-0.16403846653552004,0.9214070313590065,-39.813772933720145,13.77456203825308,-22.454732945801588,0.6165493090153917,-0.12630948787204183,0.7771183068401784
680685.1709944999,350,0.9812211394309998,0.498798549934523,0.2395494382018779,680685.173604-0 680685.168385-1,0.1948248225133664,5.375215478042754,27.93696348774194,19.834973071863107,14.370921849840533,-23.820616252498382,-0.3501658453540372,-0.1635258745197714,0.9223031871949898,-39.813772933720145,13.77456203825308,-22.454732945801588,0.6165493090153917,-0.12630948787204183,0.7771183068401784
680685.1749835,351,0.9812211394309998,0.5005641454024576,0.23776510700039688,680685.173604-0 680685.176363-1,0.27363627518435685,5.381719158435965,27.72477466650159,19.834973071863107,14.370921849840533,-23.820616252498382,-0.3501658453540372,-0.1635258745197714,0.9223031871949898,-39.813772933720145,13.77456203825308,-22.454732945801588,0.6188815283006105,-0.1269708788138373,0.7751542103746468
680685.178297,351,0.9757242500782013,0.5020824164822774,0.23666526967253954,680685.180231-0 680685.176363-1,0.3439295540637488,5.430400622122161,27.824300848073552,19.834973071863107,14.370921849840533,-23.820616252498382,-0.3485427633385568,-0.16150610818010752,0.9232733718378529,-39.813772933720145,13.77456203825308,-22.454732945801588,0.6188815283006105,-0.1269708788138373,0.7751542103746468
680685.184287,351,0.9757242500782013,0.503116520456431,0.23761648003667457,680685.180231-0 680685.188343-1,0.389207419971596,5.379790232463693,27.69334794227475,19.834973071863107,14.370921849840533,-23.820616252498382,-0.3485427633385568,-0.16150610818010752,0.9232733718378529,-39.813772933720145,13.77456203825308,-22.454732945801588,0.620226512857253,-0.12916020813057333,0.7737161710760598
680685.188292,351,0.9400332570075989,0.5036471652060576,0.24184937424435426,680685.1882409999-0 680685.188343-1,0.413181838427791,5.270077922780464,27.70414092684986,19.834973071863107,14.370921849840533,-23.820616252498382,-0.34798167429510046,-0.1650320001215395,0.9228614160808019,-39.813772933720145,13.77456203825308,-22.454732945801588,0.620226512857253,-0.12916020813057333,0.7737161710760598
680685.1923125,351,0.9581313729286194,0.5051596859735467,0.24362084070694778,680685.1962819999-0 680685.188343-1,0.48317048371340654,5.239418341996844,27.788476513916436,19.834973071863107,14.370921849840533,-23.820616252498382,-0.34636239135484853,-0.16565415208373388,0.9233589744797901,-39.813772933720145,13.77456203825308,-22.454732945801588,0.620226512857253,-0.12916020813057333,0.7737161710760598
680685.1962845,351,0.9581313729286194,0.5042526871259565,0.24590607052643443,680685.1962819999-0 680685.196287-1,0.44335946728796927,5.1979969257860015,27.891114829065167,19.834973071863107,14.370921849840533,-23.820616252498382,-0.34636239135484853,-0.16565415208373388,0.9233589744797901,-39.813772933720145,13.77456203825308,-22.454732945801588,0.6190430888985099,-0.13007883157463226,0.774509620123062
680685.2004835,351,0.9247006773948669,0.5058967478952521,0.24805303161901537,680685.20468-0 680685.196287-1,0.5199734118321366,5.158142537510208,27.982560744695927,19.834973071863107,14.370921849840533,-23.820616252498382,-0.3445941013222458,-0.1665379896913147,0.9238614632743857,-39.813772933720145,13.77456203825308,-22.454732945801588,0.6190430888985099,-0.13007883157463226,0.774509620123062
680685.20597,352,0.9247006773948669,0.5076136612630497,0.24560173021456255,680685.20468-0 680685.2072599999-1,0.5945498763941277,5.186063148134597,27.781346424366504,19.834973071863107,14.370921849840533,-23.820616252498382,-0.3445941013222458,-0.1665379896913147,0.9238614632743857,-39.813772933720145,13.77456203825308,-22.454732945801588,0.6212665335927434,-0.13001604898190902,0.772737808861965
680685.2097205,352,0.9179755449295044,0.5085543345738284,0.24732667114888296,680685.212181-0 680685.2072599999-1,0.6383177982068649,5.149787563247422,27.830727519785327,19.834973071863107,14.370921849840533,-23.820616252498382,-0.34358241073709817,-0.1674942478070074,0.9240653678088194,-39.813772933720145,13.77456203825308,-22.454732945801588,0.6212665335927434,-0.13001604898190902,0.772737808861965
680685.2125105,352,0.9179755449295044,0.5082322253559426,0.24914191489536597,680685.212181-0 680685.2128399999-1,0.6241901053642138,5.1076750318859325,27.863170937980474,19.834973071863107,14.370921849840533,-23.820616252498382,-0.34358241073709817,-0.1674942478070074,0.9240653678088194,-39.813772933720145,13.77456203825308,-22.454732945801588,0.620845592778178,-0.13124831448213398,0.7728677958574233
680685.2168625,352,0.951487809419632,0.5081929200082927,0.24954110712329758,680685.220885-0 680685.2128399999-1,0.622255973723572,5.096259558710401,27.85854968149997,19.834973071863107,14.370921849840533,-23.820616252498382,-0.3436263486631187,-0.16788531442266166,0.9239780591040333,-39.813772933720145,13.77456203825308,-22.454732945801588,0.620845592778178,-0.13124831448213398,0.7728677958574233
680685.220613,352,0.951487809419632,0.5095190973584327,0.24795466487791895,680685.220885-0 680685.220341-1,0.6791040820872922,5.109872240667566,27.703442008274124,19.834973071863107,14.370921849840533,-23.820616252498382,-0.3436263486631187,-0.16788531442266166,0.9239780591040333,-39.813772933720145,13.77456203825308,-22.454732945801588,0.6225440737940156,-0.1314630369003557,0.7714637685030237
680685.2246335,352,0.951487809419632,0.5104232777128029,0.24878342366708395,680685.220885-0 680685.228382-1,0.7171247913657766,5.067661894378301,27.591462410240705,19.834973071863107,14.370921849840533,-23.820616252498382,-0.3436263486631187,-0.16788531442266166,0.9239780591040333,-39.813772933720145,13.77456203825308,-22.454732945801588,0.6236821448441399,-0.1333154889606011,0.7702256569381529
680685.2283745001,352,0.9915381371974945,0.5121466253814452,0.25130447598300854,680685.228367-0 680685.228382-1,0.7973768939637544,5.01885697228469,27.684628409379748,19.834973071863107,14.370921849840533,-23.820616252498382,-0.3417705265363072,-0.16904627156754798,0.9244545771752153,-39.813772933720145,13.77456203825308,-22.454732945801588,0.6236821448441399,-0.1333154889606011,0.7702256569381529
680685.233564,353,0.9777199327945709,0.5139446456202978,0.25534656714371695,680685.238746-0 680685.228382-1,0.881205451334349,4.929109219572015,27.77452187334708,19.834973071863107,14.370921849840533,-23.820616252498382,-0.3398332419972385,-0.17154518555058865,0.9247083956297035,-39.813772933720145,13.77456203825308,-22.454732945801588,0.6236821448441399,-0.1333154889606011,0.7702256569381529
680685.238166,353,0.9777199327945709,0.5133736196742,0.25637298904283756,680685.238746-0 680685.237586-1,0.8571189553594216,4.913445852690751,27.839496105981343,19.834973071863107,14.370921849840533,-23.820616252498382,-0.3398332419972385,-0.17154518555058865,0.9247083956297035,-39.813772933720145,13.77456203825308,-22.454732945801588,0.6229587993452053,-0.1335437262527594,0.7707713068718297
680685.242307,353,0.9777199327945709,0.514591196048308,0.2548919316704551,680685.238746-0 680685.245868-1,0.9081738759297302,4.927738823725685,27.698710434575375,19.834973071863107,14.370921849840533,-23.820616252498382,-0.3398332419972385,-0.17154518555058865,0.9247083956297035,-39.813772933720145,13.77456203825308,-22.454732945801588,0.624492865135408,-0.13368753601272235,0.7695039337844973
680685.2456135,353,0.9916000664234161,0.5147972096326299,0.2563008229959223,680685.2453589999-0 680685.245868-1,0.9174867438240337,4.89169506361603,27.70365489554253,19.834973071863107,14.370921849840533,-23.820616252498382,-0.33961665748151654,-0.1726914247492048,0.9245746036849443,-39.813772933720145,13.77456203825308,-22.454732945801588,0.624492865135408,-0.13368753601272235,0.7695039337844973
680685.2493149999,353,0.9267717003822327,0.5169872511393269,0.26205681354880084,680685.252762-0 680685.245868-1,1.0197842914091897,4.7593149013003355,27.808204472882267,19.834973071863107,14.370921849840533,-23.820616252498382,-0.337255104725709,-0.17649036172220992,0.9247216589631793,-39.813772933720145,13.77456203825308,-22.454732945801588,0.624492865135408,-0.13368753601272235,0.7695039337844973
680685.25293,353,0.9267717003822327,0.5185032063734455,0.26095152381392006,680685.252762-0 680685.253098-1,1.082029059120428,4.758435131565448,27.632066117974055,19.834973071863107,14.370921849840533,-23.820616252498382,-0.337255104725709,-0.17649036172220992,0.9247216589631793,-39.813772933720145,13.77456203825308,-22.454732945801588,0.6263715232571501,-0.13449047773922687,0.7678352858849299
680685.2567395,353,0.9568361341953278,0.5205830258193831,0.26360084936442385,680685.260381-0 680685.253098-1,1.1805549629897474,4.709440185926352,27.747356294308062,19.834973071863107,14.370921849840533,-23.820616252498382,-0.3349855338002371,-0.17753232792728194,0.9253469428734771,-39.813772933720145,13.77456203825308,-22.454732945801588,0.6263715232571501,-0.13449047773922687,0.7678352858849299
680685.26039,353,0.9568361341953278,0.5221292287280714,0.26143301070633185,680685.260381-0 680685.260399-1,1.243305574180349,4.736802147359913,27.57304610469972,19.834973071863107,14.370921849840533,-23.820616252498382,-0.3349855338002371,-0.17753232792728194,0.9253469428734771,-39.813772933720145,13.77456203825308,-22.454732945801588,0.628271988221069,-0.13437184492234916,0.7663018439941984
680685.264395,354,0.9620688557624817,0.5220657349090516,0.2612526556155379,680685.268391-0 680685.260399-1,1.2403398208448593,4.7409811786992915,27.57012925643071,19.834973071863107,14.370921849840533,-23.820616252498382,-0.3350540417843436,-0.17741063833122786,0.9253454784516331,-39.813772933720145,13.77456203825308,-22.454732945801588,0.628271988221069,-0.13437184492234916,0.7663018439941984
680685.2699025,354,0.9620688557624817,0.5220290558308783,0.25961230232117716,680685.268391-0 680685.271414-1,1.239422414926194,4.785449852421654,27.5800039500604,19.834973071863107,14.370921849840533,-23.820616252498382,-0.3350540417843436,-0.17741063833122786,0.9253454784516331,-39.813772933720145,13.77456203825308,-22.454732945801588,0.6282427717618094,-0.1328816052291468,0.7665856108229295
680685.2741479999,354,0.9678547084331512,0.5218334392075439,0.2591895232693785,680685.276882-0 680685.271414-1,1.2302255298229579,4.794718686684621,27.570228440777598,19.834973071863107,14.370921849840533,-23.820616252498382,-0.33526631640668203,-0.1771560658973124,0.9253173646910997,-39.813772933720145,13.77456203825308,-22.454732945801588,0.6282427717618094,-0.1328816052291468,0.7665856108229295
680685.2773575,354,0.9678547084331512,0.5227470099445998,0.25607808383580277,680685.276882-0 680685.277833-1,1.2676375631256445,4.859255797196044,27.474193342981355,19.834973071863107,14.370921849840533,-23.820616252498382,-0.33526631640668203,-0.1771560658973124,0.9253173646910997,-39.813772933720145,13.77456203825308,-22.454732945801588,0.6293746720363025,-0.1312009172345816,0.7659463698693278
680685.2810855,354,0.9225813448429108,0.523971985831783,0.2572959071991351,680685.284338-0 680685.277833-1,1.3259162717579436,4.8402015121857955,27.54375657671569,19.834973071863107,14.370921849840533,-23.820616252498382,-0.33392231200975686,-0.1774484412471197,0.9257472334503765,-39.813772933720145,13.77456203825308,-22.454732945801588,0.6293746720363025,-0.1312009172345816,0.7659463698693278
680685.2849815,354,0.9225813448429108,0.5233043775725542,0.25902998865961424,680685.284338-0 680685.285625-1,1.298837726437716,4.807305846442407,27.615855812564337,19.834973071863107,14.370921849840533,-23.820616252498382,-0.33392231200975686,-0.1774484412471197,0.9257472334503765,-39.813772933720145,13.77456203825308,-22.454732945801588,0.6285534674556079,-0.1319554112940996,0.7664909053470478
680685.289012,354,0.9618923664093018,0.5236615042085032,0.2600260778700786,680685.292399-0 680685.285625-1,1.3155954972714206,4.7842693925889686,27.632424272176074,19.834973071863107,14.370921849840533,-23.820616252498382,-0.33353564554673404,-0.17811703323504313,0.9257582274121412,-39.813772933720145,13.77456203825308,-22.454732945801588,0.6285534674556079,-0.1319554112940996,0.7664909053470478
680685.2933095,354,0.9618923664093018,0.5246939247735336,0.25514512847919235,680685.292399-0 680685.29422-1,1.3581735871787188,4.8938037278028625,27.528066379557373,19.834973071863107,14.370921849840533,-23.820616252498382,-0.33353564554673404,-0.17811703323504313,0.9257582274121412,-39.813772933720145,13.77456203825308,-22.454732945801588,0.6298432290964496,-0.12884651555041404,0.7659608881606645
680685.297962,355,0.986700177192688,0.526052360595961,0.25762936873976416,680685.301704-0 680685.29422-1,1.4226270224298734,4.841895556807319,27.59872723224238,19.834973071863107,14.370921849840533,-23.820616252498382,-0.33204971590172044,-0.1794702902552806,0.9260309935878345,-39.813772933720145,13.77456203825308,-22.454732945801588,0.6298432290964496,-0.12884651555041404,0.7659608881606645
680685.301738,355,0.986700177192688,0.5265036482481128,0.2555284007036459,680685.301704-0 680685.301772-1,1.4411095073541542,4.888893037485024,27.552976792274368,19.834973071863107,14.370921849840533,-23.820616252498382,-0.33204971590172044,-0.1794702902552806,0.9260309935878345,-39.813772933720145,13.77456203825308,-22.454732945801588,0.6304042596067825,-0.12751579647506292,0.7657220064220139
680685.3050545,355,0.9483651518821716,0.5268639513160016,0.25561205230761874,680685.308337-0 680685.301772-1,1.4585568211488429,4.890798712461444,27.575260585569932,19.834973071863107,14.370921849840533,-23.820616252498382,-0.33164826919991824,-0.17930442522121956,0.9262069685727842,-39.813772933720145,13.77456203825308,-22.454732945801588,0.6304042596067825,-0.12751579647506292,0.7657220064220139
680685.3091869999,355,0.9483651518821716,0.5260164882111933,0.25402816856090016,680685.308337-0 680685.310037-1,1.42587377983455,4.950350132849267,27.678453087709673,19.834973071863107,14.370921849840533,-23.820616252498382,-0.33164826919991824,-0.17930442522121956,0.9262069685727842,-39.813772933720145,13.77456203825308,-22.454732945801588,0.6294053449795789,-0.1251284543320092,0.7669366216498071
680685.3135785,355,0.8904498815536499,0.5266737978917542,0.25605908500508356,680685.31712-0 680685.310037-1,1.4568250065909627,4.902486761977278,27.707775402125684,19.834973071863107,14.370921849840533,-23.820616252498382,-0.3309352472315454,-0.18071838106380134,0.9261871996985677,-39.813772933720145,13.77456203825308,-22.454732945801588,0.6294053449795789,-0.1251284543320092,0.7669366216498071
680685.3172325001,355,0.8904498815536499,0.5274054323694544,0.25597061945291844,680685.31712-0 680685.317345-1,1.4855477978630454,4.89010128594608,27.623076821476307,19.834973071863107,14.370921849840533,-23.820616252498382,-0.3309352472315454,-0.18071838106380134,0.9261871996985677,-39.813772933720145,13.77456203825308,-22.454732945801588,0.6302822289553479,-0.12589992542395703,0.7660897601726055
680685.321717,355,0.9135245978832245,0.5279156753804615,0.2553353060411332,680685.326089-0 680685.317345-1,1.510807458997002,4.91341190745379,27.659497446837946,19.834973071863107,14.370921849840533,-23.820616252498382,-0.3303555033704115,-0.17979361635264904,0.9265740644501756,-39.813772933720145,13.77456203825308,-22.454732945801588,0.6302822289553479,-0.12589992542395703,0.7660897601726055
680685.3253735,355,0.9135245978832245,0.5271186089208506,0.25459081458378074,680685.326089-0 680685.324658-1,1.479855061460425,4.949550089196119,27.754407923068097,19.834973071863107,14.370921849840533,-23.820616252498382,-0.3303555033704115,-0.17979361635264904,0.9265740644501756,-39.813772933720145,13.77456203825308,-22.454732945801588,0.6293354851639354,-0.12431332296632525,0.7671264855592876
680685.3310415,356,0.9135245978832245,0.5264344149760075,0.2562946274407548,680685.326089-0 680685.335994-1,1.452236774757532,4.917688323633474,27.829325135957916,19.834973071863107,14.370921849840533,-23.820616252498382,-0.3303555033704115,-0.17979361635264904,0.9265740644501756,-39.813772933720145,13.77456203825308,-22.454732945801588,0.6284942911047966,-0.12502523838158422,0.7677002122028541
680685.3344725,356,0.9423573911190033,0.5264361486201421,0.2569868247306456,680685.332951-0 680685.335994-1,1.4519480883815294,4.898698022801645,27.825135612398142,19.834973071863107,14.370921849840533,-23.820616252498382,-0.3303614338933851,-0.18042670972150987,0.9264488790078902,-39.813772933720145,13.77456203825308,-22.454732945801588,0.6284942911047966,-0.12502523838158422,0.7677002122028541
680685.338118,356,0.9919750094413757,0.5267524904028225,0.2559925423302888,680685.340242-0 680685.335994-1,1.4679984668004682,4.929726420338312,27.851627093640786,19.834973071863107,14.370921849840533,-23.820616252498382,-0.3299944505555282,-0.1793015252176898,0.9267980500935278,-39.813772933720145,13.77456203825308,-22.454732945801588,0.6284942911047966,-0.12502523838158422,0.7677002122028541
680685.3409155,356,0.9919750094413757,0.5273492430645479,0.2563472865525611,680685.340242-0 680685.341589-1,1.4913797580054826,4.908064454683032,27.780698601530357,19.834973071863107,14.370921849840533,-23.820616252498382,-0.3299944505555282,-0.1793015252176898,0.9267980500935278,-39.813772933720145,13.77456203825308,-22.454732945801588,0.6292090888369463,-0.1260353970336829,0.7669491516518822
680685.345004,356,0.9386134743690491,0.5299806506536106,0.2570522136746184,680685.3484189999-0 680685.341589-1,1.6207676236469801,4.919666960821609,27.94591796246987,19.834973071863107,14.370921849840533,-23.820616252498382,-0.3270300029974329,-0.17816206280767735,0.9280677003945412,-39.813772933720145,13.77456203825308,-22.454732945801588,0.6292090888369463,-0.1260353970336829,0.7669491516518822
680685.3484004999,356,0.9386134743690491,0.5313409360814774,0.25632377798907713,680685.3484189999-0 680685.348382-1,1.673933875736946,4.9118850664682565,27.78936527593836,19.834973071863107,14.370921849840533,-23.820616252498382,-0.3270300029974329,-0.17816206280767735,0.9280677003945412,-39.813772933720145,13.77456203825308,-22.454732945801588,0.6308398476232855,-0.12696363732954882,0.7654549767600187
680685.3530125,356,0.9386134743690491,0.5317360792514971,0.2583325519897359,680685.3484189999-0 680685.357606-1,1.6883184989400188,4.850115700129624,27.737662210016364,19.834973071863107,14.370921849840533,-23.820616252498382,-0.3270300029974329,-0.17816206280767735,0.9280677003945412,-39.813772933720145,13.77456203825308,-22.454732945801588,0.6312836556523345,-0.1291941671489736,0.7647155113379798
680685.3570274999,356,0.8958542048931122,0.5320418865570009,0.2586600028375382,680685.356449-0 680685.357606-1,1.7032465787216928,4.844723369347217,27.75528314286441,19.834973071863107,14.370921849840533,-23.820616252498382,-0.3266875366616359,-0.17825400634879496,0.928170653818874,-39.813772933720145,13.77456203825308,-22.454732945801588,0.6312836556523345,-0.1291941671489736,0.7647155113379798
680685.3609265,356,0.9085610806941986,0.5330716225442116,0.258480268755345,680685.364247-0 680685.357606-1,1.7544884957347708,4.861710996599962,27.822797596685568,19.834973071863107,14.370921849840533,-23.820616252498382,-0.32551441769267847,-0.17738937093890172,0.9287482839564749,-39.813772933720145,13.77456203825308,-22.454732945801588,0.6312836556523345,-0.1291941671489736,0.7647155113379798
680685.3642549999,357,0.9085610806941986,0.5338901432600969,0.25977472951652236,680685.364247-0 680685.364263-1,1.785221703631393,4.810896729038261,27.724362949540176,19.834973071863107,14.370921849840533,-23.820616252498382,-0.32551441769267847,-0.17738937093890172,0.9287482839564749,-39.813772933720145,13.77456203825308,-22.454732945801588,0.6322305880132226,-0.13127206755804147,0.7635785014387791
680685.368855,357,0.9710096418857574,0.5338744693282023,0.2593354975042703,680685.3734469999-0 680685.364263-1,1.7847332154198945,4.822720172161779,27.726080678534117,19.834973071863107,14.370921849840533,-23.820616252498382,-0.32552618121522614,-0.1769988312068478,0.9288186685757568,-39.813772933720145,13.77456203825308,-22.454732945801588,0.6322305880132226,-0.13127206755804147,0.7635785014387791
680685.373715,357,0.9710096418857574,0.5356963550803358,0.2611398815363526,680685.3734469999-0 680685.3739829999-1,1.852837296517512,4.739360205352038,27.51213586416757,19.834973071863107,14.370921849840533,-23.820616252498382,-0.32552618121522614,-0.1769988312068478,0.9288186685757568,-39.813772933720145,13.77456203825308,-22.454732945801588,0.6343290135348996,-0.1349215094448892,0.7611983242736111
680685.3771345,357,0.9325642883777618,0.5364854955366938,0.26099052115856436,680685.380286-0 680685.3739829999-1,1.892079050803254,4.7524744560677235,27.563427460733884,19.834973071863107,14.370921849840533,-23.820616252498382,-0.32462611206793984,-0.17632945026497415,0.929260895729991,-39.813772933720145,13.77456203825308,-22.454732945801588,0.6343290135348996,-0.1349215094448892,0.7611983242736111
680685.380287,357,0.9325642883777618,0.5379561281268183,0.26203870603962465,680685.380286-0 680685.380288-1,1.9463685094577556,4.696768883562179,27.393771547927614,19.834973071863107,14.370921849840533,-23.820616252498382,-0.32462611206793984,-0.17632945026497415,0.929260895729991,-39.813772933720145,13.77456203825308,-22.454732945801588,0.6360046421491706,-0.137485894204676,0.7593390047004343
680685.3843645,357,0.977318525314331,0.5373202697601744,0.26064367699626,680685.388441-0 680685.380288-1,1.9158975415311676,4.727141933247295,27.362017874465735,19.834973071863107,14.370921849840533,-23.820616252498382,-0.32532841546676267,-0.17549510284768072,0.9291732297942981,-39.813772933720145,13.77456203825308,-22.454732945801588,0.6360046421491706,-0.137485894204676,0.7593390047004343
680685.3884355,357,0.977318525314331,0.5407773344035032,0.25879490061052957,680685.388441-0 680685.3884299999-1,2.04339266794781,4.7107519065118435,26.98332402045065,19.834973071863107,14.370921849840533,-23.820616252498382,-0.32532841546676267,-0.17549510284768072,0.9291732297942981,-39.813772933720145,13.77456203825308,-22.454732945801588,0.6399388815637778,-0.13971452833920675,0.7556176800696596
680685.3927555,357,0.977318525314331,0.5429114387208195,0.2587145208665613,680685.388441-0 680685.39707-1,2.119869983511416,4.673422389192673,26.751184773820913,19.834973071863107,14.370921849840533,-23.820616252498382,-0.32532841546676267,-0.17549510284768072,0.9291732297942981,-39.813772933720145,13.77456203825308,-22.454732945801588,0.6423025071022537,-0.14198634439889793,0.7531848162133892
680685.3969429999,358,1.0,0.542288473012785,0.2574407410306919,680685.396816-0 680685.39707-1,2.09040826821378,4.700003431270019,26.720506783179896,19.834973071863107,14.370921849840533,-23.820616252498382,-0.3260123420483555,-0.17477409283575598,0.9290694103809384,-39.813772933720145,13.77456203825308,-22.454732945801588,0.6423025071022537,-0.14198634439889793,0.7531848162133892
680685.400719,358,0.9377119839191437,0.5427342752992589,0.2562921514044716,680685.404368-0 680685.39707-1,2.113113945524793,4.73546456509103,26.754890192023492,19.834973071863107,14.370921849840533,-23.820616252498382,-0.325488997676855,-0.17344359685332986,0.9295021415262558,-39.813772933720145,13.77456203825308,-22.454732945801588,0.6423025071022537,-0.14198634439889793,0.7531848162133892
680685.404389,358,0.9377119839191437,0.5439154172602507,0.25715831701308944,680685.404368-0 680685.40441-1,2.1544324129501717,4.691276078341913,26.625145329635565,19.834973071863107,14.370921849840533,-23.820616252498382,-0.325488997676855,-0.17344359685332986,0.9295021415262558,-39.813772933720145,13.77456203825308,-22.454732945801588,0.6435799846067014,-0.1440245517715007,0.7517058812465524
680685.408334,358,0.9878457486629486,0.5436922104762938,0.25578908912549647,680685.412258-0 680685.40441-1,2.1446302528467793,4.724782647714443,26.619642083007502,19.834973071863107,14.370921849840533,-23.820616252498382,-0.3257186675101747,-0.17237014373028442,0.9296213654955426,-39.813772933720145,13.77456203825308,-22.454732945801588,0.6435799846067014,-0.1440245517715007,0.7517058812465524
680685.412199,358,0.9878457486629486,0.545970445630878,0.2539738842121453,680685.412258-0 680685.41214-1,2.2252932533516994,4.729542238467222,26.382600393385186,19.834973071863107,14.370921849840533,-23.820616252498382,-0.3257186675101747,-0.17237014373028442,0.9296213654955426,-39.813772933720145,13.77456203825308,-22.454732945801588,0.6460750649039855,-0.14494459908448643,0.7493851304273046
680685.416873,358,0.9878457486629486,0.5474943897532695,0.25388357940458917,680685.412258-0 680685.421488-1,2.2778444900978947,4.704091568738074,26.22292683537794,19.834973071863107,14.370921849840533,-23.820616252498382,-0.3257186675101747,-0.17237014373028442,0.9296213654955426,-39.813772933720145,13.77456203825308,-22.454732945801588,0.647701760575874,-0.14651386117285428,0.7476738044302038
680685.421823,358,0.956226259469986,0.5479545999115384,0.25335127410163205,680685.422158-0 680685.421488-1,2.3006765862622682,4.723217096156483,26.253858887397346,19.834973071863107,14.370921849840533,-23.820616252498382,-0.3251886726602029,-0.17158534476890877,0.9299520399644435,-39.813772933720145,13.77456203825308,-22.454732945801588,0.647701760575874,-0.14651386117285428,0.7476738044302038
680685.425615,358,0.956226259469986,0.5490935167167803,0.24971918685344652,680685.422158-0 680685.429072-1,2.3417082578972153,4.7948807543939465,26.145602495944935,19.834973071863107,14.370921849840533,-23.820616252498382,-0.3251886726602029,-0.17158534476890877,0.9299520399644435,-39.813772933720145,13.77456203825308,-22.454732945801588,0.6489745450004368,-0.14463987821568572,0.7469346327298175
680685.4288985,358,0.9569007456302643,0.551321193906162,0.2512971648261835,680685.428725-0 680685.429072-1,2.4491744310994488,4.779843492208345,26.27097355080752,19.834973071863107,14.370921849840533,-23.820616252498382,-0.32268567287454747,-0.1714648404451884,0.9308457256777875,-39.813772933720145,13.77456203825308,-22.454732945801588,0.6489745450004368,-0.14463987821568572,0.7469346327298175
680685.4338775,359,0.9422242939472198,0.5515248954783247,0.2510340019949995,680685.438683-0 680685.429072-1,2.4594396093706212,4.789114595310463,26.284955483062603,19.834973071863107,14.370921849840533,-23.820616252498382,-0.3224477152750168,-0.17108996881505073,0.9309971500948789,-39.813772933720145,13.77456203825308,-22.454732945801588,0.6489745450004368,-0.14463987821568572,0.7469346327298175
680685.4385645001,359,0.9422242939472198,0.5517750365919608,0.2512060829376488,680685.438683-0 680685.438446-1,2.4677698238178447,4.780155275521706,26.258484350652978,19.834973071863107,14.370921849840533,-23.820616252498382,-0.3224477152750168,-0.17108996881505073,0.9309971500948789,-39.813772933720145,13.77456203825308,-22.454732945801588,0.6492337904844682,-0.1450559086237339,0.746628601559378
680685.441727,359,0.9422242939472198,0.5516586845105376,0.24813934889538547,680685.438683-0 680685.444771-1,2.465793759070305,4.860609903332949,26.27879684726819,19.834973071863107,14.370921849840533,-23.820616252498382,-0.3224477152750168,-0.17108996881505073,0.9309971500948789,-39.813772933720145,13.77456203825308,-22.454732945801588,0.6491729978149618,-0.1423068328811565,0.7472102677448095
680685.444784,359,0.9317453801631927,0.5522333409867501,0.24842449820415868,680685.444797-0 680685.444771-1,2.493854473233373,4.860015484766505,26.312138098470083,19.834973071863107,14.370921849840533,-23.820616252498382,-0.3217953000221564,-0.17094684308688787,0.9312491405216314,-39.813772933720145,13.77456203825308,-22.454732945801588,0.6491729978149618,-0.1423068328811565,0.7472102677448095
680685.448563,359,0.9317453801631927,0.551443686027292,0.2470706821133717,680685.444797-0 680685.452329-1,2.4680015081206435,4.909444720918282,26.39806960275702,19.834973071863107,14.370921849840533,-23.820616252498382,-0.3217953000221564,-0.17094684308688787,0.9312491405216314,-39.813772933720145,13.77456203825308,-22.454732945801588,0.648367556460668,-0.14028917132113192,0.7482903581760576
680685.4523215,359,0.9408966600894928,0.5523101103062155,0.2488630624377156,680685.452314-0 680685.452329-1,2.5091994193960154,4.872694463878729,26.440381948827834,19.834973071863107,14.370921849840533,-23.820616252498382,-0.3208363488478318,-0.17195304991734586,0.9313947529818466,-39.813772933720145,13.77456203825308,-22.454732945801588,0.648367556460668,-0.14028917132113192,0.7482903581760576
680685.4570925001,359,0.9776474237442017,0.5533796503176777,0.2524703130987961,680685.461856-0 680685.452329-1,2.55884517762248,4.790435820295479,26.484082992162413,19.834973071863107,14.370921849840533,-23.820616252498382,-0.31967929998435474,-0.17444809967766522,0.9313286238918913,-39.813772933720145,13.77456203825308,-22.454732945801588,0.648367556460668,-0.14028917132113192,0.7482903581760576
680685.462152,360,0.9776474237442017,0.5524689364402826,0.25091451523703767,680685.461856-0 680685.462448-1,2.528989207367106,4.847225801560743,26.583719295929022,19.834973071863107,14.370921849840533,-23.820616252498382,-0.31967929998435474,-0.17444809967766522,0.9313286238918913,-39.813772933720145,13.77456203825308,-22.454732945801588,0.6474341326974248,-0.1379707321885672,0.7495285991059207
680685.4660775,360,0.9437927007675171,0.5527349915655768,0.2521083689778,680685.469707-0 680685.462448-1,2.5410990758155503,4.818813252859065,26.592768235916097,19.834973071863107,14.370921849840533,-23.820616252498382,-0.319397094750796,-0.17533762479455064,0.9312584030204272,-39.813772933720145,13.77456203825308,-22.454732945801588,0.6474341326974248,-0.1379707321885672,0.7495285991059207
680685.4701485,360,0.9437927007675171,0.5529201957088425,0.25042648834871006,680685.469707-0 680685.47059-1,2.548449493319616,4.858764208491044,26.57747297516825,19.834973071863107,14.370921849840533,-23.820616252498382,-0.319397094750796,-0.17533762479455064,0.9312584030204272,-39.813772933720145,13.77456203825308,-22.454732945801588,0.6476634828958042,-0.13672440291026572,0.7495588372983855
680685.473434,360,0.9705288112163544,0.5543933048376578,0.25176776762301467,680685.4762779999-0 680685.47059-1,2.620984148389951,4.840988790982341,26.66094364830466,19.834973071863107,14.370921849840533,-23.820616252498382,-0.31771757672499923,-0.17551666105647518,0.9317990358073893,-39.813772933720145,13.77456203825308,-22.454732945801588,0.6476634828958042,-0.13672440291026572,0.7495588372983855
680685.4762875,360,0.9705288112163544,0.5525825934214422,0.2531093402130433,680685.4762779999-0 680685.476297-1,2.5584957185568005,4.8396963995572,26.84983259473067,19.834973071863107,14.370921849840533,-23.820616252498382,-0.31771757672499923,-0.17551666105647518,0.9317990358073893,-39.813772933720145,13.77456203825308,-22.454732945801588,0.6457057448237824,-0.13592265373089274,0.7513914580991162
680685.4807674999,360,0.960675060749054,0.5530269668675915,0.2544397179848873,680685.4852379999-0 680685.476297-1,2.5796064329988493,4.809511426078417,26.8694079445193,19.834973071863107,14.370921849840533,-23.820616252498382,-0.3172288130274584,-0.17640973606952506,0.9317969119958867,-39.813772933720145,13.77456203825308,-22.454732945801588,0.6457057448237824,-0.13592265373089274,0.7513914580991162
680685.4851309999,360,0.960675060749054,0.5507356438334273,0.25490494537911357,680685.4852379999-0 680685.4850239999-1,2.5002145717922364,4.839909060467812,27.115052693824964,19.834973071863107,14.370921849840533,-23.820616252498382,-0.3172288130274584,-0.17640973606952506,0.9317969119958867,-39.813772933720145,13.77456203825308,-22.454732945801588,0.6432185514548813,-0.13383442118389757,0.7538953791943914
680685.489846,360,0.960675060749054,0.5501377583161753,0.2573955249802299,680685.4852379999-0 680685.494454-1,2.4778431032848953,4.785679774965506,27.173817126211453,19.834973071863107,14.370921849840533,-23.820616252498382,-0.3172288130274584,-0.17640973606952506,0.9317969119958867,-39.813772933720145,13.77456203825308,-22.454732945801588,0.6425194114588754,-0.13534542612066539,0.7542217323352305
680685.494063,360,1.0,0.5515570405844569,0.2592369916997257,680685.493672-0 680685.494454-1,2.5483139377058635,4.752921645993878,27.253047606882024,19.834973071863107,14.370921849840533,-23.820616252498382,-0.3156085666121097,-0.1770944544895721,0.9322171350442396,-39.813772933720145,13.77456203825308,-22.454732945801588,0.6425194114588754,-0.13534542612066539,0.7542217323352305
680685.498947,361,0.924106776714325,0.5529271482704494,0.26296021038971007,680685.50344-0 680685.494454-1,2.6147846578508993,4.668559318200617,27.317235814858762,19.834973071863107,14.370921849840533,-23.820616252498382,-0.31407967272779896,-0.17952495879377503,0.9322686031124785,-39.813772933720145,13.77456203825308,-22.454732945801588,0.6425194114588754,-0.13534542612066539,0.7542217323352305
680685.5035245,361,0.924106776714325,0.5510411084234187,0.26334906358228083,680685.50344-0 680685.503609-1,2.5486326064185256,4.692472573290614,27.52383940858999,19.834973071863107,14.370921849840533,-23.820616252498382,-0.31407967272779896,-0.17952495879377503,0.9322686031124785,-39.813772933720145,13.77456203825308,-22.454732945801588,0.6404401399768237,-0.1336455139852928,0.756290488964441
680685.507938,361,0.9004403352737427,0.5518172115634714,0.2649186632198607,680685.512267-0 680685.503609-1,2.587130797234723,4.658886016941274,27.56422129655888,19.834973071863107,14.370921849840533,-23.820616252498382,-0.31319813384826484,-0.18041707528096781,0.9323929471531979,-39.813772933720145,13.77456203825308,-22.454732945801588,0.6404401399768237,-0.1336455139852928,0.756290488964441
680685.5111135,361,0.9004403352737427,0.5503273204127188,0.26641545040770354,680685.512267-0 680685.5099599999-1,2.5336059110064504,4.646072350992595,27.726529884874807,19.834973071863107,14.370921849840533,-23.820616252498382,-0.31319813384826484,-0.18041707528096781,0.9323929471531979,-39.813772933720145,13.77456203825308,-22.454732945801588,0.638757915727958,-0.13333847783006275,0.757765910703851
680685.5148265001,361,0.9004403352737427,0.5502699353311366,0.2677790716242575,680685.512267-0 680685.517386-1,2.5307602980754567,4.6107626939568185,27.729456678575044,19.834973071863107,14.370921849840533,-23.820616252498382,-0.31319813384826484,-0.18041707528096781,0.9323929471531979,-39.813772933720145,13.77456203825308,-22.454732945801588,0.6386693942561652,-0.134468659070658,0.7576408018105956
680685.519633,361,0.9168872237205505,0.5511430072195791,0.26872430054020324,680685.52188-0 680685.517386-1,2.5751402004021102,4.595034346795704,27.780831662385836,19.834973071863107,14.370921849840533,-23.820616252498382,-0.31218595821360107,-0.18067614817329655,0.9326821843347908,-39.813772933720145,13.77456203825308,-22.454732945801588,0.6386693942561652,-0.134468659070658,0.7576408018105956
680685.5243315,361,0.9168872237205505,0.5518164224804489,0.26828772128807477,680685.52188-0 680685.526783-1,2.599212639296681,4.594613470882922,27.70653420392421,19.834973071863107,14.370921849840533,-23.820616252498382,-0.31218595821360107,-0.18067614817329655,0.9326821843347908,-39.813772933720145,13.77456203825308,-22.454732945801588,0.6394270224241366,-0.13481392390980787,0.7569400827765981
680685.5276675,361,0.9528504014015198,0.5520719165895063,0.26795734860283127,680685.528552-0 680685.526783-1,2.6128193140994966,4.606603155787143,27.72560168172032,19.834973071863107,14.370921849840533,-23.820616252498382,-0.3118764231888185,-0.18019713145734112,0.9328783899702547,-39.813772933720145,13.77456203825308,-22.454732945801588,0.6394270224241366,-0.13481392390980787,0.7569400827765981
680685.531293,362,0.9528504014015198,0.5519505061990089,0.27096221178195345,680685.528552-0 680685.534034-1,2.6067162648029765,4.5287337519377235,27.731405323959873,19.834973071863107,14.370921849840533,-23.820616252498382,-0.3118764231888185,-0.18019713145734112,0.9328783899702547,-39.813772933720145,13.77456203825308,-22.454732945801588,0.6392363638772164,-0.13730703587636572,0.7566529250560531
680685.5365009999,362,0.9585676789283752,0.5520560153208794,0.2720619987118055,680685.538968-0 680685.534034-1,2.6111198509045117,4.4999470745077295,27.731072870289545,19.834973071863107,14.370921849840533,-23.820616252498382,-0.31177456266113446,-0.18112672351875794,0.9327324011230754,-39.813772933720145,13.77456203825308,-22.454732945801588,0.6392363638772164,-0.13730703587636572,0.7566529250560531
680685.539607,362,0.9585676789283752,0.5537590033043899,0.2706443499825333,680685.538968-0 680685.5402459999-1,2.671613385661873,4.507805913222995,27.545461887473014,19.834973071863107,14.370921849840533,-23.820616252498382,-0.31177456266113446,-0.18112672351875794,0.9327324011230754,-39.813772933720145,13.77456203825308,-22.454732945801588,0.6411423225724802,-0.137890358496143,0.7549322957988822
680685.5425485,362,0.9628596305847168,0.5534862171841505,0.26956224052206956,680685.544851-0 680685.5402459999-1,2.658567470771583,4.534035744200981,27.534764610294374,19.834973071863107,14.370921849840533,-23.820616252498382,-0.3120738602431796,-0.1803313553744661,0.9327864214394034,-39.813772933720145,13.77456203825308,-22.454732945801588,0.6411423225724802,-0.137890358496143,0.7549322957988822
680685.5466964999,362,0.9628596305847168,0.5533473053104692,0.2719896228334987,680685.544851-0 680685.548542-1,2.652225238184622,4.472257233421383,27.54375315188434,19.834973071863107,14.370921849840533,-23.820616252498382,-0.3120738602431796,-0.1803313553744661,0.9327864214394034,-39.813772933720145,13.77456203825308,-22.454732945801588,0.6409433572285349,-0.13985168108711213,0.7547404322823332
680685.5506165,362,0.9397506415843964,0.5536420804178415,0.2716139019212017,680685.5526909999-0 680685.548542-1,2.6678799342464146,4.485767129996937,27.565540046652277,19.834973071863107,14.370921849840533,-23.820616252498382,-0.31171731200407876,-0.17978768464452835,0.9330105604156425,-39.813772933720145,13.77456203825308,-22.454732945801588,0.6409433572285349,-0.13985168108711213,0.7547404322823332
680685.5546249999,362,0.9397506415843964,0.5559011685073114,0.2687725163334077,680685.5526909999-0 680685.5565589999-1,2.747680308124048,4.521496390018988,27.324906518256288,19.834973071863107,14.370921849840533,-23.820616252498382,-0.31171731200407876,-0.17978768464452835,0.9330105604156425,-39.813772933720145,13.77456203825308,-22.454732945801588,0.643460060839015,-0.13978363684833608,0.752608586832826
680685.559069,362,0.9934966564178467,0.5561593026238282,0.26937154322987866,680685.561579-0 680685.5565589999-1,2.7604118341801485,4.508306193485677,27.337734955443626,19.834973071863107,14.370921849840533,-23.820616252498382,-0.31142521962744657,-0.18015197358025184,0.9330378336354517,-39.813772933720145,13.77456203825308,-22.454732945801588,0.643460060839015,-0.13978363684833608,0.752608586832826
680685.5629855,362,0.9934966564178467,0.5583348452667565,0.26647184601609064,680685.561579-0 680685.564392-1,2.8361597438697856,4.546643854102164,27.109842554302176,19.834973071863107,14.370921849840533,-23.820616252498382,-0.31142521962744657,-0.18015197358025184,0.9330378336354517,-39.813772933720145,13.77456203825308,-22.454732945801588,0.6458530487812102,-0.13957303827447043,0.7505952347083272
680685.567238,363,0.963505893945694,0.5586678970465441,0.26702097454966534,680685.570084-0 680685.564392-1,2.852773265183746,4.535768857073101,27.127706859848246,19.834973071863107,14.370921849840533,-23.820616252498382,-0.3110435402944125,-0.18041713236793996,0.9331139128687597,-39.813772933720145,13.77456203825308,-22.454732945801588,0.6458530487812102,-0.13957303827447043,0.7505952347083272
680685.5716815,363,0.963505893945694,0.5589273984831734,0.26905211585402533,680685.570084-0 680685.573279-1,2.8601446268070223,4.478354042016663,27.09481233659811,19.834973071863107,14.370921849840533,-23.820616252498382,-0.3110435402944125,-0.18041713236793996,0.9331139128687597,-39.813772933720145,13.77456203825308,-22.454732945801588,0.6460867702937124,-0.14159398835882905,0.7500153516509374
680685.5748020001,363,0.9317544996738434,0.5588031644734789,0.26884729924529094,680685.576325-0 680685.573279-1,2.8539503221266873,4.482416236347347,27.088157112279628,19.834973071863107,14.370921849840533,-23.820616252498382,-0.3111858736356795,-0.18031822542931647,0.9330855746541263,-39.813772933720145,13.77456203825308,-22.454732945801588,0.6460867702937124,-0.14159398835882905,0.7500153516509374
680685.578323,363,0.9317544996738434,0.5597885088695801,0.2713518659537961,680685.576325-0 680685.580321-1,2.885224906481744,4.400737764616891,26.97658689286815,19.834973071863107,14.370921849840533,-23.820616252498382,-0.3111858736356795,-0.18031822542931647,0.9330855746541263,-39.813772933720145,13.77456203825308,-22.454732945801588,0.6470764188513143,-0.14476981229234634,0.7485544800583304
680685.5827825,363,0.9478217959403992,0.5627240718698142,0.2763326686335854,680685.585244-0 680685.580321-1,3.0319151487202554,4.300658280365165,27.13290847542016,19.834973071863107,14.370921849840533,-23.820616252498382,-0.3078163225096018,-0.1827798541368556,0.9337240687260742,-39.813772933720145,13.77456203825308,-22.454732945801588,0.6470764188513143,-0.14476981229234634,0.7485544800583304
680685.5868549999,363,0.9478217959403992,0.5635919955606215,0.2757404607736832,680685.585244-0 680685.5884659999-1,3.0609204009632567,4.302009199561445,27.042053040295215,19.834973071863107,14.370921849840533,-23.820616252498382,-0.3078163225096018,-0.1827798541368556,0.9337240687260742,-39.813772933720145,13.77456203825308,-22.454732945801588,0.6479992847335805,-0.14514940403183935,0.7476821366690326
680685.5904854999,363,0.9345234334468842,0.5619831377235952,0.2741681709126512,680685.592505-0 680685.5884659999-1,2.979120772652532,4.326036041469055,26.94881015280875,19.834973071863107,14.370921849840533,-23.820616252498382,-0.3096938884338914,-0.18247277309202453,0.9331631060788906,-39.813772933720145,13.77456203825308,-22.454732945801588,0.6479992847335805,-0.14514940403183935,0.7476821366690326
680685.5947809999,363,0.9345234334468842,0.5605713385644523,0.2775262008585655,680685.592505-0 680685.597057-1,2.930059606579267,4.26185924598878,27.090218774325574,19.834973071863107,14.370921849840533,-23.820616252498382,-0.3096938884338914,-0.18247277309202453,0.9331631060788906,-39.813772933720145,13.77456203825308,-22.454732945801588,0.646443189122826,-0.14657743716668226,0.7487497967614799
680685.5994085,364,0.9307068586349487,0.5615100264790283,0.27835320526017826,680685.60176-0 680685.597057-1,2.9779013145002686,4.250025642557755,27.145435719400442,19.834973071863107,14.370921849840533,-23.820616252498382,-0.3085974473200352,-0.18257544760622452,0.93350619785781,-39.813772933720145,13.77456203825308,-22.454732945801588,0.646443189122826,-0.14657743716668226,0.7487497967614799
680685.6030735,364,0.9307068586349487,0.5609948758578935,0.2793404440103987,680685.60176-0 680685.604387-1,2.9600871194685503,4.232588819903312,27.198062260651483,19.834973071863107,14.370921849840533,-23.820616252498382,-0.3085974473200352,-0.18257544760622452,0.93350619785781,-39.813772933720145,13.77456203825308,-22.454732945801588,0.6458774864808914,-0.1468974064642905,0.749175162716431
680685.6063335,364,0.9518992602825165,0.5617435056279183,0.28025461033842114,680685.60828-0 680685.604387-1,2.998131346482456,4.2162654022783705,27.240657856737084,19.834973071863107,14.370921849840533,-23.820616252498382,-0.30772648169327266,-0.18288700266037772,0.9337327008960234,-39.813772933720145,13.77456203825308,-22.454732945801588,0.6458774864808914,-0.1468974064642905,0.749175162716431
680685.6102400001,364,0.9518992602825165,0.560821507324825,0.2821143349729529,680685.60828-0 680685.6122-1,2.966089832872637,4.18236717183609,27.335157917226415,19.834973071863107,14.370921849840533,-23.820616252498382,-0.30772648169327266,-0.18288700266037772,0.9337327008960234,-39.813772933720145,13.77456203825308,-22.454732945801588,0.6448589938935365,-0.14755346313255793,0.7499232317458933
680685.6147765,364,0.947534441947937,0.5609715481320687,0.2815183455860064,680685.617353-0 680685.6122-1,2.974607573536776,4.199931409994001,27.348960059483538,19.834973071863107,14.370921849840533,-23.820616252498382,-0.3075331944960581,-0.18224889683419265,0.9339211283003342,-39.813772933720145,13.77456203825308,-22.454732945801588,0.6448589938935365,-0.14755346313255793,0.7499232317458933
680685.619866,364,0.947534441947937,0.559409596817826,0.2832136015891561,680685.617353-0 680685.622379-1,2.920865323559676,4.180371394503856,27.51442033670195,19.834973071863107,14.370921849840533,-23.820616252498382,-0.3075331944960581,-0.18224889683419265,0.9339211283003342,-39.813772933720145,13.77456203825308,-22.454732945801588,0.6431515338189772,-0.14741397530782005,0.7514154805633447
680685.6252575,364,0.9481868743896484,0.5600954858315028,0.2850943406480826,680685.628136-0 680685.622379-1,2.954863654532879,4.137046288050867,27.54703238384455,19.834973071863107,14.370921849840533,-23.820616252498382,-0.3067561701455037,-0.1834794720217391,0.9339357233901519,-39.813772933720145,13.77456203825308,-22.454732945801588,0.6431515338189772,-0.14741397530782005,0.7514154805633447
680685.6286345001,365,0.9481868743896484,0.5590349427268568,0.2873368130990184,680685.628136-0 680685.629133-1,2.917394255005391,4.094634751717253,27.657439529093427,19.834973071863107,14.370921849840533,-23.820616252498382,-0.3067561701455037,-0.1834794720217391,0.9339357233901519,-39.813772933720145,13.77456203825308,-22.454732945801588,0.641960472763807,-0.1482650680350379,0.7522660573290776
680685.6321325,365,0.8784100115299225,0.5603926374929917,0.28833931703714677,680685.635132-0 680685.629133-1,2.9880813999657487,4.0817639984881575,27.740967114766317,19.834973071863107,14.370921849840533,-23.820616252498382,-0.3051496519661342,-0.1834670889739513,0.9344642942180141,-39.813772933720145,13.77456203825308,-22.454732945801588,0.641960472763807,-0.1482650680350379,0.7522660573290776
680685.636011,365,0.8784100115299225,0.5590375162251817,0.2878246425713076,680685.635132-0 680685.63689-1,2.9421773083611864,4.116722812870967,27.892959456582503,19.834973071863107,14.370921849840533,-23.820616252498382,-0.3051496519661342,-0.1834670889739513,0.9344642942180141,-39.813772933720145,13.77456203825308,-22.454732945801588,0.6404988640369204,-0.14643337195342504,0.753869002377578
680685.639158,365,0.9522519111633301,0.5583798994862041,0.28702953182346724,680685.6414259999-0 680685.63689-1,2.9081259172225895,4.131389906389341,27.854262382311237,19.834973071863107,14.370921849840533,-23.820616252498382,-0.3059224933686606,-0.18319252637843955,0.9342654474667178,-39.813772933720145,13.77456203825308,-22.454732945801588,0.6404988640369204,-0.14643337195342504,0.753869002377578
680685.6432309999,365,0.9522519111633301,0.5575429095370963,0.28866139756533915,680685.6414259999-0 680685.645036-1,2.8782203499870462,4.101247989843728,27.943372457998528,19.834973071863107,14.370921849840533,-23.820616252498382,-0.3059224933686606,-0.18319252637843955,0.9342654474667178,-39.813772933720145,13.77456203825308,-22.454732945801588,0.6395483730604398,-0.1469879126080704,0.7545677120463522
680685.6480145,365,0.9407068192958832,0.5585284555861773,0.29157893779542576,680685.650993-0 680685.645036-1,2.927509054220746,4.032068523982017,27.98985443232484,19.834973071863107,14.370921849840533,-23.820616252498382,-0.30480230097925476,-0.18517138053092871,0.934241466190632,-39.813772933720145,13.77456203825308,-22.454732945801588,0.6395483730604398,-0.1469879126080704,0.7545677120463522
680685.6538235,365,0.9407068192958832,0.5573553362260871,0.2926624631852277,680685.650993-0 680685.6566539999-1,2.88620188520251,4.021382872021967,28.11907995166031,19.834973071863107,14.370921849840533,-23.820616252498382,-0.30480230097925476,-0.18517138053092871,0.934241466190632,-39.813772933720145,13.77456203825308,-22.454732945801588,0.638234020349146,-0.14672787917971034,0.755730285710709
680685.6573005,366,0.8837682604789734,0.5578676479514072,0.2924036765610162,680685.657947-0 680685.6566539999-1,2.913842241581664,4.033754845294323,28.15560289130072,19.834973071863107,14.370921849840533,-23.820616252498382,-0.3041786649655176,-0.18459117090836133,0.9345594894935664,-39.813772933720145,13.77456203825308,-22.454732945801588,0.638234020349146,-0.14672787917971034,0.755730285710709
680685.6614844999,366,0.8837682604789734,0.5575903196182009,0.28717144352456947,680685.657947-0 680685.665022-1,2.9075441010106644,4.1786066051622335,28.201406971885245,19.834973071863107,14.370921849840533,-23.820616252498382,-0.3041786649655176,-0.18459117090836133,0.9345594894935664,-39.813772933720145,13.77456203825308,-22.454732945801588,0.6380325834207295,-0.1418802492852476,0.7568252224630371
680685.665637,366,0.8998056054115295,0.5567802871470124,0.28452569345570766,680685.666252-0 680685.665022-1,2.8670262494900953,4.242629292249136,28.164444189181854,19.834973071863107,14.370921849840533,-23.820616252498382,-0.3050974613102148,-0.18272974177047455,0.9346257970838155,-39.813772933720145,13.77456203825308,-22.454732945801588,0.6380325834207295,-0.1418802492852476,0.7568252224630371
680685.6693265,366,0.8998056054115295,0.5589773275186435,0.2777513320875352,680685.666252-0 680685.6724009999-1,2.947581706717216,4.387607138893196,27.93436093147194,19.834973071863107,14.370921849840533,-23.820616252498382,-0.3050974613102148,-0.18272974177047455,0.9346257970838155,-39.813772933720145,13.77456203825308,-22.454732945801588,0.6405939013323418,-0.138268299041745,0.7553286245442525
680685.6725765,366,0.9115803241729736,0.5591838849086902,0.27204386653440626,680685.672752-0 680685.6724009999-1,2.9649992214060106,4.546841981742704,27.987141058651904,19.834973071863107,14.370921849840533,-23.820616252498382,-0.3047116706227843,-0.1773586265451905,0.9357856140036964,-39.813772933720145,13.77456203825308,-22.454732945801588,0.6405939013323418,-0.138268299041745,0.7553286245442525
680685.6765855,366,0.9115803241729736,0.564385141123797,0.24360420236476032,680685.672752-0 680685.680419-1,3.1608078931789194,5.210886613500276,27.472671406375696,19.834973071863107,14.370921849840533,-23.820616252498382,-0.3047116706227843,-0.1773586265451905,0.9357856140036964,-39.813772933720145,13.77456203825308,-22.454732945801588,0.6468267642760414,-0.11897563432101252,0.7532993664235349
680685.680407,366,0.9208624362945557,0.5569956220786597,0.21831223632025853,680685.680395-0 680685.680419-1,2.8023329216313186,5.805602391558727,27.15372318092045,19.834973071863107,14.370921849840533,-23.820616252498382,-0.312955001848512,-0.15936341434483858,0.9363025520558795,-39.813772933720145,13.77456203825308,-22.454732945801588,0.6468267642760414,-0.11897563432101252,0.7532993664235349
680685.685234,366,1.0,0.5471735995319202,0.17574466718465953,680685.690049-0 680685.680419-1,2.3448314343623533,6.832387823157194,26.769121281178055,19.834973071863107,14.370921849840533,-23.820616252498382,-0.3236127949180746,-0.12696906372984446,0.9376319191563813,-39.813772933720145,13.77456203825308,-22.454732945801588,0.6468267642760414,-0.11897563432101252,0.7532993664235349
680685.690398,367,1.0,0.5473743044466464,0.14954706978620325,680685.690049-0 680685.690747-1,2.3696644301055017,7.540301041340832,26.785615888920866,19.834973071863107,14.370921849840533,-23.820616252498382,-0.3236127949180746,-0.12696906372984446,0.9376319191563813,-39.813772933720145,13.77456203825308,-22.454732945801588,0.6476011379749582,-0.09530480262789885,0.755995873460693
680685.693898,367,0.995,0.5361986792206488,0.10281530535653438,680685.697049-0 680685.690747-1,1.8557966529442567,8.662324412959311,26.31188243862844,19.834973071863107,14.370921849840533,-23.820616252498382,-0.3357330483295619,-0.09069333750519025,0.9375809505272117,-39.813772933720145,13.77456203825308,-22.454732945801588,0.6476011379749582,-0.09530480262789885,0.755995873460693
680685.6970444999,367,0.99,0.5386767758571659,0.053919089751247595,680685.697049-0 680685.69704-1,1.9790504961699682,9.9542195322042,26.070174066420375,19.834973071863107,14.370921849840533,-23.820616252498382,-0.3357330483295619,-0.09069333750519025,0.9375809505272117,-39.813772933720145,13.77456203825308,-22.454732945801588,0.6513517176205997,-0.05191276837301226,0.756998021419174
680685.7006649999,367,0.995,0.5364949053181388,0.033535659612181856,680685.697049-0 680685.704281-1,1.9102899463855874,10.631233530772272,26.289665910951022,19.834973071863107,14.370921849840533,-23.820616252498382,-0.3357330483295619,-0.09069333750519025,0.9375809505272117,-39.813772933720145,13.77456203825308,-22.454732945801588,0.6491905554543997,-0.028308211392714885,0.7600988540160768
680685.704388,367,0.9580287933349609,0.5318847955062573,0.008382143832280864,680685.704495-0 680685.704281-1,1.704131723036804,11.302125150175861,26.110789902454542,19.834973071863107,14.370921849840533,-23.820616252498382,-0.3406340145314816,-0.06802748772331575,0.937731693534041,-39.813772933720145,13.77456203825308,-22.454732945801588,0.6491905554543997,-0.028308211392714885,0.7600988540160768
680685.7084655,367,0.9580287933349609,0.531664971661084,-0.0005277136866141952,680685.704495-0 680685.712436-1,1.7009932483464532,11.578298325582397,26.12403450534551,19.834973071863107,14.370921849840533,-23.820616252498382,-0.3406340145314816,-0.06802748772331575,0.937731693534041,-39.813772933720145,13.77456203825308,-22.454732945801588,0.6490716458619838,-0.018796217853035993,0.7604950366257734
680685.712436,367,0.9238971769809723,0.5320435181177402,-0.013987879818429194,680685.712436-0 680685.712436-1,1.7327116035985366,12.025747409230224,26.194290489294485,19.834973071863107,14.370921849840533,-23.820616252498382,-0.3399121945594306,-0.052574425346881205,0.9389864907384115,-39.813772933720145,13.77456203825308,-22.454732945801588,0.6490716458619838,-0.018796217853035993,0.7604950366257734
680685.7171555,367,0.9238971769809723,0.5319279095846687,-0.011657997904694017,680685.712436-0 680685.7218749999-1,1.7266946924783557,11.960386078288554,26.210243555632783,19.834973071863107,14.370921849840533,-23.820616252498382,-0.3399121945594306,-0.052574425346881205,0.9389864907384115,-39.813772933720145,13.77456203825308,-22.454732945801588,0.6488931655047626,-0.02102435550953905,0.7605890061239495
680685.72142,367,0.9287853538990021,0.5336976201655421,-0.011362417523298474,680685.720965-0 680685.7218749999-1,1.8160135917973914,12.002603853459913,26.317822333219667,19.834973071863107,14.370921849840533,-23.820616252498382,-0.3378060021462618,-0.051005348181528146,0.9398327294635151,-39.813772933720145,13.77456203825308,-22.454732945801588,0.6488931655047626,-0.02102435550953905,0.7605890061239495
680685.725151,368,0.9669650197029114,0.535585807989681,-0.013293910317918378,680685.728427-0 680685.7218749999-1,1.9144869591080553,12.121923206700004,26.440657089535154,19.834973071863107,14.370921849840533,-23.820616252498382,-0.33549437679485056,-0.04678603095641564,0.9408796896768364,-39.813772933720145,13.77456203825308,-22.454732945801588,0.6488931655047626,-0.02102435550953905,0.7605890061239495
680685.7289895,368,0.9669650197029114,0.5327558434175685,-0.005650498650423108,680685.728427-0 680685.729552-1,1.7980313893654731,12.025210658919349,26.766249073694286,19.834973071863107,14.370921849840533,-23.820616252498382,-0.33549437679485056,-0.04678603095641564,0.9408796896768364,-39.813772933720145,13.77456203825308,-22.454732945801588,0.645340920059587,-0.023980021976365142,0.7635182089791042
680685.734005,368,0.9376591444015503,0.5328918598403745,-0.005906428598768443,680685.738458-0 680685.729552-1,1.8052793045936042,12.037639507231718,26.77555499845572,19.834973071863107,14.370921849840533,-23.820616252498382,-0.33532542623959943,-0.046352658100876576,0.9409613645650996,-39.813772933720145,13.77456203825308,-22.454732945801588,0.645340920059587,-0.023980021976365142,0.7635182089791042
680685.737629,368,0.9376591444015503,0.5327535800632501,-0.00452936778823676,680685.738458-0 680685.7368-1,1.7988858040338158,12.001881187606896,26.79297455857084,19.834973071863107,14.370921849840533,-23.820616252498382,-0.33532542623959943,-0.046352658100876576,0.9409613645650996,-39.813772933720145,13.77456203825308,-22.454732945801588,0.6451472552595351,-0.025178943675918063,0.7636432673876284
680685.741405,368,0.9376591444015503,0.53150474190583,0.001307308035234489,680685.738458-0 680685.744352-1,1.7453029863114438,11.882571767555833,26.941312638363094,19.834973071863107,14.370921849840533,-23.820616252498382,-0.33532542623959943,-0.046352658100876576,0.9409613645650996,-39.813772933720145,13.77456203825308,-22.454732945801588,0.6435165643602837,-0.029070172603024337,0.7648799621239708
680685.7443434999,368,0.9541324079036713,0.5335062225575634,0.0004116794066749696,680685.7443349999-0 680685.744352-1,1.849741401198301,11.970472885208167,27.070539861127617,19.834973071863107,14.370921849840533,-23.820616252498382,-0.33289123589764064,-0.043223344490972544,0.9419740800858355,-39.813772933720145,13.77456203825308,-22.454732945801588,0.6435165643602837,-0.029070172603024337,0.7648799621239708
680685.7495875,368,0.9652815759181976,0.5331846215369602,-0.0010620278496733526,680685.7548229999-0 680685.744352-1,1.8344050705695079,12.009496404317108,27.05432159003773,19.834973071863107,14.370921849840533,-23.820616252498382,-0.33325347308365755,-0.041917736957081016,0.9419049983974375,-39.813772933720145,13.77456203825308,-22.454732945801588,0.6435165643602837,-0.029070172603024337,0.7648799621239708
680685.7548095,368,0.9652815759181976,0.5307178268462021,0.004971143565063008,680685.7548229999-0 680685.754796-1,1.731051234509076,11.94315635194613,27.34532661094117,19.834973071863107,14.370921849840533,-23.820616252498382,-0.33325347308365755,-0.041917736957081016,0.9419049983974375,-39.813772933720145,13.77456203825308,-22.454732945801588,0.6403589053117162,-0.03099637949565694,0.7674501266181025
680685.7583255,369,0.9652815759181976,0.52722141031635,0.010491114396801615,680685.7548229999-0 680685.761828-1,1.5835386381500207,11.943981772474249,27.76267674565445,19.834973071863107,14.370921849840533,-23.820616252498382,-0.33325347308365755,-0.041917736957081016,0.9419049983974375,-39.813772933720145,13.77456203825308,-22.454732945801588,0.6358580896645598,-0.03050952805441089,0.7712027350224023
680685.761835,369,0.9297290146350861,0.528117873661022,0.010529263239999698,680685.761842-0 680685.761828-1,1.6305293292312477,11.96888305980671,27.821063775365086,19.834973071863107,14.370921849840533,-23.820616252498382,-0.33216684385340733,-0.041018345806090324,0.9423283308655206,-39.813772933720145,13.77456203825308,-22.454732945801588,0.6358580896645598,-0.03050952805441089,0.7712027350224023
680685.7668844999,369,0.9297290146350861,0.5216330442262633,0.015610020365375066,680685.761842-0 680685.771927-1,1.3499320888771873,12.139446797517309,28.621779760831224,19.834973071863107,14.370921849840533,-23.820616252498382,-0.33216684385340733,-0.041018345806090324,0.9423283308655206,-39.836104621004246,14.192093377127293,-21.558504069390143,0.6341129473718382,-0.030683534064212165,0.772631406760514
680685.771849,369,0.8961693346500397,0.5209577152877931,0.014812973204705204,680685.771771-0 680685.771927-1,1.3146371327281834,12.146800094165439,28.57902750235388,19.834973071863107,14.370921849840533,-23.820616252498382,-0.3329737754995294,-0.04082072471340682,0.9420520862794484,-39.836104621004246,14.192093377127293,-21.558504069390143,0.6341129473718382,-0.030683534064212165,0.772631406760514
680685.7749610001,369,0.9371592700481415,0.5240187935519176,0.016440804618924942,680685.777995-0 680685.771927-1,1.4767080268980628,12.180786322259891,28.778337819567547,19.834973071863107,14.370921849840533,-23.820616252498382,-0.3292742371842346,-0.039470507241510654,0.94340900768693,-39.836104621004246,14.192093377127293,-21.558504069390143,0.6341129473718382,-0.030683534064212165,0.772631406760514
680685.7780800001,369,0.9371592700481415,0.5214646795762226,0.02352251881636158,680685.777995-0 680685.778165-1,1.36024473584051,12.083256006672064,29.108795689215377,19.834973071863107,14.370921849840533,-23.820616252498382,-0.3292742371842346,-0.039470507241510654,0.94340900768693,-39.836104621004246,14.192093377127293,-21.558504069390143,0.6305341957206038,-0.03357913061575822,0.7754347619329826
680685.783378,369,0.9519694149494171,0.525044279019117,0.027411297718059724,680685.788591-0 680685.778165-1,1.551800900313573,12.054990774145065,29.34367721066271,19.810830831295853,14.403192514492243,-23.689251720920165,-0.32525843150776235,-0.0408085646011302,0.9447442054801425,-39.836104621004246,14.192093377127293,-21.558504069390143,0.6305341957206038,-0.03357913061575822,0.7754347619329826
680685.7887800001,369,0.9519694149494171,0.5231097143577574,0.03429796869238699,680685.788591-0 680685.788969-1,1.4620772995038962,11.928698883887115,29.599520696131684,19.810830831295853,14.403192514492243,-23.689251720920165,-0.32525843150776235,-0.0408085646011302,0.9447442054801425,-39.836104621004246,14.192093377127293,-21.558504069390143,0.6277677760734995,-0.03745987993497798,0.7774987953167449
680685.792018,370,0.8595176041126251,0.5224494512290476,0.03431232826819974,680685.795067-0 680685.788969-1,1.4259880238467044,11.90920341427604,29.553851505835258,19.810830831295853,14.403192514492243,-23.689251720920165,-0.32607421259070973,-0.04150484980311887,0.9444326102619335,-39.836104621004246,14.192093377127293,-21.558504069390143,0.6277677760734995,-0.03745987993497798,0.7774987953167449
680685.7953339999,370,0.8595176041126251,0.5190842092133392,0.04064740603639705,680685.795067-0 680685.795601-1,1.2699199217339423,11.87583770529195,30.005290859942868,19.810830831295853,14.403192514492243,-23.689251720920165,-0.32607421259070973,-0.04150484980311887,0.9444326102619335,-39.836104621004246,14.192093377127293,-21.558504069390143,0.6229719086666895,-0.03804544458868844,0.7813184659012169
680685.7988745,370,0.8974967002868652,0.5188785247409595,0.04163275139776723,680685.802148-0 680685.795601-1,1.258115956457413,11.836204698536456,29.9886298252037,19.810830831295853,14.403192514492243,-23.689251720920165,-0.32633911535205284,-0.04282091888442669,0.9442823469159702,-39.836104621004246,14.192093377127293,-21.558504069390143,0.6229719086666895,-0.03804544458868844,0.7813184659012169
680685.8023659999,370,0.8974967002868652,0.5168855035249976,0.04733907537676696,680685.802148-0 680685.8025839999-1,1.1630298896990237,11.750556105818545,30.260398592439298,19.810830831295853,14.403192514492243,-23.689251720920165,-0.32633911535205284,-0.04282091888442669,0.9442823469159702,-39.836104621004246,14.192093377127293,-21.558504069390143,0.6200574528113065,-0.04052428506737088,0.7835091177088706
680685.8062014999,370,0.9204357266426086,0.517204760402625,0.0480745312250801,680685.809819-0 680685.8025839999-1,1.1801952638980122,11.734335355737688,30.281382203029573,19.810830831295853,14.403192514492243,-23.689251720920165,-0.3259531534805803,-0.04332237075057854,0.9443927752416441,-39.836104621004246,14.192093377127293,-21.558504069390143,0.6200574528113065,-0.04052428506737088,0.7835091177088706
680685.8099855,370,0.9204357266426086,0.5152809551422382,0.052117067820495966,680685.809819-0 680685.8101519999-1,1.08783608492217,11.700233464584645,30.54793241499513,19.810830831295853,14.403192514492243,-23.689251720920165,-0.3259531534805803,-0.04332237075057854,0.9443927752416441,-39.836104621004246,14.192093377127293,-21.558504069390143,0.6172304371768008,-0.04131591277140107,0.7856968771570886
680685.8140375,370,0.9330447018146515,0.5154073309506051,0.0551870480863329,680685.817923-0 680685.8101519999-1,1.0934104941559788,11.598192274221311,30.550057866571628,19.810830831295853,14.403192514492243,-23.689251720920165,-0.3258258863190881,-0.04662855871982161,0.9442792327040199,-39.836104621004246,14.192093377127293,-21.558504069390143,0.6172304371768008,-0.04131591277140107,0.7856968771570886
680685.8183295,370,0.9330447018146515,0.5135163957305026,0.05802244785053512,680685.817923-0 680685.818736-1,1.0018780813100268,11.602428443098567,30.816169088196848,19.810830831295853,14.403192514492243,-23.689251720920165,-0.3258258863190881,-0.04662855871982161,0.9442792327040199,-39.836104621004246,14.192093377127293,-21.558504069390143,0.6144335105184418,-0.040851308715613883,0.7879102942138816
680685.8229055,370,0.9545234143733978,0.5128778349312014,0.058432081587042384,680685.827075-0 680685.818736-1,0.9665008652844911,11.570546284884188,30.769044320130945,19.810830831295853,14.403192514492243,-23.689251720920165,-0.3266156767199857,-0.0477215252849006,0.9439517232068747,-39.836104621004246,14.192093377127293,-21.558504069390143,0.6144335105184418,-0.040851308715613883,0.7879102942138816
680685.8273710001,370,0.9545234143733978,0.5120820278081023,0.05909261057871884,680685.827075-0 680685.827667-1,0.9276983043397848,11.590460764617744,30.882405490290356,19.810830831295853,14.403192514492243,-23.689251720920165,-0.3266156767199857,-0.0477215252849006,0.9439517232068747,-39.836104621004246,14.192093377127293,-21.558504069390143,0.6132505628673722,-0.04006803742285058,0.7888715354986083
680685.8313849999,371,0.9596929550170898,0.5114982294001222,0.06099296442651159,680685.8351029999-0 680685.827667-1,0.8948589815384675,11.508726890837,30.835669370268533,19.810830831295853,14.403192514492243,-23.689251720920165,-0.3273477452584461,-0.05042296675678149,0.9435576177943008,-39.836104621004246,14.192093377127293,-21.558504069390143,0.6132505628673722,-0.04006803742285058,0.7888715354986083
680685.8352854999,371,0.9596929550170898,0.5108161733340958,0.060596752795159636,680685.8351029999-0 680685.835468-1,0.8616665892850897,11.558377005603042,30.933873418949652,19.810830831295853,14.403192514492243,-23.689251720920165,-0.3273477452584461,-0.05042296675678149,0.9435576177943008,-39.836104621004246,14.192093377127293,-21.558504069390143,0.6122400405498736,-0.03834234213806643,0.7897417283814099
680685.839413,371,0.9281270802021027,0.5107247929277977,0.061588755141240736,680685.843358-0 680685.835468-1,0.8562918958933512,11.521560219123556,30.92486524703566,19.810830831295853,14.403192514492243,-23.689251720920165,-0.3274672307251242,-0.05162239374980894,0.9434512924707654,-39.836104621004246,14.192093377127293,-21.558504069390143,0.6122400405498736,-0.03834234213806643,0.7897417283814099
680685.84273,371,0.9281270802021027,0.5105301617401243,0.06375516191031005,680685.843358-0 680685.842102-1,0.8461026403484464,11.458438979848752,30.95136531580021,19.810830831295853,14.403192514492243,-23.689251720920165,-0.3274672307251242,-0.05162239374980894,0.9434512924707654,-39.836104621004246,14.192093377127293,-21.558504069390143,0.6119305133124613,-0.04034432837143859,0.7898818785396997
680685.847177,371,0.9281270802021027,0.5115474732122574,0.06258632701486389,680685.843358-0 680685.850996-1,0.8961313937144144,11.444329268701557,30.806170844675922,19.810830831295853,14.403192514492243,-23.689251720920165,-0.3274672307251242,-0.05162239374980894,0.9434512924707654,-39.836104621004246,14.192093377127293,-21.558504069390143,0.6134529879225324,-0.04098713466559226,0.7886669045933281
680685.850875,371,0.9800457060337067,0.5125617681592516,0.06370537960177736,680685.850754-0 680685.850996-1,0.9514860052531873,11.43361754569588,30.87694017398046,19.810830831295853,14.403192514492243,-23.689251720920165,-0.32623058848889763,-0.051869005913916244,0.9438660971555708,-39.836104621004246,14.192093377127293,-21.558504069390143,0.6134529879225324,-0.04098713466559226,0.7886669045933281
680685.8547370001,371,0.9231494963169098,0.5119825993123736,0.0647105953111975,680685.858478-0 680685.850996-1,0.9192349347183644,11.383184324117323,30.83245519401032,19.810830831295853,14.403192514492243,-23.689251720920165,-0.326950092620403,-0.053559482538091396,0.9435226646804844,-39.836104621004246,14.192093377127293,-21.558504069390143,0.6134529879225324,-0.04098713466559226,0.7886669045933281
680685.8586555,371,0.9231494963169098,0.512267946454653,0.06235529612184032,680685.858478-0 680685.858833-1,0.9338293972589433,11.447663917563847,30.793284540218405,19.810830831295853,14.403192514492243,-23.689251720920165,-0.326950092620403,-0.053559482538091396,0.9435226646804844,-39.836104621004246,14.192093377127293,-21.558504069390143,0.6138971856917627,-0.03895570909011479,0.788424186671756
680685.8639024999,372,0.9219242334365845,0.5119513712807994,0.0628819466244348,680685.868972-0 680685.858833-1,0.9162492776703512,11.420866849439811,30.769057487885995,19.810830831295853,14.403192514492243,-23.689251720920165,-0.32734278328342753,-0.054459180844440874,0.9433349881426064,-39.836104621004246,14.192093377127293,-21.558504069390143,0.6138971856917627,-0.03895570909011479,0.788424186671756
680685.869075,372,0.9219242334365845,0.5127064865054155,0.06175452295300787,680685.868972-0 680685.869178-1,0.9530897398236764,11.419339761784446,30.662534458995857,19.810830831295853,14.403192514492243,-23.689251720920165,-0.32734278328342753,-0.054459180844440874,0.9433349881426064,-39.836104621004246,14.192093377127293,-21.558504069390143,0.6150198020248844,-0.03914469946246324,0.7875394184555242
680685.8721355,372,0.9156980514526367,0.510299482878531,0.06353830568721686,680685.875093-0 680685.869178-1,0.8213883843114154,11.293056313019974,30.48554142008979,19.810830831295853,14.403192514492243,-23.689251720920165,-0.3302938494744705,-0.05880658307699947,0.9420444569053754,-39.836104621004246,14.192093377127293,-21.558504069390143,0.6150198020248844,-0.03914469946246324,0.7875394184555242
680685.8752,372,0.9156980514526367,0.510817476984345,0.06399941986135316,680685.875093-0 680685.875307-1,0.8462596399886326,11.250974247719425,30.412374263276657,19.810830831295853,14.403192514492243,-23.689251720920165,-0.3302938494744705,-0.05880658307699947,0.9420444569053754,-39.836104621004246,14.192093377127293,-21.558504069390143,0.6157759640183418,-0.04061230425671176,0.786873943449802
680685.8781805,372,0.968903660774231,0.510995123389937,0.06446661463565706,680685.881054-0 680685.875307-1,0.85569761605114,11.239844694198023,30.42375773192469,19.810830831295853,14.403192514492243,-23.689251720920165,-0.3300817864165983,-0.05915061008324218,0.9420972453005089,-39.836104621004246,14.192093377127293,-21.558504069390143,0.6157759640183418,-0.04061230425671176,0.786873943449802
680685.8812685,372,0.968903660774231,0.5125677948978713,0.06170923935217065,680685.881054-0 680685.881483-1,0.9317518095190724,11.250938492469945,30.20656040324785,19.810830831295853,14.403192514492243,-23.689251720920165,-0.3300817864165983,-0.05915061008324218,0.9420972453005089,-39.836104621004246,14.192093377127293,-21.558504069390143,0.618089036732924,-0.04055620578133137,0.7850612312700127
680685.8859745,372,0.9254412949085236,0.5117320541052391,0.0628475490512661,680685.890466-0 680685.881483-1,0.8863434807491686,11.19012556812174,30.144686572754953,19.810830831295853,14.403192514492243,-23.689251720920165,-0.33110401454637256,-0.06122569391563694,0.9416058336458117,-39.836104621004246,14.192093377127293,-21.558504069390143,0.618089036732924,-0.04055620578133137,0.7850612312700127
680685.891155,372,0.9254412949085236,0.5118477759684421,0.06383125642782506,680685.890466-0 680685.891844-1,0.8915349217883843,11.15177491653769,30.127957775818047,19.810830831295853,14.403192514492243,-23.689251720920165,-0.33110401454637256,-0.06122569391563694,0.9416058336458117,-39.836104621004246,14.192093377127293,-21.558504069390143,0.618247477888742,-0.04183058828526499,0.7848695802284085
680685.895676,372,0.929030567407608,0.511415620001522,0.06640719306859322,680685.899508-0 680685.891844-1,0.8674334116481859,11.053628663614168,30.090510361422403,19.810830831295853,14.403192514492243,-23.689251720920165,-0.33164694351312385,-0.06448331508777644,0.9411972199989188,-39.836104621004246,14.192093377127293,-21.558504069390143,0.618247477888742,-0.04183058828526499,0.7848695802284085
680685.8993565,373,0.929030567407608,0.5122164748370659,0.06598525687086676,680685.899508-0 680685.899205-1,0.9054701142468797,11.02744934552572,29.98082194724921,19.810830831295853,14.403192514492243,-23.689251720920165,-0.33164694351312385,-0.06448331508777644,0.9411972199989188,-39.836104621004246,14.192093377127293,-21.558504069390143,0.6194039882033023,-0.04285020905979183,0.7839021360995103
680685.903493,373,0.929030567407608,0.5136002202483775,0.06448669033788168,680685.899508-0 680685.907478-1,0.9708380014798976,11.007751536106301,29.793584346910833,19.810830831295853,14.403192514492243,-23.689251720920165,-0.33164694351312385,-0.06448331508777644,0.9411972199989188,-39.836104621004246,14.192093377127293,-21.558504069390143,0.6213929012983143,-0.043779349083320915,0.782275035272061
680685.9075315001,373,0.9604238867759705,0.512996692500874,0.06740084479739139,680685.907585-0 680685.907478-1,0.9375764943242917,10.894929723492368,29.743373810813473,19.810830831295853,14.403192514492243,-23.689251720920165,-0.3323992448540486,-0.06825984626867347,0.9406653684535404,-39.836104621004246,14.192093377127293,-21.558504069390143,0.6213929012983143,-0.043779349083320915,0.782275035272061
680685.9107665,373,0.9604238867759705,0.5149941796060415,0.06493191911340468,680685.907585-0 680685.913948-1,1.0307579768731703,10.87759450710261,29.47766491402451,19.810830831295853,14.403192514492243,-23.689251720920165,-0.3323992448540486,-0.06825984626867347,0.9406653684535404,-39.836104621004246,14.192093377127293,-21.558504069390143,0.6242293812728475,-0.044771595950609054,0.7799571678956181
680685.9140855,373,0.945154994726181,0.5153910647757344,0.06623371928455069,680685.9142229999-0 680685.913948-1,1.0511702329623756,10.844736415700314,29.500817552595294,19.810830831295853,14.403192514492243,-23.689251720920165,-0.33193626310364555,-0.06929863807508863,0.9407528984795769,-39.836104621004246,14.192093377127293,-21.558504069390143,0.6242293812728475,-0.044771595950609054,0.7799571678956181
680685.9177925,373,0.945154994726181,0.515483466052921,0.0647586326809817,680685.9142229999-0 680685.9213619999-1,1.0559435142159739,10.887838429271802,29.4895940344776,19.810830831295853,14.403192514492243,-23.689251720920165,-0.33193626310364555,-0.06929863807508863,0.9407528984795769,-39.836104621004246,14.192093377127293,-21.558504069390143,0.6243739022592021,-0.04337278397483784,0.7799205291488924
680685.9213294999,373,0.9847472012042999,0.5144444503693928,0.0656825937622385,680685.921297-0 680685.9213619999-1,1.0006615263436256,10.8305064847582,29.415836585521458,19.810830831295853,14.403192514492243,-23.689251720920165,-0.3331911942954504,-0.07131097960341741,0.9401586952381882,-39.836104621004246,14.192093377127293,-21.558504069390143,0.6243739022592021,-0.04337278397483784,0.7799205291488924
680685.925823,373,0.9376367926597595,0.5149907555034192,0.06848308094414868,680685.930284-0 680685.9213619999-1,1.0282263216271215,10.75199560137393,29.4441967432965,19.810830831295853,14.403192514492243,-23.689251720920165,-0.33256598556339495,-0.073840261218174,0.9401848121882631,-39.836104621004246,14.192093377127293,-21.558504069390143,0.6243739022592021,-0.04337278397483784,0.7799205291488924
680685.930437,374,0.9376367926597595,0.5155326558597365,0.06879225022641378,680685.930284-0 680685.93059-1,1.0528367349965517,10.716264062995727,29.372343806911765,19.810830831295853,14.403192514492243,-23.689251720920165,-0.33256598556339495,-0.073840261218174,0.9401848121882631,-39.836104621004246,14.192093377127293,-21.558504069390143,0.6251246920026263,-0.04466864542854923,0.7792456811328505
680685.9341945,374,0.9182047843933105,0.5150409105435279,0.06978006710338347,680685.937799-0 680685.93059-1,1.026525116570049,10.671305278391829,29.335725177580347,19.810830831295853,14.403192514492243,-23.689251720920165,-0.3331641446494276,-0.07538567860884217,0.9398503349899384,-39.836104621004246,14.192093377127293,-21.558504069390143,0.6251246920026263,-0.04466864542854923,0.7792456811328505
680685.9378219999,374,0.9182047843933105,0.5153100089843013,0.07360952393112352,680685.937799-0 680685.937845-1,1.0373770573313532,10.53646220406133,29.297007353559614,19.810830831295853,14.403192514492243,-23.689251720920165,-0.3331641446494276,-0.07538567860884217,0.9398503349899384,-39.836104621004246,14.192093377127293,-21.558504069390143,0.6254586765888093,-0.049176953431865955,0.778706023561482
680685.9411144999,374,0.8944367468357086,0.5144628738349739,0.07425041677801592,680685.944384-0 680685.937845-1,0.9927841547487599,10.494504498610333,29.237720322281973,19.810830831295853,14.403192514492243,-23.689251720920165,-0.33417857317293903,-0.07688060854538303,0.9393689654559545,-39.836104621004246,14.192093377127293,-21.558504069390143,0.6254586765888093,-0.049176953431865955,0.778706023561482
680685.9443835,374,0.8944367468357086,0.5163697174314141,0.0736105815856638,680685.944384-0 680685.944383-1,1.078964446094993,10.426593084964612,28.98985199452466,19.810830831295853,14.403192514492243,-23.689251720920165,-0.33417857317293903,-0.07688060854538303,0.9393689654559545,-39.836104621004246,14.192093377127293,-21.558504069390143,0.6280832967119655,-0.05186774134980199,0.7764155522648287
680685.9496045001,374,0.8944367468357086,0.516753644465525,0.07610816981799151,680685.944384-0 680685.954825-1,1.095129485238413,10.330383951249672,28.937634740588436,19.810830831295853,14.403192514492243,-23.689251720920165,-0.33417857317293903,-0.07688060854538303,0.9393689654559545,-39.836104621004246,14.192093377127293,-21.558504069390143,0.6285774178846483,-0.055146459635251686,0.7757894673912283
680685.954704,374,0.9017917215824127,0.5161853609109974,0.0774468369565745,680685.954583-0 680685.954825-1,1.065063202124426,10.273516433637278,28.895515188326485,19.810830831295853,14.403192514492243,-23.689251720920165,-0.33486506317251435,-0.07884669371172658,0.9389614413580556,-39.836104621004246,14.192093377127293,-21.558504069390143,0.6285774178846483,-0.055146459635251686,0.7757894673912283
680685.9588915,375,0.9521293938159943,0.5166219643064242,0.07886633836876278,680685.962958-0 680685.954825-1,1.0870117837594417,10.238424066702109,28.919755512505823,19.810830831295853,14.403192514492243,-23.689251720920165,-0.3343641432873448,-0.07995616542562461,0.9390461284165703,-39.836104621004246,14.192093377127293,-21.558504069390143,0.6285774178846483,-0.055146459635251686,0.7757894673912283
680685.9627575,375,0.9521293938159943,0.517646386991562,0.0802781464087553,680685.962958-0 680685.962557-1,1.1317999144153976,10.148464759202419,28.786684081965106,19.810830831295853,14.403192514492243,-23.689251720920165,-0.3343641432873448,-0.07995616542562461,0.9390461284165703,-39.836104621004246,14.192093377127293,-21.558504069390143,0.6299436067895966,-0.058383346306388056,0.7744433078921804
680685.967529,375,0.9521293938159943,0.5187975097148149,0.08078855824649356,680685.962958-0 680685.9721-1,1.1820351192766871,10.08172145029057,28.639601861829675,19.810830831295853,14.403192514492243,-23.689251720920165,-0.3343641432873448,-0.07995616542562461,0.9390461284165703,-39.836104621004246,14.192093377127293,-21.558504069390143,0.6314761991210446,-0.06088880889098784,0.7730008815619006
680685.972233,375,0.9721845090389252,0.5182878851847131,0.08139810007398296,680685.972366-0 680685.9721-1,1.155504395752157,10.050297488781748,28.60418073250864,19.810830831295853,14.403192514492243,-23.689251720920165,-0.33497152940736474,-0.08107592562236479,0.9387335984031719,-39.836104621004246,14.192093377127293,-21.558504069390143,0.6314761991210446,-0.06088880889098784,0.7730008815619006
680685.9756044999,375,0.9721845090389252,0.5175454625154045,0.08578996547284423,680685.972366-0 680685.978843-1,1.1212549249332735,9.94657613438638,28.692529863280278,19.810830831295853,14.403192514492243,-23.689251720920165,-0.33497152940736474,-0.08107592562236479,0.9387335984031719,-39.836104621004246,14.192093377127293,-21.558504069390143,0.6304333420733014,-0.0641486352543662,0.7735882327164044
680685.9795504999,375,0.9429202973842621,0.5171132965121095,0.08897383356701105,680685.980258-0 680685.978843-1,1.097593277349512,9.835878577698058,28.653419028219293,19.810830831295853,14.403192514492243,-23.689251720920165,-0.33551296446557366,-0.08483148628218763,0.9382082229498299,-39.836104621004246,14.192093377127293,-21.558504069390143,0.6304333420733014,-0.0641486352543662,0.7735882327164044
680685.98341,375,0.9429202973842621,0.5174556375208981,0.09119728460593046,680685.980258-0 680685.986562-1,1.1117059263639817,9.752645775886952,28.606643019419884,19.810830831295853,14.403192514492243,-23.689251720920165,-0.33551296446557366,-0.08483148628218763,0.9382082229498299,-39.836104621004246,14.192093377127293,-21.558504069390143,0.6308636877870352,-0.0670085888294206,0.7729947324884121
680685.98882,375,0.9375782608985901,0.5179092438098627,0.09300310885549357,680685.9910779999-0 680685.986562-1,1.1340653289523672,9.70621032121646,28.62999736939337,19.810830831295853,14.403192514492243,-23.689251720920165,-0.3350011197569201,-0.08631459581953045,0.9382558501337046,-39.836104621004246,14.192093377127293,-21.558504069390143,0.6308636877870352,-0.0670085888294206,0.7729947324884121
680685.9932905,376,0.9375782608985901,0.5173681935785749,0.09615438541262811,680685.9910779999-0 680685.995503-1,1.1091926566415466,9.632098940351279,28.693723112259608,19.810830831295853,14.403192514492243,-23.689251720920165,-0.3350011197569201,-0.08631459581953045,0.9382558501337046,-39.836104621004246,14.192093377127293,-21.558504069390143,0.6301063703096128,-0.06932341972548325,0.7734081881987088
680685.9963499999,376,0.9656954705715179,0.5179080693506906,0.0975206809970397,680685.997197-0 680685.995503-1,1.1362265805611234,9.60136796270222,28.72432718106416,19.810830831295853,14.403192514492243,-23.689251720920165,-0.33438300419872086,-0.08725700058098518,0.9383891635950663,-39.836104621004246,14.192093377127293,-21.558504069390143,0.6301063703096128,-0.06932341972548325,0.7734081881987088
680686.0003615,376,0.9656954705715179,0.5182214467786282,0.0986274275828447,680685.997197-0 680686.003526-1,1.1494489249230408,9.554237092232697,28.682652932876582,19.810830831295853,14.403192514492243,-23.689251720920165,-0.33438300419872086,-0.08725700058098518,0.9383891635950663,-39.836104621004246,14.192093377127293,-21.558504069390143,0.6305096016604055,-0.07097619400608542,0.7729295065518247
680686.0039845,376,0.9484051167964935,0.5160527521172591,0.10040408874173123,680686.004443-0 680686.003526-1,1.0381039069967937,9.450606903581441,28.535072944108716,19.810830831295853,14.403192514492243,-23.689251720920165,-0.3369321277900723,-0.09105305556096183,0.9371158318670466,-39.836104621004246,14.192093377127293,-21.558504069390143,0.6305096016604055,-0.07097619400608542,0.7729295065518247
680686.0080275,376,0.9484051167964935,0.516008471566998,0.10153670426434569,680686.004443-0 680686.011612-1,1.0357537412927247,9.417861570695862,28.538641183820758,19.810830831295853,14.403192514492243,-23.689251720920165,-0.3369321277900723,-0.09105305556096183,0.9371158318670466,-39.836104621004246,14.192093377127293,-21.558504069390143,0.6304383849411506,-0.07205369167853425,0.7728879015150181
680686.012112,376,0.9434743523597717,0.5163272351200339,0.10189704365157237,680686.012612-0 680686.011612-1,1.0517625478257937,9.413645390831483,28.558034533455487,19.810830831295853,14.403192514492243,-23.689251720920165,-0.3365653046623225,-0.09114373970990412,0.9372388246382302,-39.836104621004246,14.192093377127293,-21.558504069390143,0.6304383849411506,-0.07205369167853425,0.7728879015150181
680686.0170015,376,0.9434743523597717,0.5176261120687963,0.1010828746391984,680686.012612-0 680686.021391-1,1.1085069243301948,9.385155572655513,28.39589120022848,19.810830831295853,14.403192514492243,-23.689251720920165,-0.3365653046623225,-0.09114373970990412,0.9372388246382302,-39.836104621004246,14.192093377127293,-21.558504069390143,0.632164451931086,-0.07337715511776989,0.771351994112605
680686.0213575,376,0.9321193993091583,0.518476409762383,0.10108000313102572,680686.021324-0 680686.021391-1,1.151634517522817,9.403889580312649,28.450817352652976,19.810830831295853,14.403192514492243,-23.689251720920165,-0.3355760439731719,-0.09038245633479937,0.937667174587126,-39.836104621004246,14.192093377127293,-21.558504069390143,0.632164451931086,-0.07337715511776989,0.771351994112605
680686.025535,377,0.9148430228233337,0.5171527028151391,0.10149998552465733,680686.029679-0 680686.021391-1,1.0843826080866599,9.3619101261345,28.36390433908039,19.810830831295853,14.403192514492243,-23.689251720920165,-0.33711908788774203,-0.09199714193098499,0.9369563738287215,-39.836104621004246,14.192093377127293,-21.558504069390143,0.632164451931086,-0.07337715511776989,0.771351994112605
680686.0297584999,377,0.9148430228233337,0.5168270023119218,0.1020157857805365,680686.029679-0 680686.029838-1,1.070081271471432,9.359540260971578,28.40379790878229,19.810830831295853,14.403192514492243,-23.689251720920165,-0.33711908788774203,-0.09199714193098499,0.9369563738287215,-39.836104621004246,14.192093377127293,-21.558504069390143,0.6317296303260571,-0.07336187389822525,0.7717096018751122
680686.0336684999,377,0.8834868967533112,0.5169251965822401,0.10207715330153433,680686.037499-0 680686.029838-1,1.0750160081370232,9.359779910560267,28.40990609548955,19.810830831295853,14.403192514492243,-23.689251720920165,-0.3370058397938182,-0.09197353878582694,0.9369994301535488,-39.836104621004246,14.192093377127293,-21.558504069390143,0.6317296303260571,-0.07336187389822525,0.7717096018751122
680686.037794,377,0.8834868967533112,0.5171010875225497,0.10017094593464193,680686.037499-0 680686.038089-1,1.0833632482499898,9.410492674290401,28.39125000370018,19.810830831295853,14.403192514492243,-23.689251720920165,-0.3370058397938182,-0.09197353878582694,0.9369994301535488,-39.836104621004246,14.192093377127293,-21.558504069390143,0.6319831708631279,-0.07172125700649103,0.7716562272405991
680686.0412035,377,0.931991696357727,0.51540936915719,0.1002376737499765,680686.044318-0 680686.038089-1,0.9981384784292491,9.371510214654798,28.282349054752263,19.810830831295853,14.403192514492243,-23.689251720920165,-0.3389639806410949,-0.0935460265213767,0.9361370416504227,-39.836104621004246,14.192093377127293,-21.558504069390143,0.6319831708631279,-0.07172125700649103,0.7716562272405991
680686.044988,377,0.931991696357727,0.5148566885808326,0.10319528597074779,680686.044318-0 680686.0456579999-1,0.9730228863116324,9.30446230709178,28.34603791885372,19.810830831295853,14.403192514492243,-23.689251720920165,-0.3389639806410949,-0.0935460265213767,0.9361370416504227,-39.836104621004246,14.192093377127293,-21.558504069390143,0.6312219105985557,-0.07379983525799023,0.7720832104742353
680686.050182,377,0.9352197051048279,0.5156201367657199,0.10570999413185511,680686.054706-0 680686.0456579999-1,1.01033788134702,9.243300700205571,28.38592814908379,19.810830831295853,14.403192514492243,-23.689251720920165,-0.33810720813002026,-0.09547176204654105,0.9362524544492535,-39.836104621004246,14.192093377127293,-21.558504069390143,0.6312219105985557,-0.07379983525799023,0.7720832104742353
680686.0544795,377,0.9352197051048279,0.5158957372532196,0.1051616749067451,680686.054706-0 680686.054253-1,1.0225181936326884,9.248764598523326,28.35239334263202,19.810830831295853,14.403192514492243,-23.689251720920165,-0.33810720813002026,-0.09547176204654105,0.9362524544492535,-39.836104621004246,14.192093377127293,-21.558504069390143,0.6315916596091575,-0.0736991939564891,0.7717903888506995
680686.0575135,377,0.9352197051048279,0.5160837279169663,0.10361392773937406,680686.054706-0 680686.0603209999-1,1.031238268628643,9.287980716324855,28.331737356931754,19.810830831295853,14.403192514492243,-23.689251720920165,-0.33810720813002026,-0.09547176204654105,0.9362524544492535,-39.836104621004246,14.192093377127293,-21.558504069390143,0.6318560704720743,-0.07244560551332321,0.7716926463621362
680686.0604285,378,0.949456512928009,0.515609243299502,0.10446561113251307,680686.060536-0 680686.0603209999-1,1.0070493226042672,9.251511397400323,28.29814455657955,19.810830831295853,14.403192514492243,-23.689251720920165,-0.3386633793856146,-0.09677047586738477,0.9359180468735043,-39.836104621004246,14.192093377127293,-21.558504069390143,0.6318560704720743,-0.07244560551332321,0.7716926463621362
680686.0650869999,378,0.949456512928009,0.5153101837959975,0.10431155488318844,680686.060536-0 680686.069638-1,0.9940998295992163,9.26825158233038,28.335850872934692,19.810830831295853,14.403192514492243,-23.689251720920165,-0.3386633793856146,-0.09677047586738477,0.9359180468735043,-39.836104621004246,14.192093377127293,-21.558504069390143,0.6314629134682864,-0.07179825810855381,0.7720748662187629
680686.0689635,378,0.9169211387634277,0.5160813386986189,0.1076550418456198,680686.068289-0 680686.069638-1,1.031431380168378,9.181669359030725,28.37280639280026,19.810830831295853,14.403192514492243,-23.689251720920165,-0.33780695279580003,-0.099545610823014,0.9359365010558617,-39.836104621004246,14.192093377127293,-21.558504069390143,0.6314629134682864,-0.07179825810855381,0.7720748662187629
680686.072971,378,0.9048969745635986,0.5151772219134088,0.10581212446026944,680686.076304-0 680686.069638-1,0.9868108267612925,9.21914109123449,28.321697534985095,19.810830831295853,14.403192514492243,-23.689251720920165,-0.3388314238241134,-0.09843770388865862,0.9356833249996779,-39.836104621004246,14.192093377127293,-21.558504069390143,0.6314629134682864,-0.07179825810855381,0.7720748662187629
680686.075916,378,0.9048969745635986,0.5152074560752408,0.1050677542219296,680686.076304-0 680686.075528-1,0.9883841233247388,9.240395377948513,28.319289671612363,19.810830831295853,14.403192514492243,-23.689251720920165,-0.3388314238241134,-0.09843770388865862,0.9356833249996779,-39.836104621004246,14.192093377127293,-21.558504069390143,0.6315102888880153,-0.07109750429990504,0.7721009648426171
680686.0799075,378,0.9048969745635986,0.5151382881538237,0.10467937376599223,680686.076304-0 680686.083511-1,0.9855062571133839,9.254916920496601,28.328655582216665,19.810830831295853,14.403192514492243,-23.689251720920165,-0.3388314238241134,-0.09843770388865862,0.9356833249996779,-39.836104621004246,14.192093377127293,-21.558504069390143,0.6314227314683282,-0.07059211363986842,0.7722189376575346
680686.0840005,378,0.9620358645915985,0.514931202090761,0.10619372766876456,680686.08449-0 680686.083511-1,0.9745073452725954,9.20380180269339,28.309603075223905,19.810830831295853,14.403192514492243,-23.689251720920165,-0.33908496311827874,-0.10018439024376591,0.9354060485898946,-39.836104621004246,14.192093377127293,-21.558504069390143,0.6314227314683282,-0.07059211363986842,0.7722189376575346
680686.0884645,378,0.9620358645915985,0.5134705703312707,0.10856686268571691,680686.08449-0 680686.092439-1,0.9097262608563259,9.190888956470047,28.488892830656997,19.810830831295853,14.403192514492243,-23.689251720920165,-0.33908496311827874,-0.10018439024376591,0.9354060485898946,-39.836104621004246,14.192093377127293,-21.558504069390143,0.6294594178029377,-0.07058481471843585,0.7738207966127241
680686.093219,378,0.9911286532878876,0.5130332476853201,0.10835619489404835,680686.093999-0 680686.092439-1,0.8878795174261978,9.188091728803737,28.461466732413978,19.810830831295853,14.403192514492243,-23.689251720920165,-0.33958636009900317,-0.10034941308931547,0.9352064474367893,-39.836104621004246,14.192093377127293,-21.558504069390143,0.6294594178029377,-0.07058481471843585,0.7738207966127241
680686.097712,379,0.9911286532878876,0.5117279279434254,0.1101532602055949,680686.093999-0 680686.101425-1,0.8294236589069275,9.186412474661687,28.623891165951413,19.810830831295853,14.403192514492243,-23.689251720920165,-0.33958636009900317,-0.10034941308931547,0.9352064474367893,-39.836104621004246,14.192093377127293,-21.558504069390143,0.6276903862711902,-0.07024608096420669,0.7752872158702826
680686.101699,379,0.9660711586475372,0.5117391248231041,0.11185061255348916,680686.101973-0 680686.101425-1,0.8294062863395677,9.134080758792798,28.618155533891628,19.810830831295853,14.403192514492243,-23.689251720920165,-0.3395876711471055,-0.1020936029593424,0.9350171708795861,-39.836104621004246,14.192093377127293,-21.558504069390143,0.6276903862711902,-0.07024608096420669,0.7752872158702826
680686.1055099999,379,0.9660711586475372,0.5105575609724596,0.11327985539372132,680686.101973-0 680686.109047-1,0.7760685247609729,9.138400038759496,28.766881790430546,19.810830831295853,14.403192514492243,-23.689251720920165,-0.3395876711471055,-0.1020936029593424,0.9350171708795861,-39.836104621004246,14.192093377127293,-21.558504069390143,0.6260775079314507,-0.06973998637510376,0.7766358788793785
680686.1086325,379,0.9472724497318268,0.5112328794454598,0.11521409960181273,680686.108218-0 680686.109047-1,0.8094289955521692,9.092569893049815,28.803595309764365,19.810830831295853,14.403192514492243,-23.689251720920165,-0.33882548314988875,-0.10350642655194796,0.9351383382316707,-39.836104621004246,14.192093377127293,-21.558504069390143,0.6260775079314507,-0.06973998637510376,0.7766358788793785
680686.1132479999,379,0.9555533826351166,0.5117016520598737,0.11628664502709363,680686.117449-0 680686.109047-1,0.8327095265498841,9.069121020990792,28.830139012479872,19.810830831295853,14.403192514492243,-23.689251720920165,-0.3382937647683205,-0.10420774356047963,0.9352529470153566,-39.836104621004246,14.192093377127293,-21.558504069390143,0.6260775079314507,-0.06973998637510376,0.7766358788793785
680686.116842,379,0.9555533826351166,0.5105211106734717,0.11605808354319724,680686.117449-0 680686.116235-1,0.7795365779353283,9.123760133468805,28.983509094533318,19.810830831295853,14.403192514492243,-23.689251720920165,-0.3382937647683205,-0.10420774356047963,0.9352529470153566,-39.836104621004246,14.192093377127293,-21.558504069390143,0.6244669497535079,-0.06756326916420516,0.778123533460719
680686.120907,379,0.9555533826351166,0.5106393776167352,0.11558955245221958,680686.117449-0 680686.1243649999-1,0.7850204490327659,9.133300141974711,28.969035085731278,19.810830831295853,14.403192514492243,-23.689251720920165,-0.3382937647683205,-0.10420774356047963,0.9352529470153566,-39.836104621004246,14.192093377127293,-21.558504069390143,0.6246325344554431,-0.06728415413098132,0.778014806737409
680686.1244655,379,0.9710550904273987,0.5100391345355016,0.11766782970619905,680686.124566-0 680686.1243649999-1,0.7540449691042728,9.0558162920251,28.921211691290377,19.810830831295853,14.403192514492243,-23.689251720920165,-0.33900300580763076,-0.10688138758091582,0.9346942446822755,-39.836104621004246,14.192093377127293,-21.558504069390143,0.6246325344554431,-0.06728415413098132,0.778014806737409
680686.1290879999,380,0.9710550904273987,0.510003558302365,0.11729589288007258,680686.124566-0 680686.13361-1,0.7525273153203536,9.068599795023628,28.926557759161664,19.810830831295853,14.403192514492243,-23.689251720920165,-0.33900300580763076,-0.10688138758091582,0.9346942446822755,-39.836104621004246,14.192093377127293,-21.558504069390143,0.6245862232651833,-0.06684960695135805,0.7780894420037989
680686.1331525,380,0.9430902302265167,0.5096455821812966,0.11723606845101353,680686.132695-0 680686.13361-1,0.7345066153108597,9.062943889048844,28.903223561444616,19.810830831295853,14.403192514492243,-23.689251720920165,-0.33941482601474815,-0.10712960549997275,0.9345163580734145,-39.836104621004246,14.192093377127293,-21.558504069390143,0.6245862232651833,-0.06684960695135805,0.7780894420037989
680686.1371735,380,0.9521816670894623,0.5099110096181635,0.11919718616846053,680686.140737-0 680686.13361-1,0.7472779015854876,9.007459782876925,28.912799592607627,19.810830831295853,14.403192514492243,-23.689251720920165,-0.3391246834334646,-0.10892782600618856,0.9344138150775158,-39.836104621004246,14.192093377127293,-21.558504069390143,0.6245862232651833,-0.06684960695135805,0.7780894420037989
680686.140518,380,0.9521816670894623,0.5098821139670379,0.11891341997498417,680686.140737-0 680686.140299-1,0.7460397054023833,9.017261586421558,28.917101553068736,19.810830831295853,14.403192514492243,-23.689251720920165,-0.3391246834334646,-0.10892782600618856,0.9344138150775158,-39.836104621004246,14.192093377127293,-21.558504069390143,0.624548434969869,-0.0665158079022157,0.7781483789585395
680686.1456405,380,0.9521816670894623,0.5114676352643147,0.11649569448141495,680686.140737-0 680686.150544-1,0.8180830535204109,9.027355258932733,28.7174142836606,19.810830831295853,14.403192514492243,-23.689251720920165,-0.3391246834334646,-0.10892782600618856,0.9344138150775158,-39.836104621004246,14.192093377127293,-21.558504069390143,0.6267263861749599,-0.06667945520536314,0.7763812769030374
680686.1493995,380,0.9270076751708984,0.512926773433249,0.11777660620854324,680686.148255-0 680686.150544-1,0.8911783782817935,9.018218132404584,28.807826866088696,19.810830831295853,14.403192514492243,-23.689251720920165,-0.337453264168262,-0.1089844315728317,0.9350121326362197,-39.836104621004246,14.192093377127293,-21.558504069390143,0.6267263861749599,-0.06667945520536314,0.7763812769030374
680686.1548794999,380,0.9417083263397217,0.5128623213074273,0.11858431346761777,680686.159215-0 680686.150544-1,0.8876218633661708,8.991776688937422,28.800237592104917,19.810830831295853,14.403192514492243,-23.689251720920165,-0.33753537160184377,-0.10987513503774782,0.9348782421353284,-39.836104621004246,14.192093377127293,-21.558504069390143,0.6267263861749599,-0.06667945520536314,0.7763812769030374
680686.1585625,380,0.9417083263397217,0.5133717112981966,0.11762414164144153,680686.159215-0 680686.15791-1,0.9105601261823235,9.000712015358172,28.73681888529313,19.810830831295853,14.403192514492243,-23.689251720920165,-0.33753537160184377,-0.10987513503774782,0.9348782421353284,-39.836104621004246,14.192093377127293,-21.558504069390143,0.627421507360116,-0.06654310951809851,0.7758313390664379
680686.164303,381,0.9417083263397217,0.5143398433637723,0.11573137148611468,680686.159215-0 680686.169391-1,0.9539401855710636,9.0196854855344,28.617063853297008,19.810830831295853,14.403192514492243,-23.689251720920165,-0.33753537160184377,-0.10987513503774782,0.9348782421353284,-39.836104621004246,14.192093377127293,-21.558504069390143,0.628736711507468,-0.06621537991647856,0.7747939539421377
680686.1690275,381,0.9513066112995148,0.5142445249322863,0.11682979033409047,680686.168664-0 680686.169391-1,0.9486964505505853,8.98369956959824,28.606218700336704,19.810830831295853,14.403192514492243,-23.689251720920165,-0.33765665151491925,-0.11109197512068753,0.9346906219447785,-39.836104621004246,14.192093377127293,-21.558504069390143,0.628736711507468,-0.06621537991647856,0.7747939539421377
680686.1730549999,381,0.9474996328353882,0.5150136819469877,0.11704987417181156,680686.176719-0 680686.169391-1,0.9874234864168709,8.993035503215344,28.65557093921363,19.810830831295853,14.403192514492243,-23.689251720920165,-0.3367698321182925,-0.11064933716771823,0.9350629948615021,-39.836104621004246,14.192093377127293,-21.558504069390143,0.628736711507468,-0.06621537991647856,0.7747939539421377
680686.176028,381,0.9474996328353882,0.5174209359803716,0.11572079327585638,680686.176719-0 680686.1753369999-1,1.0925632946272827,8.939150560855559,28.355707616212733,19.810830831295853,14.403192514492243,-23.689251720920165,-0.3367698321182925,-0.11064933716771823,0.9350629948615021,-39.836104621004246,14.192093377127293,-21.558504069390143,0.6319352089599688,-0.0687608966276108,0.7719649155056775
680686.1811124999,381,0.9474996328353882,0.5203230319471076,0.11246320758392558,680686.176719-0 680686.185506-1,1.217248807330952,8.92465006578038,28.004348180994175,19.810830831295853,14.403192514492243,-23.689251720920165,-0.3367698321182925,-0.11064933716771823,0.9350629948615021,-39.836104621004246,14.192093377127293,-21.558504069390143,0.6357329713309388,-0.07014681885404822,0.7687151702466871
680686.185087,381,0.9263919293880463,0.5196171357858227,0.1123831155227728,680686.184668-0 680686.185506-1,1.1819989467669014,8.912352245779006,27.95977184406303,19.810830831295853,14.403192514492243,-23.689251720920165,-0.3375824730557592,-0.11118403178662752,0.9347064699472384,-39.836104621004246,14.192093377127293,-21.558504069390143,0.6357329713309388,-0.07014681885404822,0.7687151702466871
680686.188426,381,0.9439986050128937,0.5206258486215982,0.11417333124511075,680686.191346-0 680686.185506-1,1.2315146304184736,8.878896418723212,28.016273804632668,19.810830831295853,14.403192514492243,-23.689251720920165,-0.3364427046103132,-0.11213728898199667,0.9350034946107236,-39.836104621004246,14.192093377127293,-21.558504069390143,0.6357329713309388,-0.07014681885404822,0.7687151702466871
680686.1924435,381,0.9439986050128937,0.5221736631583994,0.11357525216347675,680686.191346-0 680686.193541-1,1.2963040237481547,8.838189614165024,27.8303008897537,19.810830831295853,14.403192514492243,-23.689251720920165,-0.3364427046103132,-0.11213728898199667,0.9350034946107236,-39.836104621004246,14.192093377127293,-21.558504069390143,0.6377112039253329,-0.07199361083188574,0.7669037360630664
680686.1970055001,382,0.933575302362442,0.5230880978680952,0.11580417232468976,680686.20047-0 680686.193541-1,1.3407956672876349,8.789645839822981,27.878503463821193,19.810830831295853,14.403192514492243,-23.689251720920165,-0.33541817128716905,-0.11361560901748945,0.9351931050633105,-39.836104621004246,14.192093377127293,-21.558504069390143,0.6377112039253329,-0.07199361083188574,0.7669037360630664
680686.2016370001,382,0.933575302362442,0.5243115205145139,0.11707166438134142,680686.20047-0 680686.202804-1,1.3904789870439256,8.707310187193668,27.73023395306924,19.810830831295853,14.403192514492243,-23.689251720920165,-0.33541817128716905,-0.11361560901748945,0.9351931050633105,-39.836104621004246,14.192093377127293,-21.558504069390143,0.6392331585370732,-0.07514302852315352,0.7653329303584718
680686.205016,382,0.9493110477924347,0.523872582382454,0.11634968029150283,680686.207228-0 680686.202804-1,1.368988518977801,8.72003955605203,27.70574919969432,19.810830831295853,14.403192514492243,-23.689251720920165,-0.33591403244441875,-0.11326297613335237,0.9350578918143762,-39.836104621004246,14.192093377127293,-21.558504069390143,0.6392331585370732,-0.07514302852315352,0.7653329303584718
680686.2081125,382,0.9493110477924347,0.5249600476483622,0.11595707887989559,680686.207228-0 680686.208997-1,1.4134586382021492,8.69164817986042,27.577561487694936,19.810830831295853,14.403192514492243,-23.689251720920165,-0.33591403244441875,-0.11326297613335237,0.9350578918143762,-39.836104621004246,14.192093377127293,-21.558504069390143,0.6405937042888692,-0.07644153186076967,0.7640657028242032
680686.211099,382,0.9534080028533936,0.5257064068124758,0.11728181695109285,680686.213201-0 680686.208997-1,1.4498564633401827,8.66718516187889,27.618516302879836,19.810830831295853,14.403192514492243,-23.689251720920165,-0.3350732679490041,-0.11395873489677329,0.9352749926340924,-39.836104621004246,14.192093377127293,-21.558504069390143,0.6405937042888692,-0.07644153186076967,0.7640657028242032
680686.2139575,382,0.9534080028533936,0.5263793859428917,0.11758735033866152,680686.213201-0 680686.214714-1,1.4768529598056386,8.633933425815869,27.538784060503076,19.810830831295853,14.403192514492243,-23.689251720920165,-0.3350732679490041,-0.11395873489677329,0.9352749926340924,-39.836104621004246,14.192093377127293,-21.558504069390143,0.6414214011638285,-0.07777434636066821,0.7632363573475792
680686.218994,382,0.9291295111179352,0.5270827092465997,0.11720239832108448,680686.223274-0 680686.214714-1,1.5122432536310821,8.659796436425507,27.584583333027776,19.810830831295853,14.403192514492243,-23.689251720920165,-0.33425437415760184,-0.11295716946275614,0.9356894202797593,-39.836104621004246,14.192093377127293,-21.558504069390143,0.6414214011638285,-0.07777434636066821,0.7632363573475792
680686.2245189999,382,0.9291295111179352,0.5272552356181488,0.11664838595177918,680686.223274-0 680686.225764-1,1.5194467475609166,8.669649346603647,27.565185566055135,19.810830831295853,14.403192514492243,-23.689251720920165,-0.33425437415760184,-0.11295716946275614,0.9356894202797593,-39.836104621004246,14.192093377127293,-21.558504069390143,0.641642025712497,-0.07749730033931991,0.7630790779989192
680686.227674,382,0.9588213264942169,0.526588493019546,0.11723813333254851,680686.229584-0 680686.225764-1,1.4857512480708674,8.638390281954003,27.520788448324282,19.810830831295853,14.403192514492243,-23.689251720920165,-0.33503439797021733,-0.11413510571133056,0.935267410862261,-39.836104621004246,14.192093377127293,-21.558504069390143,0.641642025712497,-0.07749730033931991,0.7630790779989192
680686.2315495,383,0.9588213264942169,0.5260151340705532,0.11783120274982961,680686.229584-0 680686.233515-1,1.4623797171137483,8.641898176664233,27.587223450310425,19.810830831295853,14.403192514492243,-23.689251720920165,-0.33503439797021733,-0.11413510571133056,0.935267410862261,-39.836104621004246,14.192093377127293,-21.558504069390143,0.6409260734778902,-0.07719707127645908,0.7637109273295435
680686.236221,383,0.966271311044693,0.5260356254451772,0.12019426846180936,680686.238927-0 680686.233515-1,1.4618988524489165,8.571630364217192,27.577906078434836,19.810830831295853,14.403192514492243,-23.689251720920165,-0.33504757122044815,-0.11651059637064883,0.9349697353137343,-39.836104621004246,14.192093377127293,-21.558504069390143,0.6409260734778902,-0.07719707127645908,0.7637109273295435
680686.239311,383,0.966271311044693,0.5260261793849699,0.11961574709532308,680686.238927-0 680686.239695-1,1.461797356696973,8.588741421977732,27.579954988631858,19.810830831295853,14.403192514492243,-23.689251720920165,-0.33504757122044815,-0.11651059637064883,0.9349697353137343,-39.836104621004246,14.192093377127293,-21.558504069390143,0.6409223991306652,-0.07661818840835562,0.7637723034371002
680686.242361,383,0.9479620158672333,0.5264311928100065,0.11944899813514298,680686.245027-0 680686.239695-1,1.482128093068555,8.601942574532043,27.606147624756176,19.810830831295853,14.403192514492243,-23.689251720920165,-0.33457727221347594,-0.1159907422216767,0.9352027569661319,-39.836104621004246,14.192093377127293,-21.558504069390143,0.6409223991306652,-0.07661818840835562,0.7637723034371002
680686.2463785,383,0.9479620158672333,0.5253555326323667,0.12293039593234845,680686.245027-0 680686.24773-1,1.4369474360409153,8.539428068795207,27.72759670477146,19.810830831295853,14.403192514492243,-23.689251720920165,-0.33457727221347594,-0.1159907422216767,0.9352027569661319,-39.836104621004246,14.192093377127293,-21.558504069390143,0.6395402995819109,-0.07837258993983517,0.7647522097756908
680686.2501135,383,0.9643914103507996,0.5254630389844088,0.12304987060920491,680686.252497-0 680686.24773-1,1.4422528926208713,8.538012804836518,27.733846143876587,19.810830831295853,14.403192514492243,-23.689251720920165,-0.3344548930085218,-0.11601894852745798,0.935243031583364,-39.836104621004246,14.192093377127293,-21.558504069390143,0.6395402995819109,-0.07837258993983517,0.7647522097756908
680686.2535515,383,0.9643914103507996,0.5241774551326837,0.12403186146793022,680686.252497-0 680686.254606-1,1.38933567562953,8.555658673618208,27.88557794179043,19.810830831295853,14.403192514492243,-23.689251720920165,-0.3344548930085218,-0.11601894852745798,0.935243031583364,-39.836104621004246,14.192093377127293,-21.558504069390143,0.6379195977544526,-0.07736252531482979,0.7662072999376276
680686.258637,383,1.0,0.5242486912933202,0.12312490941050969,680686.262668-0 680686.254606-1,1.3934504093620657,8.584387455356783,27.894160078785028,19.810830831295853,14.403192514492243,-23.689251720920165,-0.33435927268802657,-0.11503774860793503,0.9353984141331175,-39.836104621004246,14.192093377127293,-21.558504069390143,0.6379195977544526,-0.07736252531482979,0.7662072999376276
680686.2621685,383,1.0,0.5222543195573487,0.12630335978965757,680686.262668-0 680686.261669-1,1.3095571930794918,8.563633028123231,28.129720227780915,19.810830831295853,14.403192514492243,-23.689251720920165,-0.33435927268802657,-0.11503774860793503,0.9353984141331175,-39.836104621004246,14.192093377127293,-21.558504069390143,0.6353539148697527,-0.07740629960975513,0.7683317432205985
680686.2667874999,384,1.0,0.520683976596952,0.12774084742412095,680686.262668-0 680686.2709069999-1,1.2430683166626046,8.578713886741141,28.31962433940593,19.810830831295853,14.403192514492243,-23.689251720920165,-0.33435927268802657,-0.11503774860793503,0.9353984141331175,-39.836104621004246,14.192093377127293,-21.558504069390143,0.6333218488880347,-0.07638655448584775,0.7701094272990183
680686.270847,384,0.8575535118579865,0.5205147957329088,0.12782531681750142,680686.270787-0 680686.2709069999-1,1.2344875342459058,8.572738051065446,28.308318101297733,19.810830831295853,14.403192514492243,-23.689251720920165,-0.334556235233032,-0.11526886235270196,0.9352995321492542,-39.836104621004246,14.192093377127293,-21.558504069390143,0.6333218488880347,-0.07638655448584775,0.7701094272990183
680686.2739065,384,0.9628936052322388,0.5209963469595903,0.1268049629295701,680686.276906-0 680686.2709069999-1,1.259342475694103,8.613488564668234,28.343946914966832,19.810830831295853,14.403192514492243,-23.689251720920165,-0.3339851638311546,-0.11381630702464669,0.9356814407670743,-39.836104621004246,14.192093377127293,-21.558504069390143,0.6333218488880347,-0.07638655448584775,0.7701094272990183
680686.277004,384,0.9628936052322388,0.5206219677014257,0.12645856413505085,680686.276906-0 680686.277102-1,1.2436543768268997,8.63762517729412,28.390866917189673,19.810830831295853,14.403192514492243,-23.689251720920165,-0.3339851638311546,-0.11381630702464669,0.9356814407670743,-39.836104621004246,14.192093377127293,-21.558504069390143,0.6328418353539925,-0.07546013173106633,0.7705952114728719
680686.281602,384,0.9492858052253723,0.5178739335893601,0.12303695337711074,680686.286102-0 680686.277102-1,1.107030817444647,8.685988222245163,28.228395328339634,19.810830831295853,14.403192514492243,-23.689251720920165,-0.33711869745821976,-0.11269117847609836,0.9346933626156448,-39.836104621004246,14.192093377127293,-21.558504069390143,0.6328418353539925,-0.07546013173106633,0.7705952114728719
680686.2853689999,384,0.9492858052253723,0.5153130108219808,0.12645941191339904,680686.286102-0 680686.2846359999-1,0.9953654712315689,8.680540732985945,28.5411981217591,19.810830831295853,14.403192514492243,-23.689251720920165,-0.33711869745821976,-0.11269117847609836,0.9346933626156448,-39.836104621004246,14.192093377127293,-21.558504069390143,0.6294474975383442,-0.07480517486307896,0.7734339232645672
680686.2897264999,384,0.9492858052253723,0.5057866501408249,0.1354029048917984,680686.286102-0 680686.293351-1,0.5604288506410064,8.778530128788425,29.77012871147505,19.810830831295853,14.403192514492243,-23.689251720920165,-0.33711869745821976,-0.11269117847609836,0.9346933626156448,-39.836104621004246,14.192093377127293,-21.558504069390143,0.6162817514379024,-0.06839649884694178,0.7845500122937427
680686.2933139999,384,0.9511999189853668,0.49173930851829695,0.11625046353939839,680686.293277-0 680686.293351-1,-0.1366570080541596,9.092114073373763,28.91036167097079,19.810830831295853,14.403192514492243,-23.689251720920165,-0.3530009027326507,-0.10476123370514802,0.9297394509121945,-39.836104621004246,14.192093377127293,-21.558504069390143,0.6162817514379024,-0.06839649884694178,0.7845500122937427
680686.2970169999,385,0.9218188226222992,0.464916362903645,0.08390982041076422,680686.300683-0 680686.293351-1,-1.379387350159698,9.544921916974806,27.362225635500103,19.810830831295853,14.403192514492243,-23.689251720920165,-0.3818826027889764,-0.09363031004389263,0.9194558405536403,-39.836104621004246,14.192093377127293,-21.558504069390143,0.6162817514379024,-0.06839649884694178,0.7845500122937427
680686.300949,385,0.9168188226222992,0.4444280111585847,0.11123422939275696,680686.300683-0 680686.301215-1,-2.564055753410356,9.703051756739626,30.250094310537907,19.810830831295853,14.403192514492243,-23.689251720920165,-0.3818826027889764,-0.09363031004389263,0.9194558405536403,-39.836104621004246,14.192093377127293,-21.558504069390143,0.5824958482080986,-0.05674683606593999,0.8108504075455798
680686.3049415001,385,0.99,0.39775436795946056,0.0628837010654173,680686.308668-0 680686.301215-1,-4.604778762500821,10.317524898592755,27.44885654812815,19.810830831295853,14.403192514492243,-23.689251720920165,-0.42972369016489775,-0.07922386456406408,0.8994782539864972,-39.836104621004246,14.192093377127293,-21.558504069390143,0.5824958482080986,-0.05674683606593999,0.8108504075455798
680686.3084665,385,0.99,0.37685760364732507,0.10202720014883426,680686.308668-0 680686.308265-1,-6.277958955603101,10.393518081494259,30.975379046754433,19.810830831295853,14.403192514492243,-23.689251720920165,-0.42972369016489775,-0.07922386456406408,0.8994782539864972,-39.836104621004246,14.192093377127293,-21.558504069390143,0.5372745068529716,-0.04764127501023435,0.8420608132440883
680686.3134345,385,0.99,0.35894343108589827,0.1411821382362234,680686.308668-0 680686.318201-1,-8.075607965396738,10.290694027158764,34.75100024786993,19.810830831295853,14.403192514492243,-23.689251720920165,-0.42972369016489775,-0.07922386456406408,0.8994782539864972,-39.836104621004246,14.192093377127293,-21.558504069390143,0.4903055812066907,-0.04438148247751972,0.8704198533183091
680686.3174245,385,0.99,0.3187184049240754,0.10604325817074156,680686.316648-0 680686.318201-1,-9.81725125258471,10.752189725796802,31.68402865859367,19.810830831295853,14.403192514492243,-23.689251720920165,-0.47093134635527145,-0.06983855305412599,0.8794010709154937,-39.836104621004246,14.192093377127293,-21.558504069390143,0.4903055812066907,-0.04438148247751972,0.8704198533183091
680686.321257,385,0.9744251620769501,0.2930582141309389,0.08170170892603434,680686.324313-0 680686.318201-1,-10.849188299586093,11.106670270034087,29.871634367198936,19.810830831295853,14.403192514492243,-23.689251720920165,-0.4960628686396822,-0.06114585645667024,0.8661309454090352,-39.836104621004246,14.192093377127293,-21.558504069390143,0.4903055812066907,-0.04438148247751972,0.8704198533183091
680686.325259,385,0.9744251620769501,0.2844083807262654,0.1048304540194781,680686.324313-0 680686.3262049999-1,-12.14633030368677,11.170152972312666,32.146703734071124,19.810830831295853,14.403192514492243,-23.689251720920165,-0.4960628686396822,-0.06114585645667024,0.8661309454090352,-39.836104621004246,14.192093377127293,-21.558504069390143,0.4576472558629135,-0.03898886499561815,0.8882785923388553
680686.3295344999,386,0.9291728687286377,0.27432946930398044,0.09386273727808525,680686.332864-0 680686.3262049999-1,-12.551745005055878,11.366447330551408,31.37082725996876,19.810830831295853,14.403192514492243,-23.689251720920165,-0.506117817772503,-0.055900659417736684,0.8606508414042605,-39.836104621004246,14.192093377127293,-21.558504069390143,0.4576472558629135,-0.03898886499561815,0.8882785923388553
680686.3349049999,386,0.9322120249271393,0.27145420724378866,0.10495021537486215,680686.332864-0 680686.336946-1,-12.999536193265428,11.256536137677815,32.12981241911835,19.810830831295853,14.403192514492243,-23.689251720920165,-0.506117817772503,-0.055900659417736684,0.8606508414042605,-39.836104621004246,14.192093377127293,-21.558504069390143,0.4465550400977987,-0.04148766226235873,0.8937938073421956
680686.338614,386,0.9383564889431,0.27677643194113444,0.10671503288995676,680686.340282-0 680686.336946-1,-12.796934805047082,11.293606725770887,32.53898713537161,19.810830831295853,14.403192514492243,-23.689251720920165,-0.5010714592278156,-0.0541670999235657,0.8637090470946671,-39.836104621004246,14.192093377127293,-21.558504069390143,0.4465550400977987,-0.04148766226235873,0.8937938073421956
680686.341604,386,0.9403173327445984,0.27567812375599143,0.11405583516003837,680686.340282-0 680686.342926-1,-12.921180921482904,11.102075400871383,32.74478154424333,19.810830831295853,14.403192514492243,-23.689251720920165,-0.5010714592278156,-0.0541670999235657,0.8637090470946671,-39.836104621004246,14.192093377127293,-21.558504069390143,0.44350188094161014,-0.0472856109855682,0.8950252245579313
680686.3461435,386,0.9272275865077972,0.2831893558448103,0.11868366178784995,680686.349361-0 680686.342926-1,-12.624804932057293,11.077406181838265,33.34334744979501,19.810830831295853,14.403192514492243,-23.689251720920165,-0.4937215947075394,-0.05410378988541086,0.8679353471540834,-39.836104621004246,14.192093377127293,-21.558504069390143,0.44350188094161014,-0.0472856109855682,0.8950252245579313
680686.3498975,386,0.9272275865077972,0.282928567531378,0.12101924715141887,680686.349361-0 680686.350434-1,-12.645811882557425,11.003596554775283,33.376569214166025,19.810830831295853,14.403192514492243,-23.689251720920165,-0.4937215947075394,-0.05410378988541086,0.8679353471540834,-39.836104621004246,14.192093377127293,-21.558504069390143,0.44298784481792636,-0.04955811242317193,0.895156837004902
680686.354302,386,0.9459298849105835,0.28963022398657673,0.1265249523995572,680686.35817-0 680686.350434-1,-12.373345828314578,10.93156189463919,33.92446112609515,19.810830831295853,14.403192514492243,-23.689251720920165,-0.48700605252609797,-0.05556902707660267,0.8716290426739505,-39.836104621004246,14.192093377127293,-21.558504069390143,0.44298784481792636,-0.04955811242317193,0.895156837004902
680686.359179,386,0.9459298849105835,0.2890379263904501,0.13176180079741784,680686.35817-0 680686.360188-1,-12.423803026700826,10.766285477076655,34.00581151509752,19.810830831295853,14.403192514492243,-23.689251720920165,-0.48700605252609797,-0.05556902707660267,0.8716290426739505,-39.836104621004246,14.192093377127293,-21.558504069390143,0.4417560062976625,-0.054585885777297005,0.8954730660236785
680686.3630615,387,0.9613654911518097,0.2944998772139776,0.13299104251455274,680686.365935-0 680686.360188-1,-12.207174369640516,10.825223412874006,34.45043690982007,19.810830831295853,14.403192514492243,-23.689251720920165,-0.4816964836640042,-0.05307533214252601,0.8747293905795632,-39.836104621004246,14.192093377127293,-21.558504069390143,0.4417560062976625,-0.054585885777297005,0.8954730660236785
680686.3674435,387,0.9613654911518097,0.2949434651655718,0.13392399961979307,680686.365935-0 680686.3689519999-1,-12.106922538781948,10.728330513087673,34.26177236302891,19.810830831295853,14.403192514492243,-23.689251720920165,-0.4816964836640042,-0.05307533214252601,0.8747293905795632,-39.836104621004246,14.192093377127293,-21.558504069390143,0.4442058973922749,-0.0578717542225003,0.8940536789170627
680686.37059,387,0.9799603521823883,0.2895819734976974,0.12592615377472083,680686.372228-0 680686.3689519999-1,-12.336693689245841,10.916902529853319,33.8088619825864,19.810830831295853,14.403192514492243,-23.689251720920165,-0.487327984277691,-0.04788082895477061,0.8719053056143462,-39.836104621004246,14.192093377127293,-21.558504069390143,0.4442058973922749,-0.0578717542225003,0.8940536789170627
680686.374554,387,0.9799603521823883,0.28968047951404224,0.12620073841638368,680686.372228-0 680686.37688-1,-12.312677388272732,10.891600529746471,33.76411898650631,19.810830831295853,14.403192514492243,-23.689251720920165,-0.487327984277691,-0.04788082895477061,0.8719053056143462,-39.836104621004246,14.192093377127293,-21.558504069390143,0.44479445351222224,-0.05872774964297446,0.8937051782028768
680686.3786295,387,0.9321351945400238,0.27780903971016774,0.10773015023216237,680686.380379-0 680686.37688-1,-12.81500746304558,11.329665606099132,32.77379492746926,19.810830831295853,14.403192514492243,-23.689251720920165,-0.4997395012352016,-0.03546501849068199,0.8654493996581472,-39.836104621004246,14.192093377127293,-21.558504069390143,0.44479445351222224,-0.05872774964297446,0.8937051782028768
680686.3825365,387,0.9321351945400238,0.2781477102333959,0.10782052657005825,680686.380379-0 680686.384694-1,-12.738437063106064,11.276604887878632,32.63727552914723,19.810830831295853,14.403192514492243,-23.689251720920165,-0.4997395012352016,-0.03546501849068199,0.8654493996581472,-39.836104621004246,14.192093377127293,-21.558504069390143,0.4466785863386915,-0.06059342228069633,0.8926402845955258
680686.3866295,387,1.0,0.2776772003248339,0.09840003040033518,680686.388565-0 680686.384694-1,-12.78169152454825,11.602869814294944,32.56347629639638,19.810830831295853,14.403192514492243,-23.689251720920165,-0.5008137259142263,-0.025179312242608404,0.8651887737198739,-39.836104621004246,14.192093377127293,-21.558504069390143,0.4466785863386915,-0.06059342228069633,0.8926402845955258
680686.3899365,387,1.0,0.278251378698691,0.0974164058200071,680686.388565-0 680686.391308-1,-12.671638532513851,11.565946098378744,32.37033156706028,19.810830831295853,14.403192514492243,-23.689251720920165,-0.5008137259142263,-0.025179312242608404,0.8651887737198739,-39.836104621004246,14.192093377127293,-21.558504069390143,0.4493923244728732,-0.062004603811136184,0.891180098415069
680686.3938935,387,0.9728339910507202,0.2786438575522303,0.09347348204059214,680686.396479-0 680686.391308-1,-12.667556945154038,11.713462230151595,32.383106256597344,19.810830831295853,14.403192514492243,-23.689251720920165,-0.5007119177859239,-0.020454338321313895,0.865372287186838,-39.836104621004246,14.192093377127293,-21.558504069390143,0.4493923244728732,-0.062004603811136184,0.891180098415069
680686.398882,387,0.9620077311992645,0.279963501000209,0.09076151512632802,680686.396479-0 680686.401285-1,-12.427563886838794,11.650639309124607,31.96283837403807,19.810830831295853,14.403192514492243,-23.689251720920165,-0.5007119177859239,-0.020454338321313895,0.865372287186838,-39.836104621004246,14.192093377127293,-21.558504069390143,0.4553325633679872,-0.06451053033348637,0.8879812206419854
680686.4028159999,388,0.9891737401485443,0.2822484803042907,0.09122199586981372,680686.404347-0 680686.401285-1,-12.340442830149994,11.67844248180568,32.13398118799816,19.810830831295853,14.403192514492243,-23.689251720920165,-0.49855350040221835,-0.019359856687363397,0.8666427194557974,-39.836104621004246,14.192093377127293,-21.558504069390143,0.4553325633679872,-0.06451053033348637,0.8879812206419854
680686.4056539999,388,1.0,0.28325241414775604,0.09017266995664797,680686.404347-0 680686.406961-1,-12.14696558911976,11.583929507149659,31.789676343834266,19.810830831295853,14.403192514492243,-23.689251720920165,-0.49855350040221835,-0.019359856687363397,0.8666427194557974,-39.836104621004246,14.192093377127293,-21.558504069390143,0.4601431210920736,-0.06795672920437967,0.885240188348613
680686.409617,388,0.9679424166679382,0.28577695933385494,0.09466012964611048,680686.412273-0 680686.406961-1,-12.040084505967688,11.475203474770417,31.992695039694606,19.810830831295853,14.403192514492243,-23.689251720920165,-0.4959138626265333,-0.0226003781233045,0.8680775678264675,-39.836104621004246,14.192093377127293,-21.558504069390143,0.4601431210920736,-0.06795672920437967,0.885240188348613
680686.4124735,388,0.9679424166679382,0.2864329297226678,0.09326019427054433,680686.412273-0 680686.412674-1,-11.929343973318419,11.450672087454688,31.796383273168342,19.810830831295853,14.403192514492243,-23.689251720920165,-0.4959138626265333,-0.0226003781233045,0.8680775678264675,-39.836104621004246,14.192093377127293,-21.558504069390143,0.4629033260011592,-0.06899609450146006,0.8837194406148424
680686.4175110001,388,0.9176579713821411,0.28791020474865436,0.09392127697946628,680686.422348-0 680686.412674-1,-11.871878214312485,11.455617711463908,31.90657954611085,19.810830831295853,14.403192514492243,-23.689251720920165,-0.49449751549933696,-0.022299482854972026,0.8688929394519118,-39.836104621004246,14.192093377127293,-21.558504069390143,0.4629033260011592,-0.06899609450146006,0.8837194406148424
680686.422551,388,0.9176579713821411,0.28884751848876367,0.09172930284332903,680686.422348-0 680686.4227539999-1,-11.720234205009042,11.431134777258825,31.637406435252217,19.810830831295853,14.403192514492243,-23.689251720920165,-0.49449751549933696,-0.022299482854972026,0.8688929394519118,-39.836104621004246,14.192093377127293,-21.558504069390143,0.4666924802884361,-0.07013203968413534,0.8816346328564745
680686.426191,388,0.8796249628067017,0.29105677281818676,0.0944832696335175,680686.429628-0 680686.4227539999-1,-11.629622824124452,11.377335320210445,31.8074330299012,19.810830831295853,14.403192514492243,-23.689251720920165,-0.4922690200811338,-0.023808657577679183,0.8701174401727095,-39.836104621004246,14.192093377127293,-21.558504069390143,0.4666924802884361,-0.07013203968413534,0.8816346328564745
680686.4297945,388,0.8796249628067017,0.29130631584223676,0.09545488009385283,680686.429628-0 680686.429961-1,-11.566563672845973,11.298415498088094,31.689158930617168,19.810830831295853,14.403192514492243,-23.689251720920165,-0.4922690200811338,-0.023808657577679183,0.8701174401727095,-39.836104621004246,14.192093377127293,-21.558504069390143,0.46827290733999183,-0.07282579066814882,0.8805775879869475
680686.436065,388,0.9680972099304199,0.29665301499792174,0.09635841815824875,680686.4421689999-0 680686.429961-1,-11.360671683558119,11.367983062153257,32.079754817123586,19.810830831295853,14.403192514492243,-23.689251720920165,-0.4872216201818902,-0.021049106834392126,0.8730246433685638,-39.836104621004246,14.192093377127293,-21.558504069390143,0.46827290733999183,-0.07282579066814882,0.8805775879869475
680686.4424355,388,0.9680972099304199,0.2968165711001878,0.09721485555413711,680686.4421689999-0 680686.442702-1,-11.317877138035037,11.30693668819518,31.997654585451922,19.810830831295853,14.403192514492243,-23.689251720920165,-0.4872216201818902,-0.021049106834392126,0.8730246433685638,-39.836104621004246,14.192093377127293,-21.558504069390143,0.46934606284850744,-0.0748874947207745,0.8798330162156061
680686.4470609999,389,0.9596750438213348,0.2985493796883234,0.10056796212183039,680686.4514199999-0 680686.442702-1,-11.243057664435499,11.223241161153528,32.1358418702483,19.810830831295853,14.403192514492243,-23.689251720920165,-0.4853930138954557,-0.02354178365177183,0.873979065243544,-39.836104621004246,14.192093377127293,-21.558504069390143,0.46934606284850744,-0.0748874947207745,0.8798330162156061
680686.4519775,389,0.9596750438213348,0.29905128024698246,0.09912425546726056,680686.4514199999-0 680686.4525349999-1,-11.17092989985733,11.226310804039226,32.00580708615473,19.810830831295853,14.403192514492243,-23.689251720920165,-0.4853930138954557,-0.02354178365177183,0.873979065243544,-39.836104621004246,14.192093377127293,-21.558504069390143,0.4711541041414354,-0.07496930440094979,0.8788591545568147
680686.4569949999,389,0.9680504202842712,0.29969546873753455,0.10093148321720602,680686.461455-0 680686.4525349999-1,-11.141717732386862,11.175809487032275,32.05884820630923,19.810830831295853,14.403192514492243,-23.689251720920165,-0.4846799100997282,-0.025086228077296307,0.8743317825096907,-39.836104621004246,14.192093377127293,-21.558504069390143,0.4711541041414354,-0.07496930440094979,0.8788591545568147
680686.4620055,389,0.9680504202842712,0.2999512174537371,0.10185799570244913,680686.461455-0 680686.462556-1,-11.082773142767849,11.10159469548243,31.94563256084625,19.810830831295853,14.403192514492243,-23.689251720920165,-0.4846799100997282,-0.025086228077296307,0.8743317825096907,-39.836104621004246,14.192093377127293,-21.558504069390143,0.4726353384117943,-0.07750353470217557,0.8778434023178834
680686.4676195,389,0.9927448630332947,0.30066641660188054,0.10506057986758577,680686.472683-0 680686.462556-1,-11.047485319624691,11.004354982950172,32.008027606506765,19.810830831295853,14.403192514492243,-23.689251720920165,-0.4838191769433332,-0.028112701721804526,0.8747163426070056,-39.836104621004246,14.192093377127293,-21.558504069390143,0.4726353384117943,-0.07750353470217557,0.8778434023178834
680686.4727350001,389,0.9927448630332947,0.3011469255785594,0.10436203738473027,680686.472683-0 680686.472787-1,-10.970788176238159,10.97741806167996,31.86641226405419,19.810830831295853,14.403192514492243,-23.689251720920165,-0.4838191769433332,-0.028112701721804526,0.8747163426070056,-39.836104621004246,14.192093377127293,-21.558504069390143,0.4745637920296719,-0.07857637413812475,0.8767068841532635
680686.4786515001,389,0.9543552398681641,0.30269936009241183,0.10666028680954565,680686.484516-0 680686.472787-1,-10.90558127583588,10.92694908015533,31.985488328444767,19.810830831295853,14.403192514492243,-23.689251720920165,-0.4822306137714202,-0.02955118241657477,0.875545751379916,-39.836104621004246,14.192093377127293,-21.558504069390143,0.4745637920296719,-0.07857637413812475,0.8767068841532635
680686.4848229999,389,0.9543552398681641,0.30332688136336505,0.10686275868409878,680686.484516-0 680686.4851299999-1,-10.79293426610554,10.843142877886836,31.772383774034928,19.810830831295853,14.403192514492243,-23.689251720920165,-0.4822306137714202,-0.02955118241657477,0.875545751379916,-39.836104621004246,14.192093377127293,-21.558504069390143,0.47740229050150423,-0.08158649981313908,0.8748889621387149
680686.4885165,390,0.984114021062851,0.3033722652556386,0.10605632077842087,680686.4919029999-0 680686.4851299999-1,-10.793128935642315,10.871541362777089,31.773091345013707,19.810830831295853,14.403192514492243,-23.689251720920165,-0.48223538665003635,-0.02863727051363153,0.8755734912615952,-39.836104621004246,14.192093377127293,-21.558504069390143,0.47740229050150423,-0.08158649981313908,0.8748889621387149
680686.492368,390,0.984114021062851,0.30344489740190805,0.10765310980273424,680686.4919029999-0 680686.492833-1,-10.759883590711537,10.79156605956332,31.704791468693198,19.810830831295853,14.403192514492243,-23.689251720920165,-0.48223538665003635,-0.02863727051363153,0.8755734912615952,-39.836104621004246,14.192093377127293,-21.558504069390143,0.4782423470124453,-0.08425731540254063,0.8741767340333328
680686.4976125,390,0.9978705048561096,0.30190240879412605,0.10881483587232832,680686.5023919999-0 680686.492833-1,-10.81605110222555,10.72431029969829,31.59906955618479,19.810830831295853,14.403192514492243,-23.689251720920165,-0.4836030987769986,-0.0309731816647036,0.874739221065827,-39.836104621004246,14.192093377127293,-21.558504069390143,0.4782423470124453,-0.08425731540254063,0.8741767340333328
680686.502945,390,0.9978705048561096,0.30246564845021784,0.10766024320015888,680686.5023919999-0 680686.503498-1,-10.732809595405515,10.709300525117293,31.44634461425643,19.810830831295853,14.403192514492243,-23.689251720920165,-0.4836030987769986,-0.0309731816647036,0.874739221065827,-39.836104621004246,14.192093377127293,-21.558504069390143,0.48034496786567127,-0.08498806256042658,0.8729523131697127
680686.508652,390,0.8834958374500275,0.3044313303363536,0.10825736946222897,680686.513806-0 680686.503498-1,-10.656394592469447,10.72417078673779,31.58645737331496,19.810830831295853,14.403192514492243,-23.689251720920165,-0.48174295960009533,-0.03026371108435837,0.8757898313334901,-39.836104621004246,14.192093377127293,-21.558504069390143,0.48034496786567127,-0.08498806256042658,0.8729523131697127
680686.5150365001,390,0.8834958374500275,0.30496334772557204,0.10680381042567444,680686.513806-0 680686.516267-1,-10.583804682016373,10.726691845112514,31.45414296689672,19.810830831295853,14.403192514492243,-23.689251720920165,-0.48174295960009533,-0.03026371108435837,0.8757898313334901,-39.836104621004246,14.192093377127293,-21.558504069390143,0.48218098390207526,-0.08512148396863897,0.8719265059224908
680686.5205069999,390,1.0,0.3040171572866771,0.1010722990066607,680686.524747-0 680686.516267-1,-10.633566644870234,10.903655570628281,31.37007674296066,19.810830831295853,14.403192514492243,-23.689251720920165,-0.48295407913162974,-0.024681679924702295,0.8752977619794385,-39.836104621004246,14.192093377127293,-21.558504069390143,0.48218098390207526,-0.08512148396863897,0.8719265059224908
680686.525898,391,1.0,0.30448698154704185,0.098427534832904,680686.524747-0 680686.527049-1,-10.587349414810328,10.966035208779509,31.292080903491136,19.810830831295853,14.403192514492243,-23.689251720920165,-0.48295407913162974,-0.024681679924702295,0.8752977619794385,-39.836104621004246,14.192093377127293,-21.558504069390143,0.48335021967443165,-0.0832298055508229,0.8714616254366288
680686.5305485,391,0.9087902903556824,0.3051008756209968,0.09407171134765269,680686.534048-0 680686.527049-1,-10.574332516805223,11.124905453702667,31.320399865322106,19.810830831295853,14.403192514492243,-23.689251720920165,-0.48263764418573385,-0.019496765237323264,0.8756030953349385,-39.836104621004246,14.192093377127293,-21.558504069390143,0.48335021967443165,-0.0832298055508229,0.8714616254366288
680686.5353325,391,0.9087902903556824,0.3059542723187433,0.09287359812342966,680686.534048-0 680686.536617-1,-10.445251450942738,11.076190211825173,31.080560305521455,19.810830831295853,14.403192514492243,-23.689251720920165,-0.48263764418573385,-0.019496765237323264,0.8756030953349385,-39.836104621004246,14.192093377127293,-21.558504069390143,0.4866258367477184,-0.08515480296688302,0.8694503749733242
680686.5400425,391,1.0,0.3077475293807388,0.09034967269985072,680686.543468-0 680686.536617-1,-10.382670172582777,11.194503324770341,31.1957564084706,19.810830831295853,14.403192514492243,-23.689251720920165,-0.48111634072537907,-0.015488667041698309,0.8765199187013905,-39.836104621004246,14.192093377127293,-21.558504069390143,0.4866258367477184,-0.08515480296688302,0.8694503749733242
680686.5447575,391,1.0,0.3084119877802764,0.08817918816553694,680686.543468-0 680686.546047-1,-10.299950712609508,11.212571155409371,31.046312138522737,19.810830831295853,14.403192514492243,-23.689251720920165,-0.48111634072537907,-0.015488667041698309,0.8765199187013905,-39.836104621004246,14.192093377127293,-21.558504069390143,0.4887282031714583,-0.08478233338016833,0.8683068002563447
680686.551141,391,0.9609771370887756,0.3047848982353164,0.08339967014663374,680686.556235-0 680686.546047-1,-10.449590023709376,11.306151805451828,30.78147059385242,19.810830831295853,14.403192514492243,-23.689251720920165,-0.4847580123223399,-0.0128156805654173,0.8745544167294217,-39.836104621004246,14.192093377127293,-21.558504069390143,0.4887282031714583,-0.08478233338016833,0.8683068002563447
680686.5562735,391,0.9609771370887756,0.30482396144440826,0.08355511811841931,680686.556235-0 680686.556312-1,-10.440900493073032,11.294261082431682,30.764556823534218,19.810830831295853,14.403192514492243,-23.689251720920165,-0.4847580123223399,-0.0128156805654173,0.8745544167294217,-39.836104621004246,14.192093377127293,-21.558504069390143,0.48894958261332505,-0.08519241079446123,0.8681420153438508
680686.5617440001,391,0.9950362741947174,0.30105879611952824,0.0778963215057219,680686.567176-0 680686.556312-1,-10.59684593116853,11.41429865736543,30.48886735273209,19.810830831295853,14.403192514492243,-23.689251720920165,-0.48856391995251436,-0.009269830716719345,0.872478862987016,-39.836104621004246,14.192093377127293,-21.558504069390143,0.48894958261332505,-0.08519241079446123,0.8681420153438508
680686.5673539999,392,0.9950362741947174,0.30174151128280546,0.07499191851393616,680686.567176-0 680686.567532-1,-10.520264320515155,11.461143002436085,30.356320228512796,19.810830831295853,14.403192514492243,-23.689251720920165,-0.48856391995251436,-0.009269830716719345,0.872478862987016,-39.836104621004246,14.192093377127293,-21.558504069390143,0.4908989737248194,-0.0838382531372117,0.8671731919904004
680686.5712075001,392,0.99071004986763,0.2987103901922734,0.07099333924712958,680686.574883-0 680686.567532-1,-10.643639474724605,11.53837151939802,30.138820983404553,19.810830831295853,14.403192514492243,-23.689251720920165,-0.49158233257698114,-0.007017117153487541,0.8708028309353548,-39.836104621004246,14.192093377127293,-21.558504069390143,0.4908989737248194,-0.0838382531372117,0.8671731919904004
680686.5749455,392,0.99071004986763,0.2994735977232038,0.06579345452461005,680686.574883-0 680686.575008-1,-10.587062529136668,11.68079344973018,30.051949803311516,19.810830831295853,14.403192514492243,-23.689251720920165,-0.49158233257698114,-0.007017117153487541,0.8708028309353548,-39.836104621004246,14.192093377127293,-21.558504069390143,0.492338283678871,-0.07926873321137667,0.8667868725120421
680686.580475,392,0.9732223451137543,0.30385882559199817,0.06751028922301427,680686.585942-0 680686.575008-1,-10.418176223912795,11.706043597399757,30.350466979915307,19.810830831295853,14.403192514492243,-23.689251720920165,-0.48745276065207194,-0.005818475176979879,0.8731299739897196,-39.836104621004246,14.192093377127293,-21.558504069390143,0.492338283678871,-0.07926873321137667,0.8667868725120421
680686.585801,392,0.9732223451137543,0.3036730524338764,0.0666221845167404,680686.585942-0 680686.58566-1,-10.461923353012738,11.771154424358372,30.434983981370703,19.810830831295853,14.403192514492243,-23.689251720920165,-0.48745276065207194,-0.005818475176979879,0.8731299739897196,-39.836104621004246,14.192093377127293,-21.558504069390143,0.4912208933494521,-0.07703636438159982,0.8676217104820692
680686.590596,392,0.9732223451137543,0.30394001911767904,0.06267208233250221,680686.585942-0 680686.59525-1,-10.47118288201296,11.920218171914009,30.464579740616614,19.810830831295853,14.403192514492243,-23.689251720920165,-0.48745276065207194,-0.005818475176979879,0.8731299739897196,-39.836104621004246,14.192093377127293,-21.558504069390143,0.49098110250425986,-0.07212539110511432,0.8681794082686111
680686.5946770001,392,0.9564998745918274,0.30344390340820737,0.06261728736550576,680686.594104-0 680686.59525-1,-10.490106737519449,11.912447380319675,30.43094043911948,19.810830831295853,14.403192514492243,-23.689251720920165,-0.48791486653334726,-0.0061110617006417435,0.872869828749188,-39.836104621004246,14.192093377127293,-21.558504069390143,0.49098110250425986,-0.07212539110511432,0.8681794082686111
680686.599958,392,0.9787552952766418,0.30486615366492975,0.06395714104072281,680686.604666-0 680686.59525-1,-10.432819608382074,11.894760305897147,30.532262280438722,19.810830831295853,14.403192514492243,-23.689251720920165,-0.48651614520045267,-0.006577433689293248,0.8736468267128055,-39.836104621004246,14.192093377127293,-21.558504069390143,0.49098110250425986,-0.07212539110511432,0.8681794082686111
680686.6052865,393,0.9787552952766418,0.30459324655976044,0.06151478708995772,680686.604666-0 680686.605907-1,-10.511908000209027,12.043784227352177,30.686624932874356,19.810830831295853,14.403192514492243,-23.689251720920165,-0.48651614520045267,-0.006577433689293248,0.8736468267128055,-39.836104621004246,14.192093377127293,-21.558504069390143,0.4889629330233011,-0.06709046754119617,0.8697207133869783
680686.608491,393,0.9533794522285461,0.308391718899995,0.06346789691038701,680686.611075-0 680686.605907-1,-10.361513541437887,12.052556662482075,30.954822211541362,19.810830831295853,14.403192514492243,-23.689251720920165,-0.48285122636552047,-0.0060107156918205494,0.8756817712469439,-39.836104621004246,14.192093377127293,-21.558504069390143,0.4889629330233011,-0.06709046754119617,0.8697207133869783
680686.612237,393,0.9533794522285461,0.30783093483000357,0.06317265880524459,680686.611075-0 680686.613399-1,-10.458628741641654,12.138286273443706,31.137767370528383,19.810830831295853,14.403192514492243,-23.689251720920165,-0.48285122636552047,-0.0060107156918205494,0.8756817712469439,-39.836104621004246,14.192093377127293,-21.558504069390143,0.4864918253702484,-0.06412045924004613,0.8713290254288383
680686.6181505,393,0.9650501012802124,0.30605380930908693,0.061903135025658806,680686.622902-0 680686.613399-1,-10.530294978821178,12.146139583204311,31.00924970290191,19.810830831295853,14.403192514492243,-23.689251720920165,-0.48459666125385226,-0.005883056119175412,0.8747179348523256,-39.836104621004246,14.192093377127293,-21.558504069390143,0.4864918253702484,-0.06412045924004613,0.8713290254288383
680686.624221,393,0.9650501012802124,0.30583251542830564,0.061572625586650664,680686.622902-0 680686.62554-1,-10.57214582452976,12.190532206616918,31.088163403970402,19.810830831295853,14.403192514492243,-23.689251720920165,-0.48459666125385226,-0.005883056119175412,0.8747179348523256,-39.836104621004246,14.192093377127293,-21.558504069390143,0.48542807874458616,-0.06260086286160027,0.8720325179345797
680686.6288635,393,0.9513203501701355,0.3120713623812251,0.0669030001568699,680686.632187-0 680686.62554-1,-10.316713856236372,12.13315689417395,31.547180070701447,19.810830831295853,14.403192514492243,-23.689251720920165,-0.47838605253698246,-0.007293460959659747,0.8781193484745187,-39.836104621004246,14.192093377127293,-21.558504069390143,0.48542807874458616,-0.06260086286160027,0.8720325179345797
680686.634419,393,0.9346922039985657,0.3117203961391065,0.06573811432873522,680686.632187-0 680686.636651-1,-10.38847638128518,12.231353505295962,31.685976858863295,19.810830831295853,14.403192514492243,-23.689251720920165,-0.47838605253698246,-0.007293460959659747,0.8781193484745187,-39.836104621004246,14.192093377127293,-21.558504069390143,0.4836062547852518,-0.05930279237019207,0.8732743951071048
680686.639033,394,0.8682304322719574,0.31256183338796334,0.06552288522770955,680686.641415-0 680686.636651-1,-10.355966445731044,12.256354646569898,31.745113170693333,19.810830831295853,14.403192514492243,-23.689251720920165,-0.4775981438238697,-0.006432254445789374,0.8785548583433699,-39.836104621004246,14.192093377127293,-21.558504069390143,0.4836062547852518,-0.05930279237019207,0.8732743951071048
680686.6435905,394,0.8848585784435272,0.31224496447582356,0.0647615988972422,680686.641415-0 680686.645766-1,-10.417273130007962,12.331964505822109,31.863058138138356,19.810830831295853,14.403192514492243,-23.689251720920165,-0.4775981438238697,-0.006432254445789374,0.8785548583433699,-39.836104621004246,14.192093377127293,-21.558504069390143,0.4820522211227496,-0.0567647187620436,0.8743016772341741
680686.6480395,394,0.916697084903717,0.31087689727730117,0.06440519504286102,680686.650313-0 680686.645766-1,-10.47197015557905,12.315802471837447,31.763480198043997,19.810830831295853,14.403192514492243,-23.689251720920165,-0.47892447315477515,-0.007041639706123281,0.8778278671377835,-39.836104621004246,14.192093377127293,-21.558504069390143,0.4820522211227496,-0.0567647187620436,0.8743016772341741
680686.6520075,394,0.916697084903717,0.31068426718118214,0.06530285450912154,680686.650313-0 680686.653702-1,-10.492965114787328,12.298728686346731,31.800911526355698,19.810830831295853,14.403192514492243,-23.689251720920165,-0.47892447315477515,-0.007041639706123281,0.8778278671377835,-39.836104621004246,14.192093377127293,-21.558504069390143,0.4815214497693056,-0.05727985961231316,0.8745605245463917
680686.6563055001,394,0.9203513860702515,0.3100160229204011,0.06543459485419478,680686.658909-0 680686.653702-1,-10.51884542410124,12.280182232616808,31.753573262144865,19.810830831295853,14.403192514492243,-23.689251720920165,-0.47955244801380215,-0.00768219459745259,0.8774795914949453,-39.836104621004246,14.192093377127293,-21.558504069390143,0.4815214497693056,-0.05727985961231316,0.8745605245463917
680686.6610835,394,0.9203513860702515,0.30988954692760895,0.06746903208533617,680686.658909-0 680686.663258-1,-10.514702501569106,12.201732760013783,31.7407447386009,19.810830831295853,14.403192514492243,-23.689251720920165,-0.47955244801380215,-0.00768219459745259,0.8774795914949453,-39.836104621004246,14.192093377127293,-21.558504069390143,0.4816280944787673,-0.05981562787121869,0.8743320131798464
680686.666294,394,0.9243873953819275,0.30994506364792596,0.06840877233543352,680686.66933-0 680686.663258-1,-10.510181358346813,12.170039699468546,31.74850547352537,19.810830831295853,14.403192514492243,-23.689251720920165,-0.47944236391063566,-0.008696106869553619,0.8775302829037268,-39.836104621004246,14.192093377127293,-21.558504069390143,0.4816280944787673,-0.05981562787121869,0.8743320131798464
680686.6711975,394,0.9243873953819275,0.30486050157993894,0.08272294318073126,680686.66933-0 680686.673065-1,-11.212261881286656,12.15869211998583,33.034886099602396,19.810830831295853,14.403192514492243,-23.689251720920165,-0.47944236391063566,-0.008696106869553619,0.8775302829037268,-39.836104621004246,14.192093377127293,-21.558504069390143,0.4640014807293984,-0.05894522795596474,0.8838710799557506
680686.6758095,395,0.9996568560600281,0.29153106398650275,0.07251768832082273,680686.678554-0 680686.673065-1,-11.758275703599418,12.246169037708812,31.994211814118422,19.810830831295853,14.403192514492243,-23.689251720920165,-0.49279360402699646,-0.006875250486557363,0.8701190693007655,-39.836104621004246,14.192093377127293,-21.558504069390143,0.4640014807293984,-0.05894522795596474,0.8838710799557506
680686.680991,395,0.9946568560600281,0.28287335675998193,0.09406649988441396,680686.678554-0 680686.683428-1,-13.241242562073722,12.467760631113794,34.62968606681088,19.810830831295853,14.403192514492243,-23.689251720920165,-0.49279360402699646,-0.006875250486557363,0.8701190693007655,-39.836104621004246,14.192093377127293,-21.558504069390143,0.42760062460466375,-0.049699142529878615,0.9026005213102284
680686.6849819999,395,0.995,0.25976045309777807,0.07588485049625182,680686.686536-0 680686.683428-1,-14.17315131600335,12.64897778732838,32.662339990461376,19.810830831295853,14.403192514492243,-23.689251720920165,-0.5161551950452083,-0.0026492169996951307,0.8564909785147367,-39.836104621004246,14.192093377127293,-21.558504069390143,0.42760062460466375,-0.049699142529878615,0.9026005213102284
680686.6889865,395,0.995,0.25017150253647646,0.11024463703421894,680686.686536-0 680686.691437-1,-16.156997188356023,12.574836816554757,35.953481253362334,19.810830831295853,14.403192514492243,-23.689251720920165,-0.5161551950452083,-0.0026492169996951307,0.8564909785147367,-39.836104621004246,14.192093377127293,-21.558504069390143,0.3805425176006066,-0.04957215440099804,0.9234338058606234
680686.6931489999,395,0.995,0.22100786809606868,0.09153932343689974,680686.6948609999-0 680686.691437-1,-17.268089572240253,12.670880027528506,33.255092297644204,19.810830831295853,14.403192514492243,-23.689251720920165,-0.5453881910199251,-0.0015520534058395504,0.8381821474036767,-39.836104621004246,14.192093377127293,-21.558504069390143,0.3805425176006066,-0.04957215440099804,0.9234338058606234
680686.6990649999,395,0.995,0.21349016545103344,0.12409886395929826,680686.6948609999-0 680686.7032689999-1,-19.375377683789416,12.57330789970511,36.491431385368614,19.810830831295853,14.403192514492243,-23.689251720920165,-0.5453881910199251,-0.0015520534058395504,0.8381821474036767,-39.836104621004246,14.192093377127293,-21.558504069390143,0.33227303670259556,-0.05019682077876982,0.941846541780634
680686.7041165,395,0.99,0.13716268006339688,0.06806775298431689,680686.704964-0 680686.7032689999-1,-22.01052014982727,13.173002033737244,29.01771450009041,19.810830831295853,14.403192514492243,-23.689251720920165,-0.6212507633018541,0.012933923789582552,0.7835050751030708,-39.836104621004246,14.192093377127293,-21.558504069390143,0.33227303670259556,-0.05019682077876982,0.941846541780634
680686.7079335,395,0.99,0.13385350710793245,0.09098284353653174,680686.704964-0 680686.710903-1,-23.581341703636006,13.140421651267044,30.998224134612904,19.810830831295853,14.403192514492243,-23.689251720920165,-0.6212507633018541,0.012933923789582552,0.7835050751030708,-39.836104621004246,14.192093377127293,-21.558504069390143,0.29536196894209477,-0.050114746525699215,0.9540701334196109
680686.71282,396,0.995,0.11060806515384339,0.07680052546205551,680686.714737-0 680686.710903-1,-24.29935807562706,13.224855427404876,28.67668456432577,19.810830831295853,14.403192514492243,-23.689251720920165,-0.6439126308203957,0.014533837428271135,0.7649609738016473,-39.836104621004246,14.192093377127293,-21.558504069390143,0.29536196894209477,-0.050114746525699215,0.9540701334196109
680686.7184184999,396,0.995,0.10899072543512145,0.09130878523425867,680686.714737-0 680686.7221-1,-25.621663049922706,13.343410517669284,30.255457135949708,19.810830831295853,14.403192514492243,-23.689251720920165,-0.6439126308203957,0.014533837428271135,0.7649609738016473,-39.836104621004246,14.192093377127293,-21.558504069390143,0.264499110487359,-0.04533899890091898,0.963319570926522
680686.7222015,396,0.995,0.10193324096972622,0.08800195511901099,680686.7223029999-0 680686.7221-1,-25.824256706146272,13.329207793278098,29.51692059189367,19.810830831295853,14.403192514492243,-23.689251720920165,-0.6507695297326103,0.01374232170246205,0.7591509518968035,-39.836104621004246,14.192093377127293,-21.558504069390143,0.264499110487359,-0.04533899890091898,0.963319570926522
680686.7260545,396,1.0,0.10161515556248957,0.08958201057462245,680686.7223029999-0 680686.729806-1,-25.60351858155563,13.146624767310687,29.248420835796374,19.810830831295853,14.403192514492243,-23.689251720920165,-0.6507695297326103,0.01374232170246205,0.7591509518968035,-39.836104621004246,14.192093377127293,-21.558504069390143,0.26964594609634457,-0.05154663229039035,0.9615789143140185
680686.730426,396,1.0,0.09811055088669765,0.09114323701534832,680686.731046-0 680686.729806-1,-25.693490785995053,13.019075563168574,28.926561473465632,19.810830831295853,14.403192514492243,-23.689251720920165,-0.6538117102690627,0.009303348341854496,0.756600089363379,-39.836104621004246,14.192093377127293,-21.558504069390143,0.26964594609634457,-0.05154663229039035,0.9615789143140185
680686.7359150001,396,0.9346785247325897,0.09843674820697115,0.08831156499865866,680686.731046-0 680686.740784-1,-25.54417954088256,13.0568480404613,28.755967704577333,19.810830831295853,14.403192514492243,-23.689251720920165,-0.6538117102690627,0.009303348341854496,0.756600089363379,-39.836104621004246,14.192093377127293,-21.558504069390143,0.2731431113468975,-0.05039947732593668,0.9606522437432855
680686.7408665,396,0.9346785247325897,0.10299978629327966,0.09429888550631582,680686.740949-0 680686.740784-1,-25.399433655217358,12.915843411423793,29.264348825504058,19.810830831295853,14.403192514492243,-23.689251720920165,-0.6490085791814604,0.004909646981797255,0.760765245996014,-39.836104621004246,14.192093377127293,-21.558504069390143,0.2731431113468975,-0.05039947732593668,0.9606522437432855
680686.7447835,396,1.0,0.10307113325296532,0.09341169874648281,680686.740949-0 680686.748618-1,-25.275013719008673,12.887153116251795,29.116630919270847,19.810830831295853,14.403192514492243,-23.689251720920165,-0.6490085791814604,0.004909646981797255,0.760765245996014,-39.836104621004246,14.192093377127293,-21.558504069390143,0.2760531322958896,-0.051463833913762434,0.9597635864881127
680686.7502445,397,1.0,0.11231548256882765,0.10115355947059945,680686.751871-0 680686.748618-1,-24.994323414965923,12.767812356736098,30.092259563209453,19.810830831295853,14.403192514492243,-23.689251720920165,-0.6397654333948969,0.0016296311524884547,0.7685684969704042,-39.836104621004246,14.192093377127293,-21.558504069390143,0.2760531322958896,-0.051463833913762434,0.9597635864881127
680686.7548855001,397,1.0,0.11274688932878196,0.09756208074372275,680686.751871-0 680686.7579-1,-24.791477224528055,12.809757793687549,29.85083323275783,19.810830831295853,14.403192514492243,-23.689251720920165,-0.6397654333948969,0.0016296311524884547,0.7685684969704042,-39.836104621004246,14.192093377127293,-21.558504069390143,0.2807489990738356,-0.050273401290244206,0.9584636584877643
680686.7584235,397,1.0,0.11761957920235924,0.1003999958289894,680686.758947-0 680686.7579-1,-24.645699418243606,12.794849488752646,30.348952373209862,19.810830831295853,14.403192514492243,-23.689251720920165,-0.6350240720328586,0.0014837163494740664,0.7724909232635687,-39.836104621004246,14.192093377127293,-21.558504069390143,0.2807489990738356,-0.050273401290244206,0.9584636584877643
680686.7618245,397,1.0,0.11792483316507392,0.09958882836002025,680686.758947-0 680686.764702-1,-24.21594526938782,12.611295735345305,29.84729514344056,19.810830831295853,14.403192514492243,-23.689251720920165,-0.6350240720328586,0.0014837163494740664,0.7724909232635687,-39.794392612242255,13.723798357732232,-22.71631987942404,0.2842920134415792,-0.047597736325600055,0.9575554848623716
680686.7670819999,397,1.0,0.12092070722930685,0.10164326220199482,680686.769462-0 680686.764702-1,-24.125542110840225,12.590430756218934,30.15182209494227,19.810830831295853,14.403192514492243,-23.689251720920165,-0.6320933705261463,0.000988556755488075,0.7748916012529987,-39.794392612242255,13.723798357732232,-22.71631987942404,0.2842920134415792,-0.047597736325600055,0.9575554848623716
680686.7721714999,397,0.970025897026062,0.12106437843588443,0.10050318051711749,680686.769462-0 680686.7748809999-1,-24.25687242517748,12.705514273910179,30.31818970391531,19.810830831295853,14.403192514492243,-23.689251720920165,-0.6320933705261463,0.000988556755488075,0.7748916012529987,-39.794392612242255,13.723798357732232,-22.71631987942404,0.28129396938352447,-0.04374563767537096,0.9586240253471828
680686.776569,397,0.970025897026062,0.11860516302463049,0.0982002519348606,680686.778257-0 680686.7748809999-1,-24.333032870827907,12.745813327289898,30.059453876951963,19.810830831295853,14.403192514492243,-23.689251720920165,-0.6345730730651851,0.0021567049981090452,0.7728598602360961,-39.794392612242255,13.723798357732232,-22.71631987942404,0.28129396938352447,-0.04374563767537096,0.9586240253471828
680686.7810365,397,1.0,0.11908289520160067,0.09433861566363777,680686.778257-0 680686.783816-1,-24.08088901170729,12.769186196653937,29.753044218085073,19.810830831295853,14.403192514492243,-23.689251720920165,-0.6345730730651851,0.0021567049981090452,0.7728598602360961,-39.794392612242255,13.723798357732232,-22.71631987942404,0.28703628766479494,-0.0431905371465864,0.9569455298315586
680686.7861810001,398,1.0,0.12206959696754924,0.09058703368695153,680686.788546-0 680686.783816-1,-24.012464422533398,12.971231158563016,29.99783816330683,19.795456025447425,14.497521630470423,-23.17707835943824,-0.6357986488887394,0.007382843084142667,0.7718196497234623,-39.794392612242255,13.723798357732232,-22.71631987942404,0.28703628766479494,-0.0431905371465864,0.9569455298315586
680686.7908375,398,1.0,0.12311666885743015,0.08267929210474756,680686.788546-0 680686.793129-1,-23.702034883361527,13.123648613811394,29.626513978235607,19.795456025447425,14.497521630470423,-23.17707835943824,-0.6357986488887394,0.007382843084142667,0.7718196497234623,-39.794392612242255,13.723798357732232,-22.71631987942404,0.29409155215142047,-0.038408161001038506,0.955005220991847
680686.7937375,398,1.0,0.12503559736138053,0.08291647760008758,680686.794346-0 680686.793129-1,-23.64674419050116,13.152567273498986,29.80724641076664,19.795456025447425,14.497521630470423,-23.17707835943824,-0.6340259264413208,0.008399237723210587,0.7732661750043729,-39.794392612242255,13.723798357732232,-22.71631987942404,0.29409155215142047,-0.038408161001038506,0.955005220991847
680686.797792,398,0.9774981141090393,0.12557502881952284,0.07887437048040524,680686.794346-0 680686.801238-1,-23.52034691655374,13.246411880752358,29.656165971120203,19.795456025447425,14.497521630470423,-23.17707835943824,-0.6340259264413208,0.008399237723210587,0.7732661750043729,-39.794392612242255,13.723798357732232,-22.71631987942404,0.2969673282151498,-0.0354033717305414,0.9542311078784137
680686.803024,398,0.9774981141090393,0.12889977753139842,0.07707077072873136,680686.80481-0 680686.801238-1,-23.431736085165888,13.381678763814215,29.94475278186273,19.795456025447425,14.497521630470423,-23.17707835943824,-0.6311941468820155,0.012918519707326187,0.7755172859391697,-39.794392612242255,13.723798357732232,-22.71631987942404,0.2969673282151498,-0.0354033717305414,0.9542311078784137
680686.8079945,398,0.9952414929866791,0.12962156091393914,0.07202592535645791,680686.80481-0 680686.811179-1,-23.129367429871767,13.415087883690545,29.574002959207924,19.795456025447425,14.497521630470423,-23.17707835943824,-0.6311941468820155,0.012918519707326187,0.7755172859391697,-39.794392612242255,13.723798357732232,-22.71631987942404,0.3038946201635675,-0.0344485277586847,0.9520826428261888
680686.8117315,398,0.9952414929866791,0.13247928958561078,0.07187194102002614,680686.812284-0 680686.811179-1,-23.047155637461195,13.478542131142401,29.833251412700125,19.795456025447425,14.497521630470423,-23.17707835943824,-0.6286073242084128,0.015062056282412317,0.777576984235056,-39.794392612242255,13.723798357732232,-22.71631987942404,0.3038946201635675,-0.0344485277586847,0.9520826428261888
680686.815888,398,0.9708229899406433,0.13304655778506916,0.0678457646582421,680686.812284-0 680686.819492-1,-22.89138479910509,13.551943754621163,29.642650585345738,19.795456025447425,14.497521630470423,-23.17707835943824,-0.6286073242084128,0.015062056282412317,0.777576984235056,-39.794392612242255,13.723798357732232,-22.71631987942404,0.3074611098123306,-0.03210053840726865,0.9510190436510372
680686.8210965,399,0.9708229899406433,0.1340329173898002,0.06582835016649602,680686.822701-0 680686.819492-1,-22.86999086807726,13.648378896273446,29.71047123717429,19.795456025447425,14.497521630470423,-23.17707835943824,-0.6279311069182958,0.01824279462342602,0.778055091499754,-39.794392612242255,13.723798357732232,-22.71631987942404,0.3074611098123306,-0.03210053840726865,0.9510190436510372
680686.825215,399,1.0,0.13399507328061003,0.0664166269464671,680686.822701-0 680686.827729-1,-22.746449445333134,13.55234062270254,29.554216149518965,19.795456025447425,14.497521630470423,-23.17707835943824,-0.6279311069182958,0.01824279462342602,0.778055091499754,-39.794392612242255,13.723798357732232,-22.71631987942404,0.31032710532227425,-0.03530159791483473,0.9499741495887966
680686.8282560001,399,1.0,0.1329525552891549,0.06674882427830553,680686.828783-0 680686.827729-1,-22.775714822892667,13.518837748810991,29.463986393188495,19.795456025447425,14.497521630470423,-23.17707835943824,-0.6288429918975922,0.01712183699935385,0.7773437683798925,-39.794392612242255,13.723798357732232,-22.71631987942404,0.31032710532227425,-0.03530159791483473,0.9499741495887966
680686.832308,399,1.0,0.13328454627634184,0.06464158055271696,680686.828783-0 680686.835833-1,-22.58752784063782,13.493612188302766,29.23027971270125,19.795456025447425,14.497521630470423,-23.17707835943824,-0.6288429918975922,0.01712183699935385,0.7773437683798925,-39.794392612242255,13.723798357732232,-22.71631987942404,0.3146894730350108,-0.036211458535487115,0.9485036983753304
680686.837365,399,1.0,0.13138314524567035,0.06457423124561645,680686.838897-0 680686.835833-1,-22.64344055323933,13.45847849606069,29.060925307642204,19.795456025447425,14.497521630470423,-23.17707835943824,-0.6305721883622455,0.015921010877721572,0.7759672909837629,-39.794392612242255,13.723798357732232,-22.71631987942404,0.3146894730350108,-0.036211458535487115,0.9485036983753304
680686.8419369999,399,1.0,0.13187275361027845,0.06114337256075608,680686.838897-0 680686.844977-1,-22.517121110791052,13.52135110632453,28.90743626658589,19.795456025447425,14.497521630470423,-23.17707835943824,-0.6305721883622455,0.015921010877721572,0.7759672909837629,-39.794392612242255,13.723798357732232,-22.71631987942404,0.3176181702660671,-0.03417661517645005,0.9476025838356058
680686.84537,399,1.0,0.13112601447387826,0.05971988602379574,680686.845763-0 680686.844977-1,-22.544367119503434,13.559555769734384,28.826588033573206,19.795456025447425,14.497521630470423,-23.17707835943824,-0.631406790744395,0.017177505017273713,0.7752615029286859,-39.794392612242255,13.723798357732232,-22.71631987942404,0.3176181702660671,-0.03417661517645005,0.9476025838356058
680686.8493145,399,1.0,0.13120617108807578,0.05932949613395999,680686.845763-0 680686.852866-1,-22.42914101081588,13.50679193511213,28.683204991762075,19.795456025447425,14.497521630470423,-23.17707835943824,-0.631406790744395,0.017177505017273713,0.7752615029286859,-39.794392612242255,13.723798357732232,-22.71631987942404,0.32032182271592446,-0.035980485225897786,0.94662523449085
680686.8529265,399,1.0,0.13389968159124122,0.060392948982570305,680686.852987-0 680686.852866-1,-22.345930198250034,13.520213383354637,28.929698414387857,19.795456025447425,14.497521630470423,-23.17707835943824,-0.6288576452300737,0.01767361402387514,0.7773195645312302,-39.794392612242255,13.723798357732232,-22.71631987942404,0.32032182271592446,-0.035980485225897786,0.94662523449085
680686.857284,400,0.9920718371868134,0.1339199770092431,0.06039654399050798,680686.852987-0 680686.861581-1,-22.274286368467045,13.477500199955545,28.839542817729217,19.795456025447425,14.497521630470423,-23.17707835943824,-0.6288576452300737,0.01767361402387514,0.7773195645312302,-39.794392612242255,13.723798357732232,-22.71631987942404,0.32200378512087924,-0.03743133333961411,0.9459981277213213
680686.8616754999,400,0.9920718371868134,0.13633738774805795,0.06063667119806582,680686.86177-0 680686.861581-1,-22.20197740542678,13.516126483535572,29.05282063808817,19.795456025447425,14.497521630470423,-23.17707835943824,-0.6266484335398804,0.019001975662028714,0.7790703855640728,-39.794392612242255,13.723798357732232,-22.71631987942404,0.32200378512087924,-0.03743133333961411,0.9459981277213213
680686.865927,400,0.9850123822689056,0.13701589958476745,0.05618187135293673,680686.86177-0 680686.8700839999-1,-21.965217979224356,13.55140393407222,28.75943619956362,19.795456025447425,14.497521630470423,-23.17707835943824,-0.6266484335398804,0.019001975662028714,0.7790703855640728,-39.794392612242255,13.723798357732232,-22.71631987942404,0.3275319760561262,-0.03635225804155173,0.9441405181412614
680686.870101,400,0.9850123822689056,0.13820166169808407,0.056446194069016076,680686.870118-0 680686.8700839999-1,-21.928946147469375,13.56493712173752,28.864306258952524,19.795456025447425,14.497521630470423,-23.17707835943824,-0.6255504438349166,0.019471604800512854,0.7799407021206363,-39.794392612242255,13.723798357732232,-22.71631987942404,0.3275319760561262,-0.03635225804155173,0.9441405181412614
680686.874611,400,0.9924782812595367,0.1373895357647949,0.06260510525731577,680686.870118-0 680686.8791039999-1,-21.87778966046248,13.290190633387024,28.78934495384589,19.795456025447425,14.497521630470423,-23.17707835943824,-0.6255504438349166,0.019471604800512854,0.7799407021206363,-39.794392612242255,13.723798357732232,-22.71631987942404,0.3287882826935307,-0.04552606368142082,0.9433056994893618
680686.8790879999,400,0.9924782812595367,0.1373241076210771,0.07544147653598421,680686.879072-0 680686.8791039999-1,-21.832290061748623,12.81863786855719,28.91072911796842,19.795456025447425,14.497521630470423,-23.17707835943824,-0.6242175895266393,0.0038159437472996558,0.7812412172299086,-39.794392612242255,13.723798357732232,-22.71631987942404,0.3287882826935307,-0.04552606368142082,0.9433056994893618
680686.8830404999,400,0.9924782812595367,0.13270677502976333,0.0983430877814202,680686.8869769999-0 680686.8791039999-1,-21.882652697981154,11.904661099862718,28.723546869919275,19.795456025447425,14.497521630470423,-23.17707835943824,-0.6257710129470451,-0.026771031897631442,0.7795472732338716,-39.794392612242255,13.723798357732232,-22.71631987942404,0.3287882826935307,-0.04552606368142082,0.9433056994893618
680686.8870814999,400,0.995,0.12904854649097652,0.127950615290234,680686.8869769999-0 680686.887186-1,-22.045583583860996,10.868079565284232,28.86490545523398,19.795456025447425,14.497521630470423,-23.17707835943824,-0.6257710129470451,-0.026771031897631442,0.7795472732338716,-39.794392612242255,13.723798357732232,-22.71631987942404,0.3251469879018876,-0.07974033933942466,0.9422955558318012
680686.8914445001,401,0.99,0.13020962818439297,0.16677195647186493,680686.895703-0 680686.887186-1,-21.879022265431665,9.50824921081906,29.22513877117294,19.795456025447425,14.497521630470423,-23.17707835943824,-0.6207559007913107,-0.07107065317410295,0.7807759434627675,-39.794392612242255,13.723798357732232,-22.71631987942404,0.3251469879018876,-0.07974033933942466,0.9422955558318012
680686.896117,401,0.99,0.1232090069786826,0.23000182425833815,680686.895703-0 680686.896531-1,-21.603146717729665,7.1406081586306485,28.58621441616706,19.795456025447425,14.497521630470423,-23.17707835943824,-0.6207559007913107,-0.07107065317410295,0.7807759434627675,-39.794392612242255,13.723798357732232,-22.71631987942404,0.3319913003644062,-0.15913429502872856,0.9297623635252507
680686.9000840001,401,0.9251541447639465,0.11219074282713311,0.2452622988463209,680686.903637-0 680686.896531-1,-21.864940932217472,6.527344295485418,27.74924808804906,19.795456025447425,14.497521630470423,-23.17707835943824,-0.6286736385620014,-0.0942099339416863,0.7719416717109634,-39.794392612242255,13.723798357732232,-22.71631987942404,0.3319913003644062,-0.15913429502872856,0.9297623635252507
680686.904054,401,0.9301541447639465,0.10900255920108984,0.27188619880682674,680686.903637-0 680686.904471-1,-21.50425253907736,5.530574725329293,27.106239265885968,19.795456025447425,14.497521630470423,-23.17707835943824,-0.6286736385620014,-0.0942099339416863,0.7719416717109634,-39.794392612242255,13.723798357732232,-22.71631987942404,0.3407642757119752,-0.19460759780995784,0.9197867096632405
680686.9085575,401,0.995,0.1204599600023896,0.32917883593344477,680686.912644-0 680686.904471-1,-21.03601476926152,3.7624764316240196,28.090895642737486,19.795456025447425,14.497521630470423,-23.17707835943824,-0.6148963916792614,-0.1478879244881265,0.7746170597723872,-39.794392612242255,13.723798357732232,-22.71631987942404,0.3407642757119752,-0.19460759780995784,0.9197867096632405
680686.9127415,401,0.995,0.11906009958745281,0.342943760016711,680686.912644-0 680686.912839-1,-20.429561400242477,3.218733295134726,27.17537914691006,19.795456025447425,14.497521630470423,-23.17707835943824,-0.6148963916792614,-0.1478879244881265,0.7746170597723872,-39.794392612242255,13.723798357732232,-22.71631987942404,0.35522775522435346,-0.21700110487540775,0.9092435110580219
680686.9168185,401,1.0,0.1319919845569602,0.37519478488339575,680686.920798-0 680686.912839-1,-19.992679514161864,2.261284589956489,28.13326982189932,19.795456025447425,14.497521630470423,-23.17707835943824,-0.6022759409317984,-0.1737348314361915,0.7791533220878638,-39.794392612242255,13.723798357732232,-22.71631987942404,0.35522775522435346,-0.21700110487540775,0.9092435110580219
680686.9217439999,402,1.0,0.13152952639691134,0.3816102650270179,680686.920798-0 680686.92269-1,-19.429943302608073,2.0015081989119565,27.30386266250542,19.795456025447425,14.497521630470423,-23.17707835943824,-0.6022759409317984,-0.1737348314361915,0.7791533220878638,-39.794392612242255,13.723798357732232,-22.71631987942404,0.36862965276699383,-0.2301444622289581,0.9006362781979355
680686.926126,402,1.0,0.14501725537072133,0.4079015955750105,680686.929562-0 680686.92269-1,-18.99201853924515,1.2278387190785294,28.245003285005307,19.795456025447425,14.497521630470423,-23.17707835943824,-0.5898790259600393,-0.1930045697126583,0.7840867112778194,-39.794392612242255,13.723798357732232,-22.71631987942404,0.36862965276699383,-0.2301444622289581,0.9006362781979355
680686.9295325,402,1.0,0.14578237461758917,0.4016044028774092,680686.929562-0 680686.929503-1,-18.48634280286893,1.3857036689488638,27.570877205312563,19.795456025447425,14.497521630470423,-23.17707835943824,-0.5898790259600393,-0.1930045697126583,0.7840867112778194,-39.794392612242255,13.723798357732232,-22.71631987942404,0.3806407768361438,-0.22934611703439067,0.89583087556236
680686.934656,402,1.0,0.14724209580403894,0.3863499423447385,680686.929562-0 680686.93975-1,-18.05939723615461,1.8059950869533834,27.070957444583208,19.795456025447425,14.497521630470423,-23.17707835943824,-0.5898790259600393,-0.1930045697126583,0.7840867112778194,-39.794392612242255,13.723798357732232,-22.71631987942404,0.3908478110897631,-0.2190274953591869,0.8940161882443862
680686.938891,402,1.0,0.14704752821269956,0.39122491702046047,680686.938032-0 680686.93975-1,-18.052837892146314,1.661739928481719,27.04818467542648,19.795456025447425,14.497521630470423,-23.17707835943824,-0.5896898021412582,-0.19777629071491043,0.7830392557730772,-39.794392612242255,13.723798357732232,-22.71631987942404,0.3908478110897631,-0.2190274953591869,0.8940161882443862
680686.943489,402,1.0,0.14976428612603815,0.3934911110722006,680686.947228-0 680686.93975-1,-17.97110516907626,1.600790008492515,27.231018931884865,19.795456025447425,14.497521630470423,-23.17707835943824,-0.5874315807152891,-0.19867182470287556,0.7845085366314162,-39.794392612242255,13.723798357732232,-22.71631987942404,0.3908478110897631,-0.2190274953591869,0.8940161882443862
680686.947394,402,1.0,0.15123935540393146,0.37869885140333415,680686.947228-0 680686.94756-1,-17.537840108665897,1.994371238689399,26.709039945814766,19.795456025447425,14.497521630470423,-23.17707835943824,-0.5874315807152891,-0.19867182470287556,0.7845085366314162,-39.794392612242255,13.723798357732232,-22.71631987942404,0.40128672903344875,-0.20956325124958797,0.8916569995392497
680686.9517595,402,1.0,0.15272157333349817,0.37568373309349457,680686.955959-0 680686.94756-1,-17.503880579798672,2.0860876834790503,26.813885534333533,19.795456025447425,14.497521630470423,-23.17707835943824,-0.5865101669424645,-0.19510755800755233,0.7860908757144123,-39.794392612242255,13.723798357732232,-22.71631987942404,0.40128672903344875,-0.20956325124958797,0.8916569995392497
680686.9567765,403,1.0,0.15397627603216363,0.36216487401991815,680686.955959-0 680686.957594-1,-17.288253582800834,2.454358661953483,26.589514308435692,19.795456025447425,14.497521630470423,-23.17707835943824,-0.5865101669424645,-0.19510755800755233,0.7860908757144123,-39.794392612242255,13.723798357732232,-22.71631987942404,0.40649447569631014,-0.1989507461149687,0.8917291303129437
680686.9615885001,403,1.0,0.16129276718780966,0.36041685956515346,680686.965583-0 680686.957594-1,-17.085860563036498,2.5294430639558865,27.07900922732348,19.795456025447425,14.497521630470423,-23.17707835943824,-0.581015398213079,-0.18998815204234554,0.791407359785611,-39.794392612242255,13.723798357732232,-22.71631987942404,0.40649447569631014,-0.1989507461149687,0.8917291303129437
680686.9655525,403,1.0,0.16228701917557498,0.3522252639884602,680686.965583-0 680686.965522-1,-16.779917600799966,2.7245076892925706,26.682222330012788,19.795456025447425,14.497521630470423,-23.17707835943824,-0.581015398213079,-0.18998815204234554,0.791407359785611,-39.794392612242255,13.723798357732232,-22.71631987942404,0.41392735334593284,-0.19488573022721292,0.8892039688990582
680686.970037,403,1.0,0.16265406015650202,0.3488032182601415,680686.965583-0 680686.974491-1,-16.699385224122018,2.811373678249966,26.585029427105177,19.795456025447425,14.497521630470423,-23.17707835943824,-0.581015398213079,-0.18998815204234554,0.791407359785611,-39.794392612242255,13.723798357732232,-22.71631987942404,0.4158875468702889,-0.1926033547256507,0.8887865301109363
680686.9736545,403,1.0,0.17633617990298206,0.35777770342791204,680686.972818-0 680686.974491-1,-16.28394588584179,2.600932756234263,27.468243283316742,19.795456025447425,14.497521630470423,-23.17707835943824,-0.5698294277140269,-0.19208386735581043,0.7989982548245894,-39.794392612242255,13.723798357732232,-22.71631987942404,0.4158875468702889,-0.1926033547256507,0.8887865301109363
680686.9777589999,403,1.0,0.18604569422067424,0.363975220364693,680686.981027-0 680686.974491-1,-15.984940874655718,2.452858130138286,28.104787376739303,19.795456025447425,14.497521630470423,-23.17707835943824,-0.5618245797880864,-0.19343449065237642,0.8043234668788394,-39.794392612242255,13.723798357732232,-22.71631987942404,0.4158875468702889,-0.1926033547256507,0.8887865301109363
680686.982353,403,1.0,0.18634613899260147,0.36368073792157907,680686.981027-0 680686.9836789999-1,-15.839881004602278,2.4414930846740077,27.884498126182063,19.795456025447425,14.497521630470423,-23.17707835943824,-0.5618245797880864,-0.19343449065237642,0.8043234668788394,-39.794392612242255,13.723798357732232,-22.71631987942404,0.4194051275619623,-0.19420561436193529,0.8867826781827874
680686.9868475,404,1.0,0.20527713499605796,0.37289811983057086,680686.990016-0 680686.9836789999-1,-15.252210810881012,2.2313557567404114,29.14293041948377,19.795456025447425,14.497521630470423,-23.17707835943824,-0.5462495695751787,-0.19339002621431037,0.8149918438240715,-39.794392612242255,13.723798357732232,-22.71631987942404,0.4194051275619623,-0.19420561436193529,0.8867826781827874
680686.991707,404,1.0,0.20658168296242865,0.368405986662521,680686.990016-0 680686.993398-1,-14.86158452452931,2.314598852119347,28.548695926758338,19.795456025447425,14.497521630470423,-23.17707835943824,-0.5462495695751787,-0.19339002621431037,0.8149918438240715,-39.794392612242255,13.723798357732232,-22.71631987942404,0.42884691903365524,-0.1948838356520314,0.8821057819994683
680686.994983,404,1.0,0.21514116144663537,0.3727994054762205,680686.996568-0 680686.993398-1,-14.590577729866428,2.212921477006109,29.111582818408266,19.795456025447425,14.497521630470423,-23.17707835943824,-0.539155161178211,-0.19360067858729438,0.8196526638921122,-39.794392612242255,13.723798357732232,-22.71631987942404,0.42884691903365524,-0.1948838356520314,0.8821057819994683
680686.9989954999,404,1.0,0.21535246204200056,0.3732192056866539,680686.996568-0 680687.001423-1,-14.508546163370001,2.1898648829290197,28.975875849132144,19.795456025447425,14.497521630470423,-23.17707835943824,-0.539155161178211,-0.19360067858729438,0.8196526638921122,-39.794392612242255,13.723798357732232,-22.71631987942404,0.4308372903897032,-0.1963628619001931,0.8808069343936981
680687.002859,404,1.0,0.22366842305951318,0.3760047173949044,680687.004295-0 680687.001423-1,-14.244928301918312,2.133688621018039,29.530923208020457,19.795456025447425,14.497521630470423,-23.17707835943824,-0.5322976975830053,-0.1924074045625651,0.8244019358403571,-39.794392612242255,13.723798357732232,-22.71631987942404,0.4308372903897032,-0.1963628619001931,0.8808069343936981
680687.0070185,404,1.0,0.22426182187901408,0.372306112547938,680687.004295-0 680687.009742-1,-14.132110912223887,2.230324027327221,29.36787869203101,19.795456025447425,14.497521630470423,-23.17707835943824,-0.5322976975830053,-0.1924074045625651,0.8244019358403571,-39.794392612242255,13.723798357732232,-22.71631987942404,0.4335608023728833,-0.19423578885224815,0.8799417531716099
680687.0120955,404,0.993512362241745,0.22832848850080018,0.37156460425604165,680687.014449-0 680687.009742-1,-14.006459691290676,2.266263611798781,29.645804327894325,19.795456025447425,14.497521630470423,-23.17707835943824,-0.5290494189091778,-0.1898169829732359,0.8270890068951462,-39.794392612242255,13.723798357732232,-22.71631987942404,0.4335608023728833,-0.19423578885224815,0.8799417531716099
680687.0168335,404,0.993512362241745,0.22819778702689658,0.37249948990787807,680687.014449-0 680687.019218-1,-14.028157364522903,2.2409364779179484,29.676070325493658,19.795456025447425,14.497521630470423,-23.17707835943824,-0.5290494189091778,-0.1898169829732359,0.8270890068951462,-39.794392612242255,13.723798357732232,-22.71631987942404,0.4330377776899656,-0.1948619277832009,0.8800608570967977
680687.0200905,405,1.0,0.2309160602855298,0.3741564841043663,680687.020963-0 680687.019218-1,-13.938697961306756,2.2003031175606607,29.85778600561909,19.795456025447425,14.497521630470423,-23.17707835943824,-0.526736293497636,-0.19013230508373077,0.8284917523282407,-39.794392612242255,13.723798357732232,-22.71631987942404,0.4330377776899656,-0.1948619277832009,0.8800608570967977
680687.0245465001,405,1.0,0.23155782258265467,0.37081194565840825,680687.020963-0 680687.02813-1,-13.81224627839637,2.284567696625584,29.6669187838147,19.795456025447425,14.497521630470423,-23.17707835943824,-0.526736293497636,-0.19013230508373077,0.8284917523282407,-39.794392612242255,13.723798357732232,-22.71631987942404,0.43609285410429455,-0.193270575364048,0.8789024446988529
680687.028677,405,0.9881912767887115,0.24172148072391214,0.3715742002289323,680687.0292239999-0 680687.02813-1,-13.485741348386307,2.297430338058203,30.363298708591206,19.795456025447425,14.497521630470423,-23.17707835943824,-0.5183496336519424,-0.18611267282772279,0.8346710311888257,-39.794392612242255,13.723798357732232,-22.71631987942404,0.43609285410429455,-0.193270575364048,0.8789024446988529
680687.0323115,405,0.9881912767887115,0.2416447372333968,0.37153752008966523,680687.0292239999-0 680687.035399-1,-13.506608990597913,2.3013894082538835,30.399267552186974,19.795456025447425,14.497521630470423,-23.17707835943824,-0.5183496336519424,-0.18611267282772279,0.8346710311888257,-39.794392612242255,13.723798357732232,-22.71631987942404,0.43558786290393564,-0.192956760073494,0.8792217595309627
680687.0360145001,405,1.0,0.24953496972452932,0.3744093299801565,680687.03663-0 680687.035399-1,-13.242713481118079,2.2417620496632837,30.94564557833814,19.795456025447425,14.497521630470423,-23.17707835943824,-0.5116059364558079,-0.18515159001209847,0.8390341199850979,-39.794392612242255,13.723798357732232,-22.71631987942404,0.43558786290393564,-0.192956760073494,0.8792217595309627
680687.0393955,405,1.0,0.24980102590874206,0.37470239489846013,680687.03663-0 680687.042161-1,-13.172610527936735,2.223440192977254,30.821630003523424,19.795456025447425,14.497521630470423,-23.17707835943824,-0.5116059364558079,-0.18515159001209847,0.8390341199850979,-39.794392612242255,13.723798357732232,-22.71631987942404,0.43728223437237107,-0.194174115076375,0.8781119863301111
680687.043278,405,1.0,0.2523206816357058,0.37582864666527516,680687.044395-0 680687.042161-1,-13.087034953231818,2.197733972823979,30.996406148979222,19.795456025447425,14.497521630470423,-23.17707835943824,-0.5094279046079823,-0.18504638300911264,0.8403814884574533,-39.794392612242255,13.723798357732232,-22.71631987942404,0.43728223437237107,-0.194174115076375,0.8781119863301111
680687.0477895,405,1.0,0.25345007355863236,0.36888393118326124,680687.044395-0 680687.051184-1,-12.910669144861325,2.3876676331477302,30.73129249784761,19.795456025447425,14.497521630470423,-23.17707835943824,-0.5094279046079823,-0.18504638300911264,0.8403814884574533,-39.794392612242255,13.723798357732232,-22.71631987942404,0.4415325353551852,-0.18972602806483913,0.8769567004690494
680687.0521519999,406,1.0,0.2558573482393035,0.36732806334291435,680687.0531199999-0 680687.051184-1,-12.834141129864213,2.444574033199225,30.90443890634192,19.795456025447425,14.497521630470423,-23.17707835943824,-0.5074914454257407,-0.18241161844652878,0.8421273266409364,-39.794392612242255,13.723798357732232,-22.71631987942404,0.4415325353551852,-0.18972602806483913,0.8769567004690494
680687.056693,406,0.9966066181659698,0.25674099146228047,0.36640825717207803,680687.0531199999-0 680687.060266-1,-12.642598299233711,2.4445774935574187,30.572520211652783,19.795456025447425,14.497521630470423,-23.17707835943824,-0.5074914454257407,-0.18241161844652878,0.8421273266409364,-39.794392612242255,13.723798357732232,-22.71631987942404,0.44618366643053103,-0.19145215256003473,0.8742232032443075
680687.060253,406,0.9966066181659698,0.2606623156377405,0.3685008914885065,680687.06024-0 680687.060266-1,-12.507827876645647,2.3960878661644847,30.838773629042873,19.795456025447425,14.497521630470423,-23.17707835943824,-0.5040823481056428,-0.18255913061596066,0.8441404801080481,-39.794392612242255,13.723798357732232,-22.71631987942404,0.44618366643053103,-0.19145215256003473,0.8742232032443075
680687.0652884999,406,0.9966066181659698,0.26623011854383555,0.37028138133452393,680687.070311-0 680687.060266-1,-12.316761742641345,2.362987608362862,31.224516368321247,19.795456025447425,14.497521630470423,-23.17707835943824,-0.4992684915119799,-0.181625853428655,0.8471971569532469,-39.794392612242255,13.723798357732232,-22.71631987942404,0.44618366643053103,-0.19145215256003473,0.8742232032443075
680687.070077,406,1.0,0.26739748880464126,0.3642265453809652,680687.070311-0 680687.069843-1,-12.139834907665522,2.5232190248378705,30.94377127114363,19.795456025447425,14.497521630470423,-23.17707835943824,-0.4992684915119799,-0.181625853428655,0.8471971569532469,-39.794392612242255,13.723798357732232,-22.71631987942404,0.45047513249150206,-0.18797869655978777,0.8727749793884142
680687.0735909999,406,1.0,0.2679334443978693,0.36158028887721116,680687.070311-0 680687.076871-1,-12.05855470793785,2.591539514494503,30.8136237756747,19.795456025447425,14.497521630470423,-23.17707835943824,-0.4992684915119799,-0.181625853428655,0.8471971569532469,-39.794392612242255,13.723798357732232,-22.71631987942404,0.4524527482900936,-0.18654045079174789,0.8720603022630674
680687.076949,406,1.0,0.27423064050289214,0.3624203426842294,680687.077027-0 680687.076871-1,-11.842585039548947,2.5924933250380526,31.250534876534196,19.795456025447425,14.497521630470423,-23.17707835943824,-0.4938604835603356,-0.17941857678185255,0.8508294759134323,-39.794392612242255,13.723798357732232,-22.71631987942404,0.4524527482900936,-0.18654045079174789,0.8720603022630674
680687.082379,407,1.0,0.2750828441870928,0.35884973823379884,680687.077027-0 680687.087731-1,-11.712221240551209,2.681206327931708,31.034159691289098,19.795456025447425,14.497521630470423,-23.17707835943824,-0.4938604835603356,-0.17941857678185255,0.8508294759134323,-39.794392612242255,13.723798357732232,-22.71631987942404,0.4556308398084492,-0.18490859157047815,0.870752175178948
680687.0865005001,407,0.9826213419437408,0.2758196761244027,0.35728719794761776,680687.08527-0 680687.087731-1,-11.690112781599856,2.732185884399952,31.089974278883926,19.795456025447425,14.497521630470423,-23.17707835943824,-0.4933124186544142,-0.1775685196585177,0.8515352479067524,-39.794392612242255,13.723798357732232,-22.71631987942404,0.4556308398084492,-0.18490859157047815,0.870752175178948
680687.090966,407,1.0,0.27755084330073093,0.35904830773755014,680687.0942009999-0 680687.087731-1,-11.627088751321978,2.686017567729606,31.205783246246952,19.795456025447425,14.497521630470423,-23.17707835943824,-0.49173704883169034,-0.17842182021862277,0.8522677565625565,-39.794392612242255,13.723798357732232,-22.71631987942404,0.4556308398084492,-0.18490859157047815,0.870752175178948
680687.0945715,407,1.0,0.279031368850571,0.3548710537853855,680687.0942009999-0 680687.094942-1,-11.38852266854126,2.7732740804447307,30.792418615095244,19.795456025447425,14.497521630470423,-23.17707835943824,-0.49173704883169034,-0.17842182021862277,0.8522677565625565,-39.794392612242255,13.723798357732232,-22.71631987942404,0.4614750785684192,-0.18430071904201092,0.8677983618450018
680687.0983760001,407,1.0,0.2820078420842641,0.35494498771261496,680687.10181-0 680687.094942-1,-11.286013401297323,2.7846102777332638,30.996934905203663,19.795456025447425,14.497521630470423,-23.17707835943824,-0.48918787534399666,-0.17706126885611229,0.8540167034007531,-39.794392612242255,13.723798357732232,-22.71631987942404,0.4614750785684192,-0.18430071904201092,0.8677983618450018
680687.1020275,407,1.0,0.28311245877220703,0.35192910965846524,680687.10181-0 680687.102245-1,-11.114351772631613,2.8458509001319987,30.697050589179984,19.795456025447425,14.497521630470423,-23.17707835943824,-0.48918787534399666,-0.17706126885611229,0.8540167034007531,-39.794392612242255,13.723798357732232,-22.71631987942404,0.4656979378834065,-0.18391160941124804,0.8656222909415557
680687.1066109999,407,1.0,0.283819509994463,0.3509994283472191,680687.110977-0 680687.102245-1,-11.091842947821497,2.877173736908415,30.74783944619189,19.795456025447425,14.497521630470423,-23.17707835943824,-0.48863143465010733,-0.17583806888976586,0.8545877922138225,-39.794392612242255,13.723798357732232,-22.71631987942404,0.4656979378834065,-0.18391160941124804,0.8656222909415557
680687.1118765,407,1.0,0.2843455161758301,0.348469584698999,680687.110977-0 680687.1127759999-1,-11.021913280354322,2.940880614758531,30.633137709569343,19.795456025447425,14.497521630470423,-23.17707835943824,-0.48863143465010733,-0.17583806888976586,0.8545877922138225,-39.794392612242255,13.723798357732232,-22.71631987942404,0.4674192126991054,-0.18251025067783877,0.8649909178698125
680687.1158024999,408,1.0,0.28948402687785235,0.3523550186290698,680687.118829-0 680687.1127759999-1,-10.836351713557848,2.8482520783559666,30.972076807026184,19.795456025447425,14.497521630470423,-23.17707835943824,-0.48402703968498223,-0.1770500032029666,0.8569545619340748,-39.794392612242255,13.723798357732232,-22.71631987942404,0.4674192126991054,-0.18251025067783877,0.8649909178698125
680687.119642,408,1.0,0.29005770275886833,0.34950476830288035,680687.118829-0 680687.120455-1,-10.763013010349574,2.9213824916345397,30.851280498228526,19.795456025447425,14.497521630470423,-23.17707835943824,-0.48402703968498223,-0.1770500032029666,0.8569545619340748,-39.794392612242255,13.723798357732232,-22.71631987942404,0.46922608538907284,-0.18085156740860844,0.864360799294077
680687.1239075,408,1.0,0.29573372165815204,0.3516659419203444,680687.12736-0 680687.120455-1,-10.559699122223265,2.8834332590159715,31.234783468231175,19.795456025447425,14.497521630470423,-23.17707835943824,-0.47900863838991475,-0.1763525973017632,0.8599130687300675,-39.794392612242255,13.723798357732232,-22.71631987942404,0.46922608538907284,-0.18085156740860844,0.864360799294077
680687.1268985,408,1.0,0.2962554047970601,0.35241317771726466,680687.12736-0 680687.126437-1,-10.468187882690136,2.8437579262088652,31.05612131290103,19.795456025447425,14.497521630470423,-23.17707835943824,-0.47900863838991475,-0.1763525973017632,0.8599130687300675,-39.794392612242255,13.723798357732232,-22.71631987942404,0.47149493737924053,-0.1829570788981088,0.8626814193587441
680687.13139,408,1.0,0.2968836336608794,0.3511672207710629,680687.12736-0 680687.13542-1,-10.376332153209864,2.8645942120741203,30.88864155637446,19.795456025447425,14.497521630470423,-23.17707835943824,-0.47900863838991475,-0.1763525973017632,0.8599130687300675,-39.794392612242255,13.723798357732232,-22.71631987942404,0.4737718948064516,-0.18314636753272395,0.8613928254583229
680687.134963,408,1.0,0.29924663041774363,0.3512982837624369,680687.134506-0 680687.13542-1,-10.29270080818925,2.8720123112360065,31.04945289849376,19.795456025447425,14.497521630470423,-23.17707835943824,-0.47695308497805644,-0.1753334307894982,0.8612629928062037,-39.794392612242255,13.723798357732232,-22.71631987942404,0.4737718948064516,-0.18314636753272395,0.8613928254583229
680687.1381135,408,1.0,0.298626721261757,0.3486850724547449,680687.140807-0 680687.13542-1,-10.319508490668813,2.947876463952176,31.014980079270853,19.795456025447425,14.497521630470423,-23.17707835943824,-0.47761802158639494,-0.1731533279848734,0.8613355620567752,-39.794392612242255,13.723798357732232,-22.71631987942404,0.4737718948064516,-0.18314636753272395,0.8613928254583229
680687.142159,408,1.0,0.29929406390851254,0.34564244151694234,680687.140807-0 680687.143511-1,-10.237319149322524,3.0242186465874745,30.875906725707353,19.795456025447425,14.497521630470423,-23.17707835943824,-0.47761802158639494,-0.1731533279848734,0.8613355620567752,-39.794392612242255,13.723798357732232,-22.71631987942404,0.4758081435731506,-0.18147189117735657,0.860624519300947
680687.1472070001,409,1.0,0.2993426057786815,0.3414040799481034,680687.150903-0 680687.143511-1,-10.243538610665304,3.152035724023742,30.89151477601121,19.795456025447425,14.497521630470423,-23.17707835943824,-0.47778153564092,-0.1691069955268968,0.8620485069092517,-39.794392612242255,13.723798357732232,-22.71631987942404,0.4758081435731506,-0.18147189117735657,0.860624519300947
680687.152211,409,1.0,0.3005725552181914,0.33855162112370796,680687.150903-0 680687.153519-1,-10.073310257357155,3.2027206985978447,30.582440495880537,19.795456025447425,14.497521630470423,-23.17707835943824,-0.47778153564092,-0.1691069955268968,0.8620485069092517,-39.794392612242255,13.723798357732232,-22.71631987942404,0.48004560064581225,-0.1814018866259668,0.8582829235334588
680687.155757,409,1.0,0.3059060400460894,0.34205333263730653,680687.157995-0 680687.153519-1,-9.877906474010706,3.12618201117973,30.931299074014277,19.795456025447425,14.497521630470423,-23.17707835943824,-0.47298209891953946,-0.16980842061470625,0.8645536619493354,-39.794392612242255,13.723798357732232,-22.71631987942404,0.48004560064581225,-0.1814018866259668,0.8582829235334588
680687.158911,409,1.0,0.30667028065120816,0.34129289975611576,680687.157995-0 680687.159827-1,-9.769133098826831,3.1266015052741505,30.724820291082292,19.795456025447425,14.497521630470423,-23.17707835943824,-0.47298209891953946,-0.16980842061470625,0.8645536619493354,-39.794392612242255,13.723798357732232,-22.71631987942404,0.48276395508218695,-0.18239322404823513,0.856546365058363
680687.1621000001,409,1.0,0.3121949035609482,0.3453659685213669,680687.164373-0 680687.159827-1,-9.563825020782055,3.0333833504692507,31.085843641142574,19.795456025447425,14.497521630470423,-23.17707835943824,-0.4679595044272675,-0.17095450379872087,0.8670573567227945,-39.794392612242255,13.723798357732232,-22.71631987942404,0.48276395508218695,-0.18239322404823513,0.856546365058363
680687.167171,409,1.0,0.3128262992686116,0.34434762888368675,680687.164373-0 680687.169969-1,-9.480020440111229,3.047165487990357,30.92720304780028,19.795456025447425,14.497521630470423,-23.17707835943824,-0.4679595044272675,-0.17095450379872087,0.8670573567227945,-39.794392612242255,13.723798357732232,-22.71631987942404,0.48486188638072863,-0.1827410220569097,0.8552863087837413
680687.172381,409,1.0,0.3174011038598862,0.34423913137342865,680687.174793-0 680687.169969-1,-9.31427253493966,3.074445700670255,31.238542390244554,19.795456025447425,14.497521630470423,-23.17707835943824,-0.4639293909650071,-0.16860258476451132,0.8696796471170078,-39.794392612242255,13.723798357732232,-22.71631987942404,0.48486188638072863,-0.1827410220569097,0.8552863087837413
680687.1758805,409,1.0,0.318041036226611,0.34353117391750787,680687.174793-0 680687.176968-1,-9.229822523416297,3.078463953721158,31.07489335040152,19.795456025447425,14.497521630470423,-23.17707835943824,-0.4639293909650071,-0.16860258476451132,0.8696796471170078,-39.794392612242255,13.723798357732232,-22.71631987942404,0.48698094886018833,-0.18340886256318106,0.8539383728235375
680687.179861,410,1.0,0.32037973222388405,0.34414433207563566,680687.182754-0 680687.176968-1,-9.143287177952708,3.0724407968804375,31.23221311227445,19.795456025447425,14.497521630470423,-23.17707835943824,-0.4618290418464312,-0.16802916091150338,0.8709076513560913,-39.794392612242255,13.723798357732232,-22.71631987942404,0.48698094886018833,-0.18340886256318106,0.8539383728235375
680687.1864199999,410,1.0,0.32280769067528087,0.33533999953819227,680687.182754-0 680687.190086-1,-8.870816955289508,3.279093286516063,30.73945549479368,19.795456025447425,14.497521630470423,-23.17707835943824,-0.4618290418464312,-0.16802916091150338,0.8709076513560913,-39.794392612242255,13.723798357732232,-22.71631987942404,0.4938307672003718,-0.17939600907396833,0.8508514825130322
680687.1907939999,410,1.0,0.3285237913545655,0.34250455972878835,680687.191502-0 680687.190086-1,-8.648875537899182,3.0970106691778634,31.10067376791554,19.795456025447425,14.497521630470423,-23.17707835943824,-0.45644123736849274,-0.17194744021964056,0.8729807985468135,-39.794392612242255,13.723798357732232,-22.71631987942404,0.4938307672003718,-0.17939600907396833,0.8508514825130322
680687.193946,410,1.0,0.3302041548646966,0.33874258234808896,680687.191502-0 680687.1963899999-1,-8.45686781776099,3.1682269096959326,30.733163891482057,19.795456025447425,14.497521630470423,-23.17707835943824,-0.45644123736849274,-0.17194744021964056,0.8729807985468135,-39.794392612242255,13.723798357732232,-22.71631987942404,0.49869073401883024,-0.17897087439531684,0.8481019855665566
680687.1969965,410,1.0,0.33261968571470435,0.3400916873823737,680687.197603-0 680687.1963899999-1,-8.365478670753488,3.141510678402219,30.889896395019893,19.795456025447425,14.497521630470423,-23.17707835943824,-0.4542331484684867,-0.17201868935477388,0.87411773654644,-39.794392612242255,13.723798357732232,-22.71631987942404,0.49869073401883024,-0.17897087439531684,0.8481019855665566
680687.200994,410,1.0,0.3344167026120366,0.3377851365959321,680687.197603-0 680687.2043849999-1,-8.158700121196189,3.164420810652995,30.481040066889445,19.795456025447425,14.497521630470423,-23.17707835943824,-0.4542331484684867,-0.17201868935477388,0.87411773654644,-39.794392612242255,13.723798357732232,-22.71631987942404,0.5039522973830998,-0.18024301417276098,0.8447156550012637
680687.204383,410,1.0,0.3372704934583316,0.3366624830493621,680687.204381-0 680687.2043849999-1,-8.05506546289368,3.213303901115613,30.672761725151645,19.795456025447425,14.497521630470423,-23.17707835943824,-0.45174002924122847,-0.16956025597234092,0.8758882723131577,-39.794392612242255,13.723798357732232,-22.71631987942404,0.5039522973830998,-0.18024301417276098,0.8447156550012637
680687.2086654999,410,1.0,0.34020401317960164,0.3361307835328875,680687.212946-0 680687.2043849999-1,-7.946507154500859,3.245677987610639,30.869456494868807,19.795456025447425,14.497521630470423,-23.17707835943824,-0.44913258352895635,-0.16760170016056578,0.8776044624521303,-39.794392612242255,13.723798357732232,-22.71631987942404,0.5039522973830998,-0.18024301417276098,0.8447156550012637
680687.212863,411,1.0,0.34102780982530456,0.3315151053830605,680687.212946-0 680687.21278-1,-7.8724826897819025,3.3659715969595254,30.74284924655473,19.795456025447425,14.497521630470423,-23.17707835943824,-0.44913258352895635,-0.16760170016056578,0.8776044624521303,-39.794392612242255,13.723798357732232,-22.71631987942404,0.5058353987776989,-0.1771183818468735,0.8442509272457752
680687.2166305,411,1.0,0.34170634920158066,0.3285133885103313,680687.212946-0 680687.220315-1,-7.808317874977812,3.4397066267727956,30.627019166129525,19.795456025447425,14.497521630470423,-23.17707835943824,-0.44913258352895635,-0.16760170016056578,0.8776044624521303,-39.794392612242255,13.723798357732232,-22.71631987942404,0.5074721071199761,-0.1753766530454546,0.843632082167212
680687.220315,411,0.9721002578735352,0.34601485775293045,0.3308126270917119,680687.220315-0 680687.220315-1,-7.6427157219557,3.397826653691692,30.905518772990206,19.795456025447425,14.497521630470423,-23.17707835943824,-0.44515484455692356,-0.1675826061760509,0.8796324428275388,-39.794392612242255,13.723798357732232,-22.71631987942404,0.5074721071199761,-0.1753766530454546,0.843632082167212
680687.224291,411,0.9721002578735352,0.34726274093034526,0.3270491178329654,680687.220315-0 680687.2282669999-1,-7.519730800834724,3.479670909115627,30.669218597896787,19.795456025447425,14.497521630470423,-23.17707835943824,-0.44515484455692356,-0.1675826061760509,0.8796324428275388,-39.794392612242255,13.723798357732232,-22.71631987942404,0.5106222224620811,-0.17395051965180616,0.8420250368253617
680687.228259,411,1.0,0.35066542790448113,0.3304257343265198,680687.2282509999-0 680687.2282669999-1,-7.38557048152518,3.4008406554328277,30.883709777543178,19.795456025447425,14.497521630470423,-23.17707835943824,-0.4419359755699753,-0.1690208866483737,0.8809793036011753,-39.794392612242255,13.723798357732232,-22.71631987942404,0.5106222224620811,-0.17395051965180616,0.8420250368253617
680687.2334995,411,1.0,0.3535390086272351,0.33183868596178767,680687.238732-0 680687.2282669999-1,-7.273470585706592,3.376453480044977,31.071432190406806,19.795456025447425,14.497521630470423,-23.17707835943824,-0.43925764260410566,-0.16888631847642102,0.8823435469505994,-39.794392612242255,13.723798357732232,-22.71631987942404,0.5106222224620811,-0.17395051965180616,0.8420250368253617
680687.238031,411,1.0,0.3540425170595764,0.3306737703059579,680687.238732-0 680687.23733-1,-7.223932169335548,3.3992000124471744,30.97260615531572,19.795456025447425,14.497521630470423,-23.17707835943824,-0.43925764260410566,-0.16888631847642102,0.8823435469505994,-39.794392612242255,13.723798357732232,-22.71631987942404,0.511895980117152,-0.17371214411625044,0.8413005387650927
680687.241514,411,1.0,0.35479210250329285,0.32724683084191797,680687.238732-0 680687.244296-1,-7.157477533804034,3.4848185917416803,30.850397939236984,19.795456025447425,14.497521630470423,-23.17707835943824,-0.43925764260410566,-0.16888631847642102,0.8823435469505994,-39.794392612242255,13.723798357732232,-22.71631987942404,0.5136032655207919,-0.17163244307296674,0.840686618265798
680687.2445285,411,1.0,0.35368903626787096,0.3259653214296838,680687.244761-0 680687.244296-1,-7.201604468942358,3.5157299054753626,30.781464647499725,19.795456025447425,14.497521630470423,-23.17707835943824,-0.440314100076317,-0.16824884287376843,0.8819386714197425,-39.794392612242255,13.723798357732232,-22.71631987942404,0.5136032655207919,-0.17163244307296674,0.840686618265798
680687.2492780001,412,1.0,0.35587810647037976,0.32354270463968193,680687.244761-0 680687.253795-1,-6.98119648608337,3.530615141042447,30.326840068922813,19.795456025447425,14.497521630470423,-23.17707835943824,-0.440314100076317,-0.16824884287376843,0.8819386714197425,-39.794392612242255,13.723798357732232,-22.71631987942404,0.5192984227358249,-0.17330762200362645,0.8368354774383868
680687.2530944999,412,1.0,0.36432306820240357,0.32827670229441597,680687.252394-0 680687.253795-1,-6.65014732447016,3.445219766981343,30.86553753401076,19.795456025447425,14.497521630470423,-23.17707835943824,-0.4324157396395964,-0.1683505639383953,0.8858186697815557,-39.794392612242255,13.723798357732232,-22.71631987942404,0.5192984227358249,-0.17330762200362645,0.8368354774383868
680687.2572765,412,0.9830239117145538,0.36917119332328524,0.33373975719187043,680687.260758-0 680687.253795-1,-6.452459232068534,3.313784357534886,31.170781904820423,19.795456025447425,14.497521630470423,-23.17707835943824,-0.4277178535903095,-0.17097543556067474,0.8875949741604757,-39.794392612242255,13.723798357732232,-22.71631987942404,0.5192984227358249,-0.17330762200362645,0.8368354774383868
680687.2604975,412,0.9830239117145538,0.36947796297643576,0.3315606392248571,680687.260758-0 680687.260237-1,-6.429401432804919,3.373117699066836,31.13235542464332,19.795456025447425,14.497521630470423,-23.17707835943824,-0.4277178535903095,-0.17097543556067474,0.8875949741604757,-39.794392612242255,13.723798357732232,-22.71631987942404,0.5198947024815238,-0.17165679848717344,0.8368054982281018
680687.2645099999,412,0.9830239117145538,0.37000994668352494,0.33197307288753186,680687.260758-0 680687.2682619999-1,-6.376245565623201,3.3476327331533353,31.013237061302085,19.795456025447425,14.497521630470423,-23.17707835943824,-0.4277178535903095,-0.17097543556067474,0.8875949741604757,-39.794392612242255,13.723798357732232,-22.71631987942404,0.5212799041452205,-0.17300505141552827,0.8356653120233363
680687.2682415,412,1.0,0.37231164561784197,0.32796272718825004,680687.268221-0 680687.2682619999-1,-6.290598242479346,3.481073805965612,31.183380554337987,19.795456025447425,14.497521630470423,-23.17707835943824,-0.425707334494718,-0.16602679652216235,0.8894989422107203,-39.794392612242255,13.723798357732232,-22.71631987942404,0.5212799041452205,-0.17300505141552827,0.8356653120233363
680687.2722779999,412,0.968731552362442,0.37333401822498163,0.32625727777771707,680687.276294-0 680687.2682619999-1,-6.25216318199228,3.53852216192577,31.25894076762026,19.795456025447425,14.497521630470423,-23.17707835943824,-0.4248061858192708,-0.16389012284503618,0.8903256326330956,-39.794392612242255,13.723798357732232,-22.71631987942404,0.5212799041452205,-0.17300505141552827,0.8356653120233363
680687.276535,412,0.968731552362442,0.3730670353662335,0.3250659487206249,680687.276294-0 680687.276776-1,-6.281619346886327,3.5820642720643647,31.330991114349832,19.795456025447425,14.497521630470423,-23.17707835943824,-0.4248061858192708,-0.16389012284503618,0.8903256326330956,-39.794392612242255,13.723798357732232,-22.71631987942404,0.5205099118625737,-0.17133062799795762,0.8364898370946543
680687.2812705,412,1.0,0.3747867584545677,0.3291032881206222,680687.285765-0 680687.276776-1,-6.207308102590067,3.4727012364888035,31.43356472875773,19.795456025447425,14.497521630470423,-23.17707835943824,-0.4230433309024439,-0.16679400312754114,0.890625679339898,-39.794392612242255,13.723798357732232,-22.71631987942404,0.5205099118625737,-0.17133062799795762,0.8364898370946543
680687.2852779999,413,1.0,0.3756864933516094,0.32504528685576795,680687.285765-0 680687.284791-1,-6.133706397128535,3.5754145063779355,31.292217636931444,19.795456025447425,14.497521630470423,-23.17707835943824,-0.4230433309024439,-0.16679400312754114,0.890625679339898,-39.794392612242255,13.723798357732232,-22.71631987942404,0.5224246621255857,-0.16881603379540078,0.8358071662390539
680687.289006,413,1.0,0.3757352924987809,0.3296712895051085,680687.285765-0 680687.292247-1,-6.115275311582058,3.4320701307765518,31.22530740511096,19.795456025447425,14.497521630470423,-23.17707835943824,-0.4230433309024439,-0.16679400312754114,0.890625679339898,-39.794392612242255,13.723798357732232,-22.71631987942404,0.5229138122109045,-0.17354827788265031,0.8345310900398051
680687.292247,413,0.9957821071147919,0.3816089878441955,0.33158112292153885,680687.292247-0 680687.292247-1,-5.875392874802273,3.4130218392912246,31.620318720184503,19.795456025447425,14.497521630470423,-23.17707835943824,-0.41740317931780346,-0.16551667954094915,0.8935204612593536,-39.794392612242255,13.723798357732232,-22.71631987942404,0.5229138122109045,-0.17354827788265031,0.8345310900398051
680687.2971215,413,0.9957821071147919,0.3822480238311511,0.33254132739755227,680687.292247-0 680687.301996-1,-5.813788671941227,3.3684672437550303,31.475270582970918,19.795456025447425,14.497521630470423,-23.17707835943824,-0.41740317931780346,-0.16551667954094915,0.8935204612593536,-39.794392612242255,13.723798357732232,-22.71631987942404,0.5245297128303322,-0.1755876693491673,0.8330891613330811
680687.3018595,413,0.9997111856937408,0.3865333235821614,0.3277939694238283,680687.301723-0 680687.301996-1,-5.6436374730536105,3.539298637660867,31.789791178998822,19.795456025447425,14.497521630470423,-23.17707835943824,-0.4134392284900291,-0.15877193261378383,0.8965821087662039,-39.794392612242255,13.723798357732232,-22.71631987942404,0.5245297128303322,-0.1755876693491673,0.8330891613330811
680687.305435,413,0.9782123267650604,0.386205896494182,0.326243375934093,680687.308874-0 680687.301996-1,-5.659049034300173,3.5838404409749316,31.77274170353479,19.795456025447425,14.497521630470423,-23.17707835943824,-0.41380427874226866,-0.15747883324622858,0.8966417545341044,-39.794392612242255,13.723798357732232,-22.71631987942404,0.5245297128303322,-0.1755876693491673,0.8330891613330811
680687.309055,413,0.9782123267650604,0.3873001761618862,0.32441557055869674,680687.308874-0 680687.309236-1,-5.565141384026781,3.613739925941962,31.568035404614527,19.795456025447425,14.497521630470423,-23.17707835943824,-0.41380427874226866,-0.15747883324622858,0.8966417545341044,-39.794392612242255,13.723798357732232,-22.71631987942404,0.5269958292407159,-0.17559843453573293,0.8315290648867842
680687.3128269999,414,0.9936443865299225,0.3847921539992043,0.3219259941236676,680687.316418-0 680687.309236-1,-5.671097542083121,3.6708101399616053,31.404833093926108,19.795456025447425,14.497521630470423,-23.17707835943824,-0.416292108610042,-0.15646997151049477,0.895666248289233,-39.794392612242255,13.723798357732232,-22.71631987942404,0.5269958292407159,-0.17559843453573293,0.8315290648867842
680687.3164240001,414,0.9936443865299225,0.385315402756811,0.32155390212376456,680687.316418-0 680687.31643-1,-5.624954144092296,3.6691749501698485,31.30185044004847,19.795456025447425,14.497521630470423,-23.17707835943824,-0.416292108610042,-0.15646997151049477,0.895666248289233,-39.794392612242255,13.723798357732232,-22.71631987942404,0.5282088579706304,-0.17611603595291658,0.8306494713425111
680687.320718,414,0.9892692863941193,0.3821023856882551,0.32862659113597215,680687.325006-0 680687.31643-1,-5.746543247359007,3.437841312113046,31.058346122911693,19.795456025447425,14.497521630470423,-23.17707835943824,-0.41912214810155207,-0.16479753091167343,0.8928484747011424,-39.794392612242255,13.723798357732232,-22.71631987942404,0.5282088579706304,-0.17611603595291658,0.8306494713425111
680687.3250714999,414,0.9892692863941193,0.3773928352614841,0.338219427056782,680687.325006-0 680687.325137-1,-6.158638152079492,3.252298442079569,31.932007704337256,19.795456025447425,14.497521630470423,-23.17707835943824,-0.41912214810155207,-0.16479753091167343,0.8928484747011424,-39.794392612242255,13.723798357732232,-22.71631987942404,0.5174390245396249,-0.17774392327343416,0.8370567206724101
680687.329005,414,1.0,0.3553487335435544,0.3393519269930825,680687.332873-0 680687.325137-1,-7.02413796111621,3.089641564639055,30.436801925187545,19.795456025447425,14.497521630470423,-23.17707835943824,-0.4395855226596804,-0.17706453119804794,0.8805752211251636,-39.794392612242255,13.723798357732232,-22.71631987942404,0.5174390245396249,-0.17774392327343416,0.8370567206724101
680687.3328735,414,0.995,0.3425397246500941,0.3770130599332008,680687.332873-0 680687.332874-1,-8.325550652865024,2.1919893143792963,32.968936403295615,19.795456025447425,14.497521630470423,-23.17707835943824,-0.4395855226596804,-0.17706453119804794,0.8805752211251636,-39.794392612242255,13.723798357732232,-22.71631987942404,0.48430039213408443,-0.19262864361745588,0.8534326779757564
680687.3365505,414,0.995,0.3145862398548074,0.371510435263663,680687.340227-0 680687.332874-1,-9.387863598424454,2.2492353945092827,31.01521752037922,19.795456025447425,14.497521630470423,-23.17707835943824,-0.46510583884402584,-0.18524915392725422,0.8656554220025607,-39.794392612242255,13.723798357732232,-22.71631987942404,0.48430039213408443,-0.19262864361745588,0.8534326779757564
680687.341088,414,0.995,0.30208151308026876,0.4113488201547024,680687.340227-0 680687.341949-1,-11.080556505702956,1.1908244896766877,34.08304659903993,19.795456025447425,14.497521630470423,-23.17707835943824,-0.46510583884402584,-0.18524915392725422,0.8656554220025607,-39.794392612242255,13.723798357732232,-22.71631987942404,0.4427737417629463,-0.2083122937269533,0.8720994220199064
680687.3457865,415,0.8490390133857727,0.28398296450846516,0.41372869042148863,680687.349624-0 680687.341949-1,-11.73883518597177,1.078321866788814,32.685176072366986,19.795456025447425,14.497521630470423,-23.17707835943824,-0.48124749378160225,-0.19596455180920166,0.8543996396085062,-39.794392612242255,13.723798357732232,-22.71631987942404,0.4427737417629463,-0.2083122937269533,0.8720994220199064
680687.3502335,415,0.8490390133857727,0.2741145962873569,0.4456233322689712,680687.349624-0 680687.350843-1,-13.542767009501716,0.08494989666666708,35.82927587526265,19.795456025447425,14.497521630470423,-23.17707835943824,-0.48124749378160225,-0.19596455180920166,0.8543996396085062,-39.794392612242255,13.723798357732232,-22.71631987942404,0.40030889967336847,-0.2199354556732012,0.8895960769810749
680687.3535559999,415,0.99,0.2179174693585367,0.43649069577370203,680687.356269-0 680687.350843-1,-15.472228713192981,0.3645092059420785,31.33521144235231,19.795456025447425,14.497521630470423,-23.17707835943824,-0.5307685593056627,-0.21263697015433788,0.8204085905060808,-39.794392612242255,13.723798357732232,-22.71631987942404,0.40030889967336847,-0.2199354556732012,0.8895960769810749
680687.35821,415,0.99,0.21231734499029611,0.4673582615192088,680687.356269-0 680687.360151-1,-17.04477326028519,-0.6560877102558802,33.67156492433397,19.795456025447425,14.497521630470423,-23.17707835943824,-0.5307685593056627,-0.21263697015433788,0.8204085905060808,-39.794392612242255,13.723798357732232,-22.71631987942404,0.36415843458898,-0.23580309470045874,0.9009914178544598
680687.3622805,415,0.995,0.19003169825386182,0.4610196666093711,680687.36441-0 680687.360151-1,-17.75268571229975,-0.42550145714603627,31.854825092056277,19.795456025447425,14.497521630470423,-23.17707835943824,-0.5499996283179336,-0.21652912445935651,0.806607430607355,-39.794392612242255,13.723798357732232,-22.71631987942404,0.36415843458898,-0.23580309470045874,0.9009914178544598
680687.366525,415,1.0,0.1881907072528622,0.4761746245258832,680687.36441-0 680687.36864-1,-18.339082874342907,-0.9477279562481771,32.64054347190394,19.795456025447425,14.497521630470423,-23.17707835943824,-0.5499996283179336,-0.21652912445935651,0.806607430607355,-39.794392612242255,13.723798357732232,-22.71631987942404,0.3508938062341818,-0.24610554555333095,0.9034963183070451
680687.3725025,415,1.0,0.18025212473941563,0.47418335369952336,680687.376365-0 680687.36864-1,-18.582525017411186,-0.8698585415164457,31.986378772116495,19.795456025447425,14.497521630470423,-23.17707835943824,-0.5567719599802872,-0.21819520434952222,0.8014959996023556,-39.794392612242255,13.723798357732232,-22.71631987942404,0.3508938062341818,-0.24610554555333095,0.9034963183070451
680687.376787,415,1.0,0.1799169909328462,0.4765956572521646,680687.376365-0 680687.3772089999-1,-18.721599951539375,-0.9562580631779705,32.17825702985054,19.795456025447425,14.497521630470423,-23.17707835943824,-0.5567719599802872,-0.21819520434952222,0.8014959996023556,-39.794392612242255,13.723798357732232,-22.71631987942404,0.34775772296909563,-0.2473909738740292,0.9043573807743314
680687.3810594999,416,1.0,0.18036452915264464,0.48054874163103933,680687.38491-0 680687.3772089999-1,-18.700406252231723,-1.0890083675510098,32.198246954290134,19.795456025447425,14.497521630470423,-23.17707835943824,-0.5561760617983823,-0.22196519488365074,0.8008742975915163,-39.794392612242255,13.723798357732232,-22.71631987942404,0.34775772296909563,-0.2473909738740292,0.9043573807743314
680687.3851175001,416,1.0,0.18092876316356424,0.48075452631431803,680687.38491-0 680687.385325-1,-18.299409207163052,-1.074327657921895,31.58236698193297,19.795456025447425,14.497521630470423,-23.17707835943824,-0.5561760617983823,-0.22196519488365074,0.8008742975915163,-39.794392612242255,13.723798357732232,-22.71631987942404,0.35685000103892306,-0.2509882093881386,0.899812755803482
680687.389162,416,1.0,0.1847896089239144,0.4847538399936514,680687.392999-0 680687.385325-1,-18.1757757808844,-1.2124522662206845,31.878709161120142,19.795456025447425,14.497521630470423,-23.17707835943824,-0.5527493737851191,-0.224196021219705,0.8026233698624852,-39.794392612242255,13.723798357732232,-22.71631987942404,0.35685000103892306,-0.2509882093881386,0.899812755803482
680687.392168,416,1.0,0.18608091854252753,0.47767532337035334,680687.392999-0 680687.391337-1,-17.62168800980017,-0.9527188853591246,31.083443043362475,19.795456025447425,14.497521630470423,-23.17707835943824,-0.5527493737851191,-0.224196021219705,0.8026233698624852,-39.794392612242255,13.723798357732232,-22.71631987942404,0.36951143448128926,-0.24858399879969895,0.8953587523045335
680687.397122,416,1.0,0.1868873577895899,0.47391612060227817,680687.392999-0 680687.401245-1,-17.27169753849215,-0.8174128375390417,30.57345309523719,19.795456025447425,14.497521630470423,-23.17707835943824,-0.5527493737851191,-0.224196021219705,0.8026233698624852,-39.794392612242255,13.723798357732232,-22.71631987942404,0.3776013960275179,-0.24792298514618064,0.8921610724271016
680687.400789,416,1.0,0.1955040974912313,0.47980455978962644,680687.400333-0 680687.401245-1,-16.99956467020139,-1.0160937656224878,31.210419594126765,19.795456025447425,14.497521630470423,-23.17707835943824,-0.5453699011412162,-0.22614317720959376,0.807112714762176,-39.794392612242255,13.723798357732232,-22.71631987942404,0.3776013960275179,-0.24792298514618064,0.8921610724271016
680687.4047854999,416,1.0,0.20344193835335397,0.48191460003633224,680687.408326-0 680687.401245-1,-16.751210254959414,-1.0968343908614697,31.821890792366094,19.795456025447425,14.497521630470423,-23.17707835943824,-0.5386806595384269,-0.2247323811718403,0.8119843002743831,-39.794392612242255,13.723798357732232,-22.71631987942404,0.3776013960275179,-0.24792298514618064,0.8921610724271016
680687.4084955,416,1.0,0.20436095061237194,0.4778629006379962,680687.408326-0 680687.408665-1,-16.43248510732171,-0.9501801541393258,31.34507083982432,19.795456025447425,14.497521630470423,-23.17707835943824,-0.5386806595384269,-0.2247323811718403,0.8119843002743831,-39.794392612242255,13.723798357732232,-22.71631987942404,0.384962720206765,-0.2467072282267464,0.8893476528285685
680687.4138125,417,1.0,0.20756600299735073,0.47511679580479205,680687.41896-0 680687.408665-1,-16.338159630581075,-0.8672199482773388,31.605249182722762,19.795456025447425,14.497521630470423,-23.17707835943824,-0.5361676347685139,-0.22066625305365417,0.8147580451827388,-39.794392612242255,13.723798357732232,-22.71631987942404,0.384962720206765,-0.2467072282267464,0.8893476528285685
680687.4188805,417,1.0,0.20832200046978744,0.47186027515772067,680687.41896-0 680687.418801-1,-16.09193336169479,-0.7533138564265638,31.234386225536696,19.795456025447425,14.497521630470423,-23.17707835943824,-0.5361676347685139,-0.22066625305365417,0.8147580451827388,-39.794392612242255,13.723798357732232,-22.71631987942404,0.3906805431018119,-0.2457268591061926,0.8871228911235909
680687.4221564999,417,1.0,0.20862076133638854,0.46958832570272446,680687.41896-0 680687.4253529999-1,-16.019715823440485,-0.6790431478391783,31.136405192708885,19.795456025447425,14.497521630470423,-23.17707835943824,-0.5361676347685139,-0.22066625305365417,0.8147580451827388,-39.794392612242255,13.723798357732232,-22.71631987942404,0.39236010346926964,-0.2441543321205902,0.8868157707846271
680687.4253465,417,1.0,0.20635375788328986,0.4681331638563996,680687.42534-0 680687.4253529999-1,-16.092878712279585,-0.6310487524082289,30.971750533192896,19.795456025447425,14.497521630470423,-23.17707835943824,-0.5381118199669583,-0.22024430465373512,0.8135896480901412,-39.794392612242255,13.723798357732232,-22.71631987942404,0.39236010346926964,-0.2441543321205902,0.8868157707846271
680687.4292814999,417,1.0,0.19712175662243392,0.4640971820190377,680687.4332099999-0 680687.4253529999-1,-16.38373192572498,-0.4974260973094138,30.300504160545135,19.795456025447425,14.497521630470423,-23.17707835943824,-0.545870322070705,-0.22037010944825527,0.8083703398468974,-39.794392612242255,13.723798357732232,-22.71631987942404,0.39236010346926964,-0.2441543321205902,0.8868157707846271
680687.4331494999,417,1.0,0.19777925461013385,0.4626903258936852,680687.4332099999-0 680687.4330889999-1,-16.110051297157554,-0.44719387756520934,29.87921939920003,19.795456025447425,14.497521630470423,-23.17707835943824,-0.545870322070705,-0.22037010944825527,0.8083703398468974,-39.794392612242255,13.723798357732232,-22.71631987942404,0.39880745418208224,-0.2453764204862717,0.8835966425684012
680687.437983,417,1.0,0.198154201510163,0.4624468436441962,680687.4332099999-0 680687.442756-1,-15.94180710235971,-0.4357061824987287,29.61494966107547,19.795456025447425,14.497521630470423,-23.17707835943824,-0.545870322070705,-0.22037010944825527,0.8083703398468974,-39.794392612242255,13.723798357732232,-22.71631987942404,0.4027930149197772,-0.2467518754573082,0.8814030287502629
680687.4430735,417,1.0,0.20639256175750953,0.46261032643465916,680687.443391-0 680687.442756-1,-15.690770456966488,-0.4460378281054762,30.205833277055294,19.795456025447425,14.497521630470423,-23.17707835943824,-0.5392175943917229,-0.21699794067413491,0.8137298566733235,-39.794392612242255,13.723798357732232,-22.71631987942404,0.4027930149197772,-0.2467518754573082,0.8814030287502629
680687.4473065,418,1.0,0.20666074632539755,0.4604963659278819,680687.443391-0 680687.451222-1,-15.631131622056836,-0.3801279013909369,30.127043488112005,19.795456025447425,14.497521630470423,-23.17707835943824,-0.5392175943917229,-0.21699794067413491,0.8137298566733235,-39.794392612242255,13.723798357732232,-22.71631987942404,0.40419825849385743,-0.24527530421089566,0.8811718294264662
680687.4512169999,418,1.0,0.21413657480245454,0.4632773427137843,680687.451212-0 680687.451222-1,-15.39447440066489,-0.4702469418528139,30.65829965466391,19.795456025447425,14.497521630470423,-23.17707835943824,-0.5329800062037948,-0.2164440154916535,0.8179757338361888,-39.794392612242255,13.723798357732232,-22.71631987942404,0.40419825849385743,-0.24527530421089566,0.8811718294264662
680687.4544355,418,1.0,0.21647971154962606,0.4632237786646074,680687.457649-0 680687.451222-1,-15.321292687702146,-0.47027245798577866,30.830450329667404,19.795456025447425,14.497521630470423,-23.17707835943824,-0.5310589438181056,-0.21538760246586966,0.8195026411762213,-39.794392612242255,13.723798357732232,-22.71631987942404,0.40419825849385743,-0.24527530421089566,0.8811718294264662
680687.4584514999,418,1.0,0.21690117809470424,0.46207047260098777,680687.457649-0 680687.459254-1,-15.190057987720374,-0.4314215834024022,30.624056131170878,19.795456025447425,14.497521630470423,-23.17707835943824,-0.5310589438181056,-0.21538760246586966,0.8195026411762213,-39.794392612242255,13.723798357732232,-22.71631987942404,0.407295886981979,-0.24542582525527276,0.8797023500851474
680687.4634489999,418,1.0,0.21668831291357687,0.46103220781354903,680687.467644-0 680687.459254-1,-15.198694939405334,-0.39936138554399037,30.61297173046415,19.795456025447425,14.497521630470423,-23.17707835943824,-0.5312865454186046,-0.2144886989942359,0.8195908763895098,-39.794392612242255,13.723798357732232,-22.71631987942404,0.407295886981979,-0.24542582525527276,0.8797023500851474
680687.4672834999,418,1.0,0.2172777409271227,0.4579833559134122,680687.467644-0 680687.4669229999-1,-15.048151541788712,-0.30307443466363626,30.3901608980665,19.795456025447425,14.497521630470423,-23.17707835943824,-0.5312865454186046,-0.2144886989942359,0.8195908763895098,-39.794392612242255,13.723798357732232,-22.71631987942404,0.410855987248927,-0.2439515243977575,0.8784560384479805
680687.4729515,418,1.0,0.21783258633265995,0.4551862350045215,680687.467644-0 680687.478259-1,-14.907707981099168,-0.2159967649447987,30.181531212602046,19.795456025447425,14.497521630470423,-23.17707835943824,-0.5312865454186046,-0.2144886989942359,0.8195908763895098,-39.794392612242255,13.723798357732232,-22.71631987942404,0.41418863211241275,-0.242651969431184,0.8772501346594458
680687.477097,418,1.0,0.21738595280313056,0.45214206101214216,680687.475935-0 680687.478259-1,-14.927485204398671,-0.12362502767869099,30.162190718637966,19.795456025447425,14.497521630470423,-23.17707835943824,-0.5318072844757235,-0.21179831102366306,0.8199527349951827,-39.794392612242255,13.723798357732232,-22.71631987942404,0.41418863211241275,-0.242651969431184,0.8772501346594458
680687.48174,419,1.0,0.21773667398655286,0.4528609280459347,680687.485221-0 680687.478259-1,-14.915173981197604,-0.14548553234399275,30.184200534686052,19.795456025447425,14.497521630470423,-23.17707835943824,-0.5314848177041185,-0.21232896127396914,0.8200245732624948,-39.794392612242255,13.723798357732232,-22.71631987942404,0.41418863211241275,-0.242651969431184,0.8772501346594458
680687.4856705,419,1.0,0.21799450896926661,0.44961052283622294,680687.485221-0 680687.48612-1,-14.891451483128973,-0.0468413530848677,30.171073600128583,19.795456025447425,14.497521630470423,-23.17707835943824,-0.5314848177041185,-0.21232896127396914,0.8200245732624948,-39.794392612242255,13.723798357732232,-22.71631987942404,0.41474409692308656,-0.23975550961933817,0.877783931087044
680687.4890610001,419,0.9999755322933197,0.2169293884843349,0.4508934633615236,680687.492002-0 680687.48612-1,-14.92210652875662,-0.08559383620212735,30.0904233555279,19.795456025447425,14.497521630470423,-23.17707835943824,-0.5322831721676978,-0.21399934764800757,0.819071977199391,-39.794392612242255,13.723798357732232,-22.71631987942404,0.41474409692308656,-0.23975550961933817,0.877783931087044
680687.4930265,419,0.9999755322933197,0.21717601523797975,0.44905694345806046,680687.492002-0 680687.494051-1,-14.872611242909182,-0.029938496095295086,30.02357368381361,19.795456025447425,14.497521630470423,-23.17707835943824,-0.5322831721676978,-0.21399934764800757,0.819071977199391,-39.794392612242255,13.723798357732232,-22.71631987942404,0.41591976547994947,-0.2384915529058615,0.8775719502557353
680687.4969855,419,1.0,0.21780954386220763,0.44986304936469956,680687.49992-0 680687.494051-1,-14.851335711484003,-0.05431594664480244,30.065055308962048,19.795456025447425,14.497521630470423,-23.17707835943824,-0.5317267353036954,-0.21448995032433135,0.8193050348759852,-39.794392612242255,13.723798357732232,-22.71631987942404,0.41591976547994947,-0.2384915529058615,0.8775719502557353
680687.5006375,419,1.0,0.21801797408700865,0.44819178944595384,680687.49992-0 680687.501355-1,-14.812373130469934,-0.0038079432552731163,30.014034298674357,19.795456025447425,14.497521630470423,-23.17707835943824,-0.5317267353036954,-0.21448995032433135,0.8193050348759852,-39.794392612242255,13.723798357732232,-22.71631987942404,0.41684532046255685,-0.23728219150551258,0.8774606204285235
680687.5056944999,419,1.0,0.21760799063433417,0.4497416075074836,680687.510034-0 680687.501355-1,-14.822061092204343,-0.0505115854847622,29.978941165320002,19.795456025447425,14.497521630470423,-23.17707835943824,-0.5319768439621709,-0.21612756715817594,0.8187121058115215,-39.794392612242255,13.723798357732232,-22.71631987942404,0.41684532046255685,-0.23728219150551258,0.8774606204285235
680687.5104690001,419,1.0,0.21820724669322766,0.4461261132549723,680687.510034-0 680687.510904-1,-14.686657947701063,0.05803690744858869,29.784322851250938,19.795456025447425,14.497521630470423,-23.17707835943824,-0.5319768439621709,-0.21612756715817594,0.8187121058115215,-39.794392612242255,13.723798357732232,-22.71631987942404,0.42007522612371395,-0.23521031038029805,0.8764775606299993
680687.515949,420,1.0,0.21727028287550584,0.4457017476180064,680687.520994-0 680687.510904-1,-14.716514469322162,0.07063175208992156,29.720860585475727,19.795456025447425,14.497521630470423,-23.17707835943824,-0.5327553120854543,-0.2161280576296351,0.8182056221696175,-39.794392612242255,13.723798357732232,-22.71631987942404,0.42007522612371395,-0.23521031038029805,0.8764775606299993
680687.5209840001,420,1.0,0.2172740234488721,0.4437152904996263,680687.520994-0 680687.520974-1,-14.755677968087618,0.13034188685667836,29.800279100010442,19.795456025447425,14.497521630470423,-23.17707835943824,-0.5327553120854543,-0.2161280576296351,0.8182056221696175,-39.794392612242255,13.723798357732232,-22.71631987942404,0.41913091059072977,-0.23289291875421073,0.8775478153249145
680687.5250255,420,1.0,0.21780549335527347,0.4407327559741936,680687.520994-0 680687.529057-1,-14.631972483543223,0.2182900720629064,29.619821777895538,19.795456025447425,14.497521630470423,-23.17707835943824,-0.5327553120854543,-0.2161280576296351,0.8182056221696175,-39.794392612242255,13.723798357732232,-22.71631987942404,0.42208977349022936,-0.2313387034130086,0.8765401459249628
680687.5291764999,420,1.0,0.21647738867193178,0.4400894953072366,680687.529296-0 680687.529057-1,-14.674264889218037,0.23697677060830014,29.530724386236958,19.795456025447425,14.497521630470423,-23.17707835943824,-0.5338579211102268,-0.2160924754072938,0.817496031880409,-39.794392612242255,13.723798357732232,-22.71631987942404,0.42208977349022936,-0.2313387034130086,0.8765401459249628
680687.533048,420,1.0,0.21653826888912323,0.4392772294237365,680687.529296-0 680687.5368-1,-14.66972289621428,0.2610882931715288,29.529368552013153,19.795456025447425,14.497521630470423,-23.17707835943824,-0.5338579211102268,-0.2160924754072938,0.817496031880409,-39.794392612242255,13.723798357732232,-22.71631987942404,0.4221966151640285,-0.2306091758446975,0.8766809146777785
680687.5368105,420,1.0,0.2124203928973599,0.43438088017851206,680687.5368209999-0 680687.5368-1,-14.806138391429046,0.4043131884369151,29.265383575217538,19.795456025447425,14.497521630470423,-23.17707835943824,-0.5374258034867293,-0.21326971339917977,0.8158979930685422,-39.794392612242255,13.723798357732232,-22.71631987942404,0.4221966151640285,-0.2306091758446975,0.8766809146777785
680687.541982,420,1.0,0.21258232292349036,0.43226181493274063,680687.5368209999-0 680687.547143-1,-14.794007609065668,0.4668152792013478,29.261392219148696,19.795456025447425,14.497521630470423,-23.17707835943824,-0.5374258034867293,-0.21326971339917977,0.8158979930685422,-39.794392612242255,13.723798357732232,-22.71631987942404,0.4224824990350053,-0.22871108595415285,0.877040350936494
680687.545757,420,1.0,0.2103922189054272,0.425308515676753,680687.544371-0 680687.547143-1,-14.87528025708052,0.6706871442790288,29.13677819612274,19.795456025447425,14.497521630470423,-23.17707835943824,-0.5395629721195333,-0.20769777290785205,0.8159248949790988,-39.794392612242255,13.723798357732232,-22.71631987942404,0.4224824990350053,-0.22871108595415285,0.877040350936494
680687.550829,421,1.0,0.21255100413255962,0.42334320754058685,680687.554515-0 680687.547143-1,-14.81339416179769,0.7311571431499484,29.29070516694097,19.795456025447425,14.497521630470423,-23.17707835943824,-0.5379480785966627,-0.20491084662547873,0.8176939584400682,-39.794392612242255,13.723798357732232,-22.71631987942404,0.4224824990350053,-0.22871108595415285,0.877040350936494
680687.5546255,421,1.0,0.21277717545926267,0.4194978628261631,680687.554515-0 680687.554736-1,-14.818882126741384,0.8458827443019228,29.327896085231274,19.795456025447425,14.497521630470423,-23.17707835943824,-0.5379480785966627,-0.20491084662547873,0.8176939584400682,-39.794392612242255,13.723798357732232,-22.71631987942404,0.4223386654315645,-0.22494640878878003,0.8780826640211705
680687.557736,421,1.0,0.21401601293300948,0.42008765457155073,680687.560736-0 680687.554736-1,-14.779627828072877,0.8298840457661614,29.41083402390238,19.795456025447425,14.497521630470423,-23.17707835943824,-0.5369215370189578,-0.2049224470333665,0.8183654769032335,-39.794392612242255,13.723798357732232,-22.71631987942404,0.4223386654315645,-0.22494640878878003,0.8780826640211705
680687.5608949999,421,1.0,0.21427488410466916,0.41606532570986243,680687.560736-0 680687.5610539999-1,-14.776376607000984,0.9498694284720237,29.43462157396938,19.795456025447425,14.497521630470423,-23.17707835943824,-0.5369215370189578,-0.2049224470333665,0.8183654769032335,-39.794392612242255,13.723798357732232,-22.71631987942404,0.42240494135926177,-0.22110179907851302,0.8790267686251217
680687.5660454999,421,1.0,0.2163133962995168,0.4134269852032303,680687.5710369999-0 680687.5610539999-1,-14.71908120447576,1.0317222603179923,29.583624106705177,19.795456025447425,14.497521630470423,-23.17707835943824,-0.5354309860989556,-0.20152681963296537,0.8201832722591469,-39.794392612242255,13.723798357732232,-22.71631987942404,0.42240494135926177,-0.22110179907851302,0.8790267686251217
680687.5712225,421,1.0,0.2163744297657329,0.41296503461784617,680687.5710369999-0 680687.571408-1,-14.707761462761473,1.0449074871044104,29.568420863458933,19.795456025447425,14.497521630470423,-23.17707835943824,-0.5354309860989556,-0.20152681963296537,0.8201832722591469,-39.794392612242255,13.723798357732232,-22.71631987942404,0.42267587476365603,-0.2207855831370154,0.8789760128533805
680687.5748139999,421,1.0,0.21827561219039343,0.41053239785304685,680687.57822-0 680687.571408-1,-14.65396255588849,1.1209166560788377,29.707565458219104,19.795456025447425,14.497521630470423,-23.17707835943824,-0.5340328379305694,-0.19837666752410973,0.8218610745094641,-39.794392612242255,13.723798357732232,-22.71631987942404,0.42267587476365603,-0.2207855831370154,0.8789760128533805
680687.578873,421,1.0,0.21863372273775958,0.4089572564945123,680687.57822-0 680687.579526-1,-14.565054735876261,1.1623811928074446,29.572741109017862,19.795456025447425,14.497521630470423,-23.17707835943824,-0.5340328379305694,-0.19837666752410973,0.8218610745094641,-39.794392612242255,13.723798357732232,-22.71631987942404,0.4248110352862784,-0.22030081291644615,0.8780678425539528
680687.5840765,422,1.0,0.2199517507460409,0.40810240789413976,680687.588627-0 680687.579526-1,-14.525912565372666,1.1902947778759438,29.666125204027136,19.795456025447425,14.497521630470423,-23.17707835943824,-0.5330158830414518,-0.1969797969418514,0.8228566266502859,-39.794392612242255,13.723798357732232,-22.71631987942404,0.4248110352862784,-0.22030081291644615,0.8780678425539528
680687.588802,422,1.0,0.22006593306035152,0.4087488376934487,680687.588627-0 680687.588977-1,-14.473911253515766,1.1673356239524253,29.57570714069501,19.795456025447425,14.497521630470423,-23.17707835943824,-0.5330158830414518,-0.1969797969418514,0.8228566266502859,-39.794392612242255,13.723798357732232,-22.71631987942404,0.4260660792514537,-0.22153972208582776,0.8771475632123868
680687.5919240001,422,1.0,0.22131232064301248,0.40861103935839505,680687.594871-0 680687.588977-1,-14.435426080044259,1.173652790754895,29.661719358184914,19.795456025447425,14.497521630470423,-23.17707835943824,-0.532016079832799,-0.1962944272749414,0.8236670374733612,-39.794392612242255,13.723798357732232,-22.71631987942404,0.4260660792514537,-0.22153972208582776,0.8771475632123868
680687.5949935,422,1.0,0.221550185061942,0.40736078079764726,680687.594871-0 680687.595116-1,-14.382841077976106,1.207485540230449,29.583766069088934,19.795456025447425,14.497521630470423,-23.17707835943824,-0.532016079832799,-0.1962944272749414,0.8236670374733612,-39.794392612242255,13.723798357732232,-22.71631987942404,0.4273302524606782,-0.22095307901380348,0.8766804390461856
680687.600055,422,1.0,0.22620358388346173,0.4077976682446084,680687.6049939999-0 680687.595116-1,-14.236354675919694,1.202905071684027,29.90249715170411,19.795456025447425,14.497521630470423,-23.17707835943824,-0.5282179563394138,-0.1946318606024397,0.8265011974819185,-39.794392612242255,13.723798357732232,-22.71631987942404,0.4273302524606782,-0.22095307901380348,0.8766804390461856
680687.603871,422,1.0,0.22677337948259227,0.4043611626326403,680687.6049939999-0 680687.602748-1,-14.124997571308583,1.2981048880052626,29.74118215823364,19.795456025447425,14.497521630470423,-23.17707835943824,-0.5282179563394138,-0.1946318606024397,0.8265011974819185,-39.794392612242255,13.723798357732232,-22.71631987942404,0.4300057437216932,-0.2189587696939615,0.8758722038861948
680687.6084769999,422,1.0,0.22717366031944083,0.40159669887563765,680687.6049939999-0 680687.61196-1,-14.054550364805232,1.3753852832425748,29.643107487138195,19.795456025447425,14.497521630470423,-23.17707835943824,-0.5282179563394138,-0.1946318606024397,0.8265011974819185,-39.794392612242255,13.723798357732232,-22.71631987942404,0.43169992873732865,-0.21714074908698383,0.8754913286915691
680687.6118645,422,1.0,0.22768514178766433,0.40568120596607016,680687.611769-0 680687.61196-1,-14.03004754217702,1.2547172701107856,29.665117695704403,19.795456025447425,14.497521630470423,-23.17707835943824,-0.5275774787295193,-0.19825577758542767,0.8260488185279369,-39.794392612242255,13.723798357732232,-22.71631987942404,0.43169992873732865,-0.21714074908698383,0.8754913286915691
680687.617328,422,1.0,0.23025540123314592,0.40779008714451626,680687.622696-0 680687.61196-1,-13.944828277264769,1.196596620603442,29.834021589666147,19.795456025447425,14.497521630470423,-23.17707835943824,-0.5253746002803862,-0.19910219184752576,0.827248358464213,-39.794392612242255,13.723798357732232,-22.71631987942404,0.43169992873732865,-0.21714074908698383,0.8754913286915691
680687.6208905,423,1.0,0.23055207029117208,0.404593576877075,680687.622696-0 680687.619085-1,-13.913887312571507,1.2901421583714159,29.80445765120876,19.795456025447425,14.497521630470423,-23.17707835943824,-0.5253746002803862,-0.19910219184752576,0.827248358464213,-39.794392612242255,13.723798357732232,-22.71631987942404,0.432438435137562,-0.21442992577799258,0.8757949570228304
680687.625242,423,1.0,0.23087653128155433,0.40166287993438654,680687.622696-0 680687.627788-1,-13.870266046881035,1.3744850843937702,29.751442657724674,19.795456025447425,14.497521630470423,-23.17707835943824,-0.5253746002803862,-0.19910219184752576,0.827248358464213,-39.794392612242255,13.723798357732232,-22.71631987942404,0.4334851310966569,-0.21213298397375457,0.8758368787785228
680687.6283245,423,1.0,0.23339679026223323,0.4043775480999575,680687.628861-0 680687.627788-1,-13.78492179387452,1.2985519062771775,29.915042223785804,19.795456025447425,14.497521630470423,-23.17707835943824,-0.5231723679343975,-0.20053848827455742,0.8282964373643474,-39.794392612242255,13.723798357732232,-22.71631987942404,0.4334851310966569,-0.21213298397375457,0.8758368787785228
680687.632465,423,1.0,0.23407484037763915,0.4032893192475713,680687.628861-0 680687.636069-1,-13.611353578182047,1.3175633030348974,29.629274076717063,19.795456025447425,14.497521630470423,-23.17707835943824,-0.5231723679343975,-0.20053848827455742,0.8282964373643474,-39.794392612242255,13.723798357732232,-22.71631987942404,0.4376871158215934,-0.21319991629251275,0.8734848506623573
680687.6361825,423,1.0,0.23591799218268492,0.4057658433877044,680687.636296-0 680687.636069-1,-13.547912726650058,1.247741021624825,29.745767593855533,19.795456025447425,14.497521630470423,-23.17707835943824,-0.521539234045224,-0.20204707057983587,0.8289594734494731,-39.794392612242255,13.723798357732232,-22.71631987942404,0.4376871158215934,-0.21319991629251275,0.8734848506623573
680687.641696,423,1.0,0.2372816739815741,0.41162132071330537,680687.636296-0 680687.647096-1,-13.086593339315394,1.0439483746297649,28.92085654724498,19.795456025447425,14.497521630470423,-23.17707835943824,-0.521539234045224,-0.20204707057983587,0.8289594734494731,-39.794392612242255,13.723798357732232,-22.71631987942404,0.4489500246944083,-0.22437312524023206,0.8649280756206386
680687.646775,423,1.0,0.25532122560430004,0.43166879469697816,680687.646454-0 680687.647096-1,-12.471895343489107,0.48159603803591544,30.03741116996016,19.795456025447425,14.497521630470423,-23.17707835943824,-0.5058843324837994,-0.2128876708136873,0.8359185856068421,-39.794392612242255,13.723798357732232,-22.71631987942404,0.4489500246944083,-0.22437312524023206,0.8649280756206386
680687.649921,423,1.0,0.2897471467507597,0.48201522671006414,680687.652746-0 680687.647096-1,-11.212888067549342,-1.0460952248739641,32.203301889221336,19.795456025447425,14.497521630470423,-23.17707835943824,-0.4744267215862378,-0.2455297846579848,0.8453605211332842,-39.794392612242255,13.723798357732232,-22.71631987942404,0.4489500246944083,-0.22437312524023206,0.8649280756206386
680687.6532709999,424,0.995,0.2951477482140258,0.4974286982213656,680687.652746-0 680687.6537959999-1,-10.203396606777629,-1.4217752962333057,30.169505478716385,19.795456025447425,14.497521630470423,-23.17707835943824,-0.4744267215862378,-0.2455297846579848,0.8453605211332842,-39.794392612242255,13.723798357732232,-22.71631987942404,0.4737747701846407,-0.24865427532327988,0.8448127120847231
680687.6564849999,424,0.99,0.3388825180184739,0.5496851265810838,680687.659174-0 680687.6537959999-1,-8.533213694966573,-3.1359518165655373,32.877751764751494,19.795456025447425,14.497521630470423,-23.17707835943824,-0.4341716786875812,-0.2772010776481668,0.8571198959167279,-39.794392612242255,13.723798357732232,-22.71631987942404,0.4737747701846407,-0.24865427532327988,0.8448127120847231
680687.661117,424,0.99,0.34536451177829086,0.5663807095606884,680687.659174-0 680687.6630599999-1,-7.699409597387643,-3.43765227759682,30.98646575798852,19.795456025447425,14.497521630470423,-23.17707835943824,-0.4341716786875812,-0.2772010776481668,0.8571198959167279,-39.794392612242255,13.723798357732232,-22.71631987942404,0.49478327065493205,-0.2705039007390754,0.8258432991584738
680687.6658564999,424,0.995,0.37400586258874663,0.5962210725267407,680687.668653-0 680687.6630599999-1,-6.536168732509452,-4.522766457564815,32.77237094717598,19.795456025447425,14.497521630470423,-23.17707835943824,-0.40700044893496007,-0.294954436652601,0.8644955262265314,-39.794392612242255,13.723798357732232,-22.71631987942404,0.49478327065493205,-0.2705039007390754,0.8258432991584738
680687.669737,424,1.0,0.38358503197452254,0.6019471614964567,680687.668653-0 680687.670821-1,-5.614273430735054,-4.38336635472459,30.644841305029804,19.795456025447425,14.497521630470423,-23.17707835943824,-0.40700044893496007,-0.294954436652601,0.8644955262265314,-39.794392612242255,13.723798357732232,-22.71631987942404,0.5186819320144388,-0.2821484832184437,0.8070695675214749
680687.673052,424,1.0,0.4065758312911102,0.6286537713131821,680687.675283-0 680687.670821-1,-4.637933218145831,-5.3603037313690045,32.00210882763139,19.795456025447425,14.497521630470423,-23.17707835943824,-0.3846018235365673,-0.3119798285635591,0.8687635028601278,-39.794392612242255,13.723798357732232,-22.71631987942404,0.5186819320144388,-0.2821484832184437,0.8070695675214749
680687.677501,424,1.0,0.4122049593222538,0.63597928379781,680687.675283-0 680687.679719-1,-4.183851555836455,-5.375670978177025,30.84656187952857,19.795456025447425,14.497521630470423,-23.17707835943824,-0.3846018235365673,-0.3119798285635591,0.8687635028601278,-39.794392612242255,13.723798357732232,-22.71631987942404,0.5307943244751786,-0.2913591337581207,0.7958437285552084
680687.6826245,424,1.0,0.421421190633642,0.6509485901245466,680687.68553-0 680687.679719-1,-3.777260922818103,-5.900354625003649,31.34232198220346,19.795456025447425,14.497521630470423,-23.17707835943824,-0.3753697389900501,-0.3226303451445953,0.8689115141614944,-39.794392612242255,13.723798357732232,-22.71631987942404,0.5307943244751786,-0.2913591337581207,0.7958437285552084
680687.6863015001,424,1.0,0.4242948096701304,0.6530310198864842,680687.68553-0 680687.687073-1,-3.565918557636879,-5.857601402326823,30.804594632168214,19.795456025447425,14.497521630470423,-23.17707835943824,-0.3753697389900501,-0.3226303451445953,0.8689115141614944,-39.794392612242255,13.723798357732232,-22.71631987942404,0.5365110934576367,-0.29435525323545303,0.7908924272551754
680687.6897100001,425,1.0,0.4249894783565994,0.654925664663159,680687.692347-0 680687.687073-1,-3.5346752878736893,-5.91848245672332,30.833837099526228,19.795456025447425,14.497521630470423,-23.17707835943824,-0.3746601664158483,-0.32408708532815367,0.8686756131173192,-39.794392612242255,13.723798357732232,-22.71631987942404,0.5365110934576367,-0.29435525323545303,0.7908924272551754
680687.6930945,425,1.0,0.4241127634974702,0.6539958548723737,680687.692347-0 680687.693842-1,-3.598440363477332,-5.923500466526599,30.999288327907422,19.795456025447425,14.497521630470423,-23.17707835943824,-0.3746601664158483,-0.32408708532815367,0.8686756131173192,-39.794392612242255,13.723798357732232,-22.71631987942404,0.5347819022365256,-0.2932012541324582,0.7924905940233213
680687.6979769999,425,1.0,0.4229550391983047,0.6524486372776187,680687.702112-0 680687.693842-1,-3.6497634879739635,-5.866409196973592,30.934376475665545,19.795456025447425,14.497521630470423,-23.17707835943824,-0.3758210984874608,-0.3230285927021274,0.8685683797079888,-39.794392612242255,13.723798357732232,-22.71631987942404,0.5347819022365256,-0.2932012541324582,0.7924905940233213
680687.702707,425,1.0,0.42199546214919925,0.6527601874086562,680687.702112-0 680687.703302-1,-3.7195566199971637,-5.908505571675397,31.10193647622224,19.795456025447425,14.497521630470423,-23.17707835943824,-0.3758210984874608,-0.3230285927021274,0.8685683797079888,-39.794392612242255,13.723798357732232,-22.71631987942404,0.532895131152075,-0.29306733429429377,0.7938100004182673
680687.7057449999,425,1.0,0.4209136437918124,0.6541709512035312,680687.708188-0 680687.703302-1,-3.765851947662304,-5.9347786659315105,31.01302876089051,19.795456025447425,14.497521630470423,-23.17707835943824,-0.3768617431852308,-0.32448148626775136,0.8675753521123454,-39.794392612242255,13.723798357732232,-22.71631987942404,0.532895131152075,-0.29306733429429377,0.7938100004182673
680687.7089315,425,1.0,0.41859038261932524,0.6538690126026009,680687.708188-0 680687.7096749999-1,-3.939541642328834,-6.009777842741174,31.438816557817248,19.795456025447425,14.497521630470423,-23.17707835943824,-0.3768617431852308,-0.32448148626775136,0.8675753521123454,-39.794392612242255,13.723798357732232,-22.71631987942404,0.5282163775623245,-0.2918317062893273,0.7973842948536142
680687.7129724999,425,1.0,0.41807067187877844,0.6560194136009562,680687.71627-0 680687.7096749999-1,-3.960977499085839,-6.064126296754468,31.38075340933739,19.795456025447425,14.497521630470423,-23.17707835943824,-0.3773393794171954,-0.32645232211014075,0.8666278752324682,-39.794392612242255,13.723798357732232,-22.71631987942404,0.5282163775623245,-0.2918317062893273,0.7973842948536142
680687.718607,425,1.0,0.4176421560447259,0.6543315066617755,680687.71627-0 680687.720944-1,-3.9949578649698374,-6.032696924407007,31.479790489241783,19.795456025447425,14.497521630470423,-23.17707835943824,-0.3773393794171954,-0.32645232211014075,0.8666278752324682,-39.794392612242255,13.723798357732232,-22.71631987942404,0.5273019785986619,-0.29018892197800017,0.7985881372316909
680687.722938,426,1.0,0.4191954602812899,0.65374307452066,680687.724932-0 680687.720944-1,-3.9271589118466803,-6.035302159412467,31.595975703963365,19.795456025447425,14.497521630470423,-23.17707835943824,-0.37581577161232965,-0.3255865401679961,0.8676150705634748,-39.794392612242255,13.723798357732232,-22.71631987942404,0.5273019785986619,-0.29018892197800017,0.7985881372316909
680687.726635,426,1.0,0.41898964358074736,0.6563110940656722,680687.724932-0 680687.728338-1,-3.940681303636355,-6.11500086586801,31.603730604462612,19.795456025447425,14.497521630470423,-23.17707835943824,-0.37581577161232965,-0.3255865401679961,0.8676150705634748,-39.794392612242255,13.723798357732232,-22.71631987942404,0.5269413914648952,-0.2923323269987127,0.7980442221785443
680687.7296075,426,1.0,0.4192413231493585,0.649679914865037,680687.730877-0 680687.728338-1,-3.9335068700375952,-5.929235669678381,31.687529700389568,19.795456025447425,14.497521630470423,-23.17707835943824,-0.3756704154094574,-0.3197900094049495,0.8698310691570335,-39.794392612242255,13.723798357732232,-22.71631987942404,0.5269413914648952,-0.2923323269987127,0.7980442221785443
680687.7344875,426,1.0,0.42051583155286754,0.6486752716076364,680687.730877-0 680687.738098-1,-3.838112662759409,-5.855720917764307,31.463984570423328,19.795456025447425,14.497521630470423,-23.17707835943824,-0.3756704154094574,-0.3197900094049495,0.8698310691570335,-39.794392612242255,13.723798357732232,-22.71631987942404,0.5295059585839348,-0.2920202628583278,0.7964594188684452
680687.7377235,426,1.0,0.41911954202999435,0.6440301104849002,680687.737349-0 680687.738098-1,-3.9020171238026826,-5.707698165602826,31.410486026265,19.795456025447425,14.497521630470423,-23.17707835943824,-0.37712041688025577,-0.31611351995124326,0.8705472035886951,-39.794392612242255,13.723798357732232,-22.71631987942404,0.5295059585839348,-0.2920202628583278,0.7964594188684452
680687.7417065,426,1.0,0.42185956757943616,0.6438441530835697,680687.745315-0 680687.738098-1,-3.781662826555886,-5.734735899994664,31.606272993294763,19.795456025447425,14.497521630470423,-23.17707835943824,-0.3744136580555582,-0.3152958453241425,0.8720108615050558,-39.794392612242255,13.723798357732232,-22.71631987942404,0.5295059585839348,-0.2920202628583278,0.7964594188684452
680687.7448495,426,1.0,0.42326224738831825,0.6437822097121686,680687.745315-0 680687.744384-1,-3.677779697189079,-5.68515245655203,31.351160379713463,19.795456025447425,14.497521630470423,-23.17707835943824,-0.3744136580555582,-0.3152958453241425,0.8720108615050558,-39.794392612242255,13.723798357732232,-22.71631987942404,0.5323090820302528,-0.2925990691152487,0.7943757460679417
680687.7501999999,426,1.0,0.424164286576719,0.6425421727259742,680687.745315-0 680687.755085-1,-3.6128484893273853,-5.620519887023335,31.20338683126195,19.795456025447425,14.497521630470423,-23.17707835943824,-0.3744136580555582,-0.3152958453241425,0.8720108615050558,-39.794392612242255,13.723798357732232,-22.71631987942404,0.5340640715357496,-0.29193447663622313,0.793441761470741
680687.7545634999,426,1.0,0.4237636510386672,0.6397654783092972,680687.754042-0 680687.755085-1,-3.6319454674933684,-5.5380220449666435,31.2018384311316,19.795456025447425,14.497521630470423,-23.17707835943824,-0.3748508672139949,-0.31300655395020116,0.8726475374016336,-39.794392612242255,13.723798357732232,-22.71631987942404,0.5340640715357496,-0.29193447663622313,0.793441761470741
680687.757857,426,1.0,0.4213893046521813,0.6319011050691812,680687.760629-0 680687.755085-1,-3.7399744498590977,-5.291266041568546,31.11018535924612,19.795456025447425,14.497521630470423,-23.17707835943824,-0.37730820125404463,-0.3068301985182917,0.8737812944574075,-39.794392612242255,13.723798357732232,-22.71631987942404,0.5340640715357496,-0.29193447663622313,0.793441761470741
680687.761197,426,1.0,0.4223015400253723,0.6300972807483269,680687.760629-0 680687.761765-1,-3.6749112886195956,-5.213203856239682,30.968211290624822,19.795456025447425,14.497521630470423,-23.17707835943824,-0.37730820125404463,-0.3068301985182917,0.8737812944574075,-39.794392612242255,13.723798357732232,-22.71631987942404,0.5358217783649568,-0.2908245004882105,0.7926639462884622
680687.7660524999,426,1.0,0.4233953176967823,0.6253334596970168,680687.7703399999-0 680687.761765-1,-3.6299999982209155,-5.091806387571902,31.087134152502376,19.795456025447425,14.497521630470423,-23.17707835943824,-0.37630648422783647,-0.3024676778633887,0.8757321130208793,-39.794392612242255,13.723798357732232,-22.71631987942404,0.5358217783649568,-0.2908245004882105,0.7926639462884622
680687.7696145,427,1.0,0.42344138492244615,0.6199705395282613,680687.7703399999-0 680687.7688889999-1,-3.631293115278714,-4.942701856909974,31.141623806190147,19.795456025447425,14.497521630470423,-23.17707835943824,-0.37630648422783647,-0.3024676778633887,0.8757321130208793,-39.794392612242255,13.723798357732232,-22.71631987942404,0.5357833971988766,-0.2862268600618722,0.7943615901245177
680687.7736229999,427,1.0,0.4190036994817873,0.6058108257994788,680687.7703399999-0 680687.776906-1,-3.974556294311766,-4.6726154273603395,32.1160480219159,19.795456025447425,14.497521630470423,-23.17707835943824,-0.37630648422783647,-0.3024676778633887,0.8757321130208793,-39.882294461100805,14.341315950958727,-21.312089372360603,0.5349476009451251,-0.28429535361314107,0.7956175061906533
680687.7768679999,427,1.0,0.4215726273457153,0.6060397309890562,680687.77683-0 680687.776906-1,-3.8593568142238848,-4.703734635664306,32.29745173188636,19.795456025447425,14.497521630470423,-23.17707835943824,-0.37373837154181083,-0.30191729043956783,0.8770208545815228,-39.882294461100805,14.341315950958727,-21.312089372360603,0.5349476009451251,-0.28429535361314107,0.7956175061906533
680687.782231,427,1.0,0.4241821480982365,0.6068747455545548,680687.7875559999-0 680687.776906-1,-3.740819890834187,-4.753356076914901,32.478212806096145,19.795456025447425,14.497521630470423,-23.17707835943824,-0.3711047169234243,-0.3018880812008739,0.8781485497944179,-39.882294461100805,14.341315950958727,-21.312089372360603,0.5349476009451251,-0.28429535361314107,0.7956175061906533
680687.786723,427,1.0,0.4252092427239843,0.6055354183208261,680687.7875559999-0 680687.7858899999-1,-3.6647638943526584,-4.68583778843168,32.30035113968047,19.795456025447425,14.497521630470423,-23.17707835943824,-0.3711047169234243,-0.3018880812008739,0.8781485497944179,-39.882294461100805,14.341315950958727,-21.312089372360603,0.5370265141911198,-0.2837117432711667,0.7944244267303029
680687.7908884999,427,1.0,0.4241748316440434,0.6033186779113384,680687.7875559999-0 680687.7942209999-1,-3.7452821939544734,-4.651960624138505,32.52779390307863,19.795456025447425,14.497521630470423,-23.17707835943824,-0.3711047169234243,-0.3018880812008739,0.8781485497944179,-39.882294461100805,14.341315950958727,-21.312089372360603,0.5348287291655002,-0.2810921821067737,0.7968346225018516
680687.794226,427,1.0,0.42558091437800594,0.6080886174702262,680687.794231-0 680687.7942209999-1,-3.678543259696351,-4.805490975137395,32.588241025553444,19.865091304701018,14.431700337791954,-23.49134422256203,-0.3690934255633256,-0.30331373819409174,0.878504877293607,-39.882294461100805,14.341315950958727,-21.312089372360603,0.5348287291655002,-0.2810921821067737,0.7968346225018516
680687.7983085,427,1.0,0.42516533467079737,0.6074051458437526,680687.794231-0 680687.8023859999-1,-3.7108292784939376,-4.7980453734407496,32.67781253875665,19.865091304701018,14.431700337791954,-23.49134422256203,-0.3690934255633256,-0.30331373819409174,0.878504877293607,-39.882294461100805,14.341315950958727,-21.312089372360603,0.5339469732104832,-0.2802305055925522,0.7977289599448588
680687.803019,427,1.0,0.426954189783482,0.6105419327588741,680687.803652-0 680687.8023859999-1,-3.6269118888683263,-4.908438462686097,32.78111821801276,19.865091304701018,14.431700337791954,-23.49134422256203,-0.36725343401070504,-0.3055656080296792,0.8784956314045033,-39.882294461100805,14.341315950958727,-21.312089372360603,0.5339469732104832,-0.2802305055925522,0.7977289599448588
680687.8061025001,427,1.0,0.4261460350614626,0.6101121717133777,680687.803652-0 680687.808553-1,-3.6888224620619514,-4.920186068642885,32.9440523958694,19.865091304701018,14.431700337791954,-23.49134422256203,-0.36725343401070504,-0.3055656080296792,0.8784956314045033,-39.882294461100805,14.341315950958727,-21.312089372360603,0.5322552563359495,-0.27936772863961856,0.7991608187952493
680687.808996,427,1.0,0.42528263617605394,0.6101859051936822,680687.809439-0 680687.808553-1,-3.728651729863804,-4.913547329578756,32.879482211384186,19.865091304701018,14.431700337791954,-23.49134422256203,-0.3681298610536825,-0.3058826111214891,0.8780183560803819,-39.882294461100805,14.341315950958727,-21.312089372360603,0.5322552563359495,-0.27936772863961856,0.7991608187952493
680687.8136634999,428,1.0,0.4243724897061549,0.6111243879327692,680687.809439-0 680687.8178879999-1,-3.797755053812338,-4.968296241451266,33.04529696309085,19.865091304701018,14.431700337791954,-23.49134422256203,-0.3681298610536825,-0.3058826111214891,0.8780183560803819,-39.882294461100805,14.341315950958727,-21.312089372360603,0.5303702296637016,-0.27967913795102645,0.8003043166705043
680687.8172094999,428,1.0,0.4259034275988526,0.6138667644121061,680687.816531-0 680687.8178879999-1,-3.725286304009222,-5.065996609977071,33.1347020888062,19.865091304701018,14.431700337791954,-23.49134422256203,-0.3665458067494158,-0.3078756749282021,0.8779844761394836,-39.882294461100805,14.341315950958727,-21.312089372360603,0.5303702296637016,-0.27967913795102645,0.8003043166705043
680687.821245,428,1.0,0.4257500603374087,0.615262915315311,680687.824602-0 680687.8178879999-1,-3.7316589509006235,-5.105991952837722,33.1104615176464,19.865091304701018,14.431700337791954,-23.49134422256203,-0.366689767847629,-0.30916120176342327,0.8774724870217001,-39.882294461100805,14.341315950958727,-21.312089372360603,0.5303702296637016,-0.27967913795102645,0.8003043166705043
680687.8244545,428,1.0,0.424688131024901,0.6168117277287519,680687.824602-0 680687.824307-1,-3.812398055083108,-5.184759080161734,33.29969095568056,19.865091304701018,14.431700337791954,-23.49134422256203,-0.366689767847629,-0.30916120176342327,0.8774724870217001,-39.882294461100805,14.341315950958727,-21.312089372360603,0.5281698532432261,-0.28047193230708706,0.8014811921142989
680687.8285689999,428,1.0,0.4242706383754019,0.6151636622785346,680687.824602-0 680687.832536-1,-3.846865236110716,-5.149752774522825,33.40597300713806,19.865091304701018,14.431700337791954,-23.49134422256203,-0.366689767847629,-0.30916120176342327,0.8774724870217001,-39.882294461100805,14.341315950958727,-21.312089372360603,0.5272338267417638,-0.27872843849246415,0.8027047710801202
680687.832536,428,1.0,0.42435273795316064,0.6154878963421248,680687.832536-0 680687.832536-1,-3.8428515404470414,-5.160392233568733,33.40920391484664,19.865091304701018,14.431700337791954,-23.49134422256203,-0.3666027739222576,-0.30942702369223296,0.8774151372990279,-39.882294461100805,14.341315950958727,-21.312089372360603,0.5272338267417638,-0.27872843849246415,0.8027047710801202
680687.837189,428,1.0,0.42433353983111477,0.6132744387614144,680687.832536-0 680687.841842-1,-3.8467462623676845,-5.095924707909812,33.44349907462912,19.865091304701018,14.431700337791954,-23.49134422256203,-0.3666027739222576,-0.30942702369223296,0.8774151372990279,-39.882294461100805,14.341315950958727,-21.312089372360603,0.5271296045279633,-0.2766980692196338,0.8034753005042032
680687.8430880001,428,1.0,0.42317607366797577,0.6133098944921095,680687.844334-0 680687.841842-1,-3.9006869024332342,-5.0846642199944805,33.35549603805609,19.865091304701018,14.431700337791954,-23.49134422256203,-0.36778555896290854,-0.3097967278553535,0.876789467334352,-39.882294461100805,14.341315950958727,-21.312089372360603,0.5271296045279633,-0.2766980692196338,0.8034753005042032
680687.846842,429,1.0,0.4226634653063739,0.6130851054444224,680687.844334-0 680687.84935-1,-3.9414714756077256,-5.094246733118783,33.4618129378872,19.865091304701018,14.431700337791954,-23.49134422256203,-0.36778555896290854,-0.3097967278553535,0.876789467334352,-39.882294461100805,14.341315950958727,-21.312089372360603,0.5260227059731959,-0.2761881439989417,0.8043756721302903
680687.8508295,429,1.0,0.42195724062026746,0.6149818962254503,680687.852309-0 680687.84935-1,-3.973229251920321,-5.1437893526468885,33.39071310922657,19.865091304701018,14.431700337791954,-23.49134422256203,-0.3684879407993358,-0.31169765493573887,0.8758203065658081,-39.882294461100805,14.341315950958727,-21.312089372360603,0.5260227059731959,-0.2761881439989417,0.8043756721302903
680687.854323,429,1.0,0.4219893842004101,0.6142493610037763,680687.852309-0 680687.856337-1,-3.971489204061136,-5.121236876375968,33.3942810244625,19.865091304701018,14.431700337791954,-23.49134422256203,-0.3684879407993358,-0.31169765493573887,0.8758203065658081,-39.882294461100805,14.341315950958727,-21.312089372360603,0.5260704058170875,-0.2755385974728684,0.8045672187121032
680687.8583005001,429,1.0,0.41901377669051454,0.6106363830727444,680687.860264-0 680687.856337-1,-4.111069274855703,-4.981641824045298,33.20340856831611,19.865091304701018,14.431700337791954,-23.49134422256203,-0.37154586092513825,-0.3093440654977859,0.8753627375955064,-39.882294461100805,14.341315950958727,-21.312089372360603,0.5260704058170875,-0.2755385974728684,0.8045672187121032
680687.863073,429,1.0,0.4189692842094391,0.6092129143129776,680687.860264-0 680687.865882-1,-4.116320316827531,-4.941412129693053,33.232000661459224,19.865091304701018,14.431700337791954,-23.49134422256203,-0.37154586092513825,-0.3093440654977859,0.8753627375955064,-39.882294461100805,14.341315950958727,-21.312089372360603,0.5259293802000555,-0.2742136565304637,0.8051118913632924
680687.8670795,429,1.0,0.41717210999018767,0.6058447324556137,680687.868277-0 680687.865882-1,-4.200691379288601,-4.8225943364034665,33.12810240912344,19.865091304701018,14.431700337791954,-23.49134422256203,-0.3733959896014983,-0.3068743309057135,0.8754447897958433,-39.882294461100805,14.341315950958727,-21.312089372360603,0.5259293802000555,-0.2742136565304637,0.8051118913632924
680687.870512,429,1.0,0.4175677901814951,0.6021326341033095,680687.868277-0 680687.872747-1,-4.1733332211271374,-4.702493224797986,33.09911526930525,19.865091304701018,14.431700337791954,-23.49134422256203,-0.3733959896014983,-0.3068743309057135,0.8754447897958433,-39.882294461100805,14.341315950958727,-21.312089372360603,0.5266720259089642,-0.27107789235439583,0.8056881241532889
680687.8749269999,429,1.0,0.41660107039916505,0.6011727030171422,680687.877107-0 680687.872747-1,-4.217964258469248,-4.664582850527526,33.03585351813051,19.865091304701018,14.431700337791954,-23.49134422256203,-0.37437908144257254,-0.3063104408521224,0.8752223815712176,-39.882294461100805,14.341315950958727,-21.312089372360603,0.5266720259089642,-0.27107789235439583,0.8056881241532889
680687.8787324999,430,1.0,0.41706408638963327,0.6006834233604269,680687.877107-0 680687.8803579999-1,-4.181309007389295,-4.636812360412164,32.94935368310114,19.865091304701018,14.431700337791954,-23.49134422256203,-0.37437908144257254,-0.3063104408521224,0.8752223815712176,-39.882294461100805,14.341315950958727,-21.312089372360603,0.5276638080647754,-0.2709278334579861,0.8050894451651577
680687.8825785,430,1.0,0.41648946878142673,0.5998606584184039,680687.884799-0 680687.8803579999-1,-4.207883656627416,-4.606953939112745,32.91424557485786,19.865091304701018,14.431700337791954,-23.49134422256203,-0.37496452751455694,-0.3057524466116488,0.8751668666584539,-39.882294461100805,14.341315950958727,-21.312089372360603,0.5276638080647754,-0.2709278334579861,0.8050894451651577
680687.8887209999,430,1.0,0.41626029536379094,0.5987959225708712,680687.884799-0 680687.892643-1,-4.227659684719859,-4.582677947720605,32.974834659129044,19.865091304701018,14.431700337791954,-23.49134422256203,-0.37496452751455694,-0.3057524466116488,0.8751668666584539,-39.882294461100805,14.341315950958727,-21.312089372360603,0.5271298261884407,-0.2698108936057522,0.8058140157841692
680687.8924324999,430,0.9884643852710724,0.41538668959047254,0.6010314714470857,680687.8922219999-0 680687.892643-1,-4.265763524959063,-4.640783944755449,32.8904240256561,19.865091304701018,14.431700337791954,-23.49134422256203,-0.3758146054504219,-0.3080013534142619,0.874012899575931,-39.882294461100805,14.341315950958727,-21.312089372360603,0.5271298261884407,-0.2698108936057522,0.8058140157841692
680687.897167,430,1.0,0.4082068596338824,0.6136198907444834,680687.901691-0 680687.892643-1,-4.576830927366284,-4.940871193802409,32.255190118638545,19.865091304701018,14.431700337791954,-23.49134422256203,-0.3827696935149989,-0.3211915069678146,0.8662120857954925,-39.882294461100805,14.341315950958727,-21.312089372360603,0.5271298261884407,-0.2698108936057522,0.8058140157841692
680687.9006574999,430,1.0,0.4030547773026448,0.6295726235647645,680687.901691-0 680687.899624-1,-4.992529051583821,-5.5762896301723925,33.0923250538898,19.865091304701018,14.431700337791954,-23.49134422256203,-0.3827696935149989,-0.3211915069678146,0.8662120857954925,-39.882294461100805,14.341315950958727,-21.312089372360603,0.5159922173234415,-0.2812565004142647,0.8091024735077498
680687.9051275,430,0.995,0.3947872883114966,0.6668707530401459,680687.901691-0 680687.908564-1,-5.6953379902115415,-7.033067266332407,34.34550331514838,19.865091304701018,14.431700337791954,-23.49134422256203,-0.3827696935149989,-0.3211915069678146,0.8662120857954925,-39.882294461100805,14.341315950958727,-21.312089372360603,0.4974292761666072,-0.31125266688266995,0.809744337782482
680687.909185,430,0.995,0.3861147097741139,0.6849507482150703,680687.909806-0 680687.908564-1,-6.070699147392832,-7.466938496035353,33.48959839750553,19.865091304701018,14.431700337791954,-23.49134422256203,-0.3911397960953605,-0.3396610272397748,0.855359600685525,-39.882294461100805,14.341315950958727,-21.312089372360603,0.4974292761666072,-0.31125266688266995,0.809744337782482
680687.91347,430,1.0,0.3782438362936076,0.7156780881341802,680687.909806-0 680687.917134-1,-6.836879428942659,-8.857269635319064,34.85705473165352,19.865091304701018,14.431700337791954,-23.49134422256203,-0.3911397960953605,-0.3396610272397748,0.855359600685525,-39.882294461100805,14.341315950958727,-21.312089372360603,0.4776886362754522,-0.33686289883215464,0.8113796609255719
680687.9182775,431,0.98056760430336,0.36101801153896257,0.7195900334067653,680687.9194209999-0 680687.917134-1,-7.583610883569321,-8.682334853328683,33.453732303021866,19.865091304701018,14.431700337791954,-23.49134422256203,-0.4078503121537618,-0.3470175563438064,0.8445335626635878,-39.882294461100805,14.341315950958727,-21.312089372360603,0.4776886362754522,-0.33686289883215464,0.8113796609255719
680687.922592,431,0.98056760430336,0.3550656493377189,0.7463479525603152,680687.9194209999-0 680687.925763-1,-8.243643384244157,-9.925653612478403,34.50972700497998,19.865091304701018,14.431700337791954,-23.49134422256203,-0.4078503121537618,-0.3470175563438064,0.8445335626635878,-39.882294461100805,14.341315950958727,-21.312089372360603,0.4611020555149197,-0.3602170577919806,0.8109430101280883
680687.9255265,431,1.0,0.3457562650501581,0.7786819562149216,680687.92529-0 680687.925763-1,-8.615845626902326,-10.77892745645585,33.38495787998928,19.865091304701018,14.431700337791954,-23.49134422256203,-0.4163758235080239,-0.37855434573143254,0.8266364260821452,-39.882294461100805,14.341315950958727,-21.312089372360603,0.4611020555149197,-0.3602170577919806,0.8109430101280883
680687.9294660001,431,1.0,0.33511821813698656,0.7989827430262179,680687.933169-0 680687.925763-1,-9.034273037875042,-11.195941798502261,32.315227856733685,19.865091304701018,14.431700337791954,-23.49134422256203,-0.42601810279466806,-0.3987250510382166,0.812112621356055,-39.882294461100805,14.341315950958727,-21.312089372360603,0.4611020555149197,-0.3602170577919806,0.8109430101280883
680687.9335749999,431,1.0,0.32975653457230464,0.8186063610818429,680687.933169-0 680687.933981-1,-9.758788719700522,-12.354612697433186,33.46578965876092,19.865091304701018,14.431700337791954,-23.49134422256203,-0.42601810279466806,-0.3987250510382166,0.812112621356055,-39.882294461100805,14.341315950958727,-21.312089372360603,0.4433176008777963,-0.3789699761364938,0.812312293357093
680687.9386165,431,1.0,0.3210726991103755,0.8339556547895093,680687.943252-0 680687.933981-1,-10.097116538059046,-12.646059475660635,32.57017775605925,19.865091304701018,14.431700337791954,-23.49134422256203,-0.4338834747410778,-0.41415428014151495,0.8001383396557572,-39.882294461100805,14.341315950958727,-21.312089372360603,0.4433176008777963,-0.3789699761364938,0.812312293357093
680687.944132,431,1.0,0.3160847454886732,0.8529390380129814,680687.943252-0 680687.945012-1,-10.867429081133809,-13.88124699670297,33.7391240992019,19.865091304701018,14.431700337791954,-23.49134422256203,-0.4338834747410778,-0.41415428014151495,0.8001383396557572,-39.882294461100805,14.341315950958727,-21.312089372360603,0.4248174235413399,-0.39831842750922003,0.8129407032264284
680687.9485485,431,1.0,0.31025075062094076,0.8559307730446104,680687.952085-0 680687.945012-1,-11.09836867291367,-13.828928445783589,33.2168610237147,19.865091304701018,14.431700337791954,-23.49134422256203,-0.4392772836001822,-0.41782236946797413,0.795273497411433,-39.882294461100805,14.341315950958727,-21.312089372360603,0.4248174235413399,-0.39831842750922003,0.8129407032264284
680687.953039,432,1.0,0.3116553224216612,0.8561418815268443,680687.952085-0 680687.953993-1,-10.850822370509912,-13.631358186986088,32.74879262954324,19.865091304701018,14.431700337791954,-23.49134422256203,-0.4392772836001822,-0.41782236946797413,0.795273497411433,-39.882294461100805,14.341315950958727,-21.312089372360603,0.43070081579158626,-0.3979733176846887,0.8100086701310695
680687.9586395,432,1.0,0.3107573396353949,0.8499223390687857,680687.963286-0 680687.953993-1,-10.889438109796341,-13.40556932965476,32.76899157884506,19.865091304701018,14.431700337791954,-23.49134422256203,-0.44016234495343076,-0.4121886885926287,0.7977202486344357,-39.882294461100805,14.341315950958727,-21.312089372360603,0.43070081579158626,-0.3979733176846887,0.8100086701310695
680687.9627149999,432,1.0,0.31235231370820926,0.8478489595293004,680687.963286-0 680687.962144-1,-10.623159539907057,-13.124182688414368,32.30278428852382,19.865091304701018,14.431700337791954,-23.49134422256203,-0.44016234495343076,-0.4121886885926287,0.7977202486344357,-39.882294461100805,14.341315950958727,-21.312089372360603,0.43708525045718677,-0.39547747989664,0.8078081744618462
680687.9666845,432,1.0,0.31404897144906857,0.8442497398546543,680687.963286-0 680687.970083-1,-10.353613816637408,-12.79517330800208,31.853463654709152,19.865091304701018,14.431700337791954,-23.49134422256203,-0.44016234495343076,-0.4121886885926287,0.7977202486344357,-39.882294461100805,14.341315950958727,-21.312089372360603,0.44360214265849324,-0.3915763692654984,0.8061545050805359
680687.9704325,432,1.0,0.31187938254337116,0.8375713578466814,680687.970782-0 680687.970083-1,-10.440922335663169,-12.534915800854641,31.783073724863833,19.865091304701018,14.431700337791954,-23.49134422256203,-0.4421867116453082,-0.4064438723417734,0.7995463030244921,-39.882294461100805,14.341315950958727,-21.312089372360603,0.44360214265849324,-0.3915763692654984,0.8061545050805359
680687.9752354999,432,1.0,0.31351070344012755,0.8348778924725262,680687.970782-0 680687.9796889999-1,-10.185668163591295,-12.253335742580752,31.345354098017616,19.865091304701018,14.431700337791954,-23.49134422256203,-0.4421867116453082,-0.4064438723417734,0.7995463030244921,-39.882294461100805,14.341315950958727,-21.312089372360603,0.44981773275864523,-0.38863582916594125,0.8041307105094129
680687.9798305,432,1.0,0.31256811485913943,0.8303647057287805,680687.979972-0 680687.9796889999-1,-10.224175304419203,-12.093196502887082,31.336939288425214,19.865091304701018,14.431700337791954,-23.49134422256203,-0.4430758873378002,-0.4025258975263257,0.8010347432417938,-39.882294461100805,14.341315950958727,-21.312089372360603,0.44981773275864523,-0.38863582916594125,0.8041307105094129
680687.984377,433,1.0,0.31249576343416996,0.8283243864982365,680687.979972-0 680687.988782-1,-10.242485726577462,-12.04541146863546,31.4027879244627,19.865091304701018,14.431700337791954,-23.49134422256203,-0.4430758873378002,-0.4025258975263257,0.8010347432417938,-39.882294461100805,14.341315950958727,-21.312089372360603,0.44937670004876606,-0.3867990282848003,0.8052621269941951
680687.9876855,433,1.0,0.3142881071636549,0.8342351914251491,680687.986589-0 680687.988782-1,-10.17065154223934,-12.267619443512455,31.455054473765614,19.865091304701018,14.431700337791954,-23.49134422256203,-0.44140994199197486,-0.407572610525629,0.7994009196016508,-39.882294461100805,14.341315950958727,-21.312089372360603,0.44937670004876606,-0.3867990282848003,0.8052621269941951
680687.9909665,433,1.0,0.31865061885230306,0.8431074330365642,680687.993151-0 680687.988782-1,-9.997655702720017,-12.641933075857036,31.65588769414549,19.865091304701018,14.431700337791954,-23.49134422256203,-0.4373948536188499,-0.41492757080274467,0.7978225698834784,-39.882294461100805,14.341315950958727,-21.312089372360603,0.44937670004876606,-0.3867990282848003,0.8052621269941951
680687.9950689999,433,1.0,0.31906434068240974,0.842357346359788,680687.993151-0 680687.996987-1,-9.935675559295076,-12.569268639995798,31.54977392680962,19.865091304701018,14.431700337791954,-23.49134422256203,-0.4373948536188499,-0.41492757080274467,0.7978225698834784,-39.882294461100805,14.341315950958727,-21.312089372360603,0.4508917930637776,-0.3859831617577514,0.8048065542645767
680687.999708,433,1.0,0.3313484492892548,0.8559103631212853,680688.002429-0 680687.996987-1,-9.443965146123254,-13.288001241348955,32.28049658993402,19.865091304701018,14.431700337791954,-23.49134422256203,-0.4260510004471853,-0.4255248176283366,0.7983790920360596,-39.882294461100805,14.341315950958727,-21.312089372360603,0.4508917930637776,-0.3859831617577514,0.8048065542645767
680688.0034785001,433,1.0,0.33155928628985915,0.8566592125201459,680688.002429-0 680688.004528-1,-9.411627027285574,-13.283973965763945,32.20546767781504,19.865091304701018,14.431700337791954,-23.49134422256203,-0.4260510004471853,-0.4255248176283366,0.7983790920360596,-39.882294461100805,14.341315950958727,-21.312089372360603,0.45168044659053674,-0.38660213371295993,0.8040668904863325
680688.0066160001,433,1.0,0.33442657536150594,0.8590090618391653,680688.008704-0 680688.004528-1,-9.294703529949745,-13.430646802717416,32.39038972378236,19.865091304701018,14.431700337791954,-23.49134422256203,-0.4233735422234539,-0.4273033086912047,0.7988533821213466,-39.882294461100805,14.341315950958727,-21.312089372360603,0.45168044659053674,-0.38660213371295993,0.8040668904863325
680688.0105045,433,1.0,0.33423450478847344,0.8573250073146491,680688.008704-0 680688.012305-1,-9.325873621022641,-13.404389615391764,32.47857511051219,19.865091304701018,14.431700337791954,-23.49134422256203,-0.4233735422234539,-0.4273033086912047,0.7988533821213466,-39.882294461100805,14.341315950958727,-21.312089372360603,0.4509226248946938,-0.3851081780059653,0.8052083442134742
680688.0158335,434,1.0,0.3347694771278203,0.8562346692615508,680688.0193619999-0 680688.012305-1,-9.304796478999892,-13.383125093658734,32.53597916478439,19.865091304701018,14.431700337791954,-23.49134422256203,-0.42288671705424596,-0.42624684289165926,0.799675217487684,-39.882294461100805,14.341315950958727,-21.312089372360603,0.4509226248946938,-0.3851081780059653,0.8052083442134742
680688.021038,434,1.0,0.33525289574239336,0.8540033866127918,680688.0193619999-0 680688.022714-1,-9.240344665981814,-13.257887724603552,32.44438277375981,19.865091304701018,14.431700337791954,-23.49134422256203,-0.42288671705424596,-0.42624684289165926,0.799675217487684,-39.882294461100805,14.341315950958727,-21.312089372360603,0.4525052565759873,-0.382880221376906,0.8053829703001367
680688.024529,434,1.0,0.3379361362588819,0.8548692530098769,680688.026344-0 680688.022714-1,-9.130548868676255,-13.353214846996575,32.63879121654682,19.865091304701018,14.431700337791954,-23.49134422256203,-0.4203774074920958,-0.42670252728617053,0.8007545119934194,-39.882294461100805,14.341315950958727,-21.312089372360603,0.4525052565759873,-0.382880221376906,0.8053829703001367
680688.0280295,434,1.0,0.3380577665082366,0.853325791658692,680688.026344-0 680688.029715-1,-9.116570737344247,-13.292513287058053,32.63550134948097,19.865091304701018,14.431700337791954,-23.49134422256203,-0.4203774074920958,-0.42670252728617053,0.8007545119934194,-39.882294461100805,14.341315950958727,-21.312089372360603,0.4528515815182758,-0.381408848771444,0.8058863041367796
680688.031753,434,1.0,0.33977128607716145,0.8542707597993072,680688.033791-0 680688.029715-1,-9.045722601702579,-13.366315597172157,32.75463117340942,19.865091304701018,14.431700337791954,-23.49134422256203,-0.4187636717544855,-0.4273516165568995,0.8012537569614924,-39.882294461100805,14.341315950958727,-21.312089372360603,0.4528515815182758,-0.381408848771444,0.8058863041367796
680688.036486,434,1.0,0.3396571697066412,0.8534414553114824,680688.033791-0 680688.039181-1,-9.063325173928723,-13.355140166084489,32.80295023781957,19.865091304701018,14.431700337791954,-23.49134422256203,-0.4187636717544855,-0.4273516165568995,0.8012537569614924,-39.882294461100805,14.341315950958727,-21.312089372360603,0.45242235880970266,-0.3806730740706378,0.806475058465341
680688.0404345,434,1.0,0.34116988421770494,0.8544541491662003,680688.041688-0 680688.039181-1,-9.000294013767304,-13.426512907708023,32.90622852901868,19.865091304701018,14.431700337791954,-23.49134422256203,-0.4173313916852674,-0.4280894566385334,0.8016070899318212,-39.882294461100805,14.341315950958727,-21.312089372360603,0.45242235880970266,-0.3806730740706378,0.806475058465341
680688.0446299999,435,1.0,0.34056380859154456,0.8522231316751359,680688.041688-0 680688.047572-1,-9.089440324287438,-13.431991823079773,33.1205518681363,19.865091304701018,14.431700337791954,-23.49134422256203,-0.4173313916852674,-0.4280894566385334,0.8016070899318212,-39.882294461100805,14.341315950958727,-21.312089372360603,0.45024690116739396,-0.3787744535203567,0.8085837256274168
680688.0486345,435,1.0,0.34163657676627546,0.8529164536847634,680688.049697-0 680688.047572-1,-9.044423955525804,-13.482319260113805,33.1952401391865,19.865091304701018,14.431700337791954,-23.49134422256203,-0.4163101852818006,-0.4285909174428082,0.801870098654492,-39.882294461100805,14.341315950958727,-21.312089372360603,0.45024690116739396,-0.3787744535203567,0.8085837256274168
680688.0535154999,435,1.0,0.34137444049906085,0.8491438017560149,680688.049697-0 680688.057334-1,-9.088488943182968,-13.398798783136552,33.343866158915645,19.865091304701018,14.431700337791954,-23.49134422256203,-0.4163101852818006,-0.4285909174428082,0.801870098654492,-39.882294461100805,14.341315950958727,-21.312089372360603,0.44918017188974557,-0.37531177136804095,0.810788657699207
680688.0580875,435,1.0,0.34349576510313773,0.8499329547872709,680688.058841-0 680688.057334-1,-8.99917989186981,-13.479915141194734,33.502047321234585,19.865091304701018,14.431700337791954,-23.49134422256203,-0.41428644011221843,-0.4290485861540483,0.8026730693491325,-39.882294461100805,14.341315950958727,-21.312089372360603,0.44918017188974557,-0.37531177136804095,0.810788657699207
680688.0624444999,435,1.0,0.3430366861523496,0.8512238240698096,680688.058841-0 680688.066048-1,-9.061154525491006,-13.575085597411938,33.607091431554046,19.865091304701018,14.431700337791954,-23.49134422256203,-0.41428644011221843,-0.4290485861540483,0.8026730693491325,-39.882294461100805,14.341315950958727,-21.312089372360603,0.4476659451937232,-0.37665713928840305,0.8110022200566944
680688.0661065,435,1.0,0.34143460840566187,0.8470547272320605,680688.066165-0 680688.066048-1,-9.130976953673274,-13.396588936876224,33.54030262388963,19.865091304701018,14.431700337791954,-23.49134422256203,-0.4158559801796925,-0.4254225829928182,0.8037906628149556,-39.882294461100805,14.341315950958727,-21.312089372360603,0.4476659451937232,-0.37665713928840305,0.8110022200566944
680688.0714159999,435,1.0,0.3416567708041164,0.8437765513657765,680688.066165-0 680688.076667-1,-9.10601057787925,-13.269452343179172,33.541739652865694,19.865091304701018,14.431700337791954,-23.49134422256203,-0.4158559801796925,-0.4254225829928182,0.8037906628149556,-39.882294461100805,14.341315950958727,-21.312089372360603,0.44828227274081384,-0.3735141545991776,0.8121146349256317
680688.0747165,435,1.0,0.34157620657256366,0.8427544490351546,680688.0727659999-0 680688.076667-1,-9.110027438417708,-13.234045522972004,33.550385224646604,19.865091304701018,14.431700337791954,-23.49134422256203,-0.4159437477112561,-0.4244961537630802,0.8042349247454168,-39.882294461100805,14.341315950958727,-21.312089372360603,0.44828227274081384,-0.3735141545991776,0.8121146349256317
680688.079789,436,1.0,0.3413068242923997,0.842035150095533,680688.082911-0 680688.076667-1,-9.121748346696855,-13.203673916174381,33.53934102145024,19.865091304701018,14.431700337791954,-23.49134422256203,-0.4162075302155677,-0.4238721349017628,0.8044275635790206,-39.882294461100805,14.341315950958727,-21.312089372360603,0.44828227274081384,-0.3735141545991776,0.8121146349256317
680688.083697,436,1.0,0.3416203305090901,0.8391904800564488,680688.082911-0 680688.084483-1,-9.083142909657507,-13.079623259295278,33.50572845762855,19.865091304701018,14.431700337791954,-23.49134422256203,-0.4162075302155677,-0.4238721349017628,0.8044275635790206,-39.882294461100805,14.341315950958727,-21.312089372360603,0.4492307049007981,-0.3707643605039785,0.8128502708090879
680688.086812,436,1.0,0.34192661637876026,0.83646628644373,680688.089141-0 680688.084483-1,-9.072099794130054,-12.998771610715345,33.57015248032063,19.865091304701018,14.431700337791954,-23.49134422256203,-0.41594757967732654,-0.4213369104374983,0.8058925603723844,-39.882294461100805,14.341315950958727,-21.312089372360603,0.4492307049007981,-0.3707643605039785,0.8128502708090879
680688.0908715,436,1.0,0.34231078530862236,0.8345005714796264,680688.089141-0 680688.092602-1,-9.022172228212323,-12.894268455515746,33.49925701004951,19.865091304701018,14.431700337791954,-23.49134422256203,-0.41594757967732654,-0.4213369104374983,0.8058925603723844,-39.882294461100805,14.341315950958727,-21.312089372360603,0.45045477263594264,-0.3688357464731753,0.8130502382590368
680688.0937689999,436,1.0,0.3430423823990564,0.8326514246657937,680688.094936-0 680688.092602-1,-8.9927827406765,-12.852532487336983,33.58465276127653,19.865091304701018,14.431700337791954,-23.49134422256203,-0.4152741783545046,-0.419545310929714,0.8071735184388054,-39.882294461100805,14.341315950958727,-21.312089372360603,0.45045477263594264,-0.3688357464731753,0.8130502382590368
680688.09767,436,1.0,0.3434117536612795,0.8305458344596167,680688.094936-0 680688.100404-1,-8.94567903697519,-12.746292060328248,33.52106381000806,19.865091304701018,14.431700337791954,-23.49134422256203,-0.4152741783545046,-0.419545310929714,0.8071735184388054,-39.882294461100805,14.341315950958727,-21.312089372360603,0.4516118997225436,-0.3667878061465176,0.8133347387707102
680688.1028064999,436,1.0,0.34523554847436244,0.8278524328099458,680688.105209-0 680688.100404-1,-8.870918538355431,-12.704064664007927,33.706019810250424,19.865091304701018,14.431700337791954,-23.49134422256203,-0.4135702621637924,-0.4168276388560023,0.8094531226324979,-39.882294461100805,14.341315950958727,-21.312089372360603,0.4516118997225436,-0.3667878061465176,0.8133347387707102
680688.1075645,436,1.0,0.34532131276613354,0.8270804567248715,680688.105209-0 680688.10992-1,-8.860682452679454,-12.670891736585748,33.69687064794863,19.865091304701018,14.431700337791954,-23.49134422256203,-0.4135702621637924,-0.4168276388560023,0.8094531226324979,-39.882294461100805,14.341315950958727,-21.312089372360603,0.45186432017641215,-0.3660481310450068,0.8135277511615483
680688.110486,437,1.0,0.3472372264631689,0.8265016223972793,680688.111052-0 680688.10992-1,-8.780143383236188,-12.699590949645117,33.85973855736573,19.865091304701018,14.431700337791954,-23.49134422256203,-0.4117464433162843,-0.41602760198343,0.810793377380641,-39.882294461100805,14.341315950958727,-21.312089372360603,0.45186432017641215,-0.3660481310450068,0.8135277511615483
680688.1144695,437,1.0,0.3465462093384159,0.822294471345294,680688.111052-0 680688.117887-1,-8.883465784620768,-12.64687541619093,34.137933335169485,19.865091304701018,14.431700337791954,-23.49134422256203,-0.4117464433162843,-0.41602760198343,0.810793377380641,-39.882294461100805,14.341315950958727,-21.312089372360603,0.4493466134139904,-0.36218499130439114,0.816645365557912
680688.1184139999,437,1.0,0.34652695809242573,0.8215328874452674,680688.118941-0 680688.117887-1,-8.884798265879873,-12.621390863953241,34.14728148984817,19.865091304701018,14.431700337791954,-23.49134422256203,-0.4117740121371097,-0.41532974363502556,0.8111370827305155,-39.882294461100805,14.341315950958727,-21.312089372360603,0.4493466134139904,-0.36218499130439114,0.816645365557912
680688.121582,437,1.0,0.34414630322248635,0.8082905221131802,680688.118941-0 680688.124223-1,-9.248353310758336,-12.471446212361982,35.10203306466528,19.865091304701018,14.431700337791954,-23.49134422256203,-0.4117740121371097,-0.41532974363502556,0.8111370827305155,-39.882294461100805,14.341315950958727,-21.312089372360603,0.44054905734348887,-0.34979251854098303,0.826777915795118
680688.1254034999,437,1.0,0.3309488637887701,0.7927823988398688,680688.126584-0 680688.124223-1,-9.815218945079625,-11.644320225227926,34.21492672904604,19.865091304701018,14.431700337791954,-23.49134422256203,-0.424625020524953,-0.40320196032949923,0.8106304775485758,-39.882294461100805,14.341315950958727,-21.312089372360603,0.44054905734348887,-0.34979251854098303,0.826777915795118
680688.1301155,437,0.995,0.3235434283839692,0.7614776360278056,680688.126584-0 680688.133647-1,-11.1211354820079,-11.4759939590639,37.30473830414867,19.865091304701018,14.431700337791954,-23.49134422256203,-0.424625020524953,-0.40320196032949923,0.8106304775485758,-39.882294461100805,14.341315950958727,-21.312089372360603,0.4097535587816354,-0.3184333235856396,0.8548112303286544
680688.1338084999,437,0.995,0.2912455628298257,0.7402657689446986,680688.13397-0 680688.133647-1,-12.444298435575893,-10.070338162548087,34.70781789536582,19.865091304701018,14.431700337791954,-23.49134422256203,-0.4555799316041644,-0.39055675860459194,0.7999452132663956,-39.882294461100805,14.341315950958727,-21.312089372360603,0.4097535587816354,-0.3184333235856396,0.8548112303286544
680688.1383189999,437,0.995,0.2823419655369471,0.7090010106471223,680688.13397-0 680688.142668-1,-14.655262122300385,-10.146222515416909,39.26139737477061,19.865091304701018,14.431700337791954,-23.49134422256203,-0.4555799316041644,-0.39055675860459194,0.7999452132663956,-39.882294461100805,14.341315950958727,-21.312089372360603,0.36013318509599307,-0.2819196956666452,0.8892836297761482
680688.1416305,437,0.99,0.2219999132039993,0.649412095573419,680688.140593-0 680688.142668-1,-16.917835797791795,-7.037126200551252,34.21737991447077,19.865091304701018,14.431700337791954,-23.49134422256203,-0.5126810531098804,-0.35158822254239247,0.7832904056297542,-39.882294461100805,14.341315950958727,-21.312089372360603,0.36013318509599307,-0.2819196956666452,0.8892836297761482
680688.1469935,438,0.99,0.1571993552774627,0.5812230037666029,680688.1513189999-0 680688.142668-1,-19.018583788569046,-4.227415841888258,29.471147743473665,19.865091304701018,14.431700337791954,-23.49134422256203,-0.5692678176725204,-0.3111643387188363,0.7609933679553553,-39.882294461100805,14.341315950958727,-21.312089372360603,0.36013318509599307,-0.2819196956666452,0.8892836297761482
680688.152311,438,0.99,0.1561500066916718,0.5626299384586037,680688.1513189999-0 680688.153303-1,-21.309715254957766,-4.06276870930176,32.96230824815572,19.865091304701018,14.431700337791954,-23.49134422256203,-0.5692678176725204,-0.3111643387188363,0.7609933679553553,-39.882294461100805,14.341315950958727,-21.312089372360603,0.30835270430292966,-0.24922812646897036,0.9180435451141938
680688.155634,438,0.99,0.09465237752543287,0.4985584490543995,680688.157965-0 680688.153303-1,-23.103088214133898,-1.644273706199118,27.945025218785503,19.865091304701018,14.431700337791954,-23.49134422256203,-0.6232018831825445,-0.27710607740952903,0.7313218406833161,-39.882294461100805,14.341315950958727,-21.312089372360603,0.30835270430292966,-0.24922812646897036,0.9180435451141938
680688.1587050001,438,0.99,0.0962595159006943,0.4877340859977036,680688.157965-0 680688.159445-1,-25.220524871961167,-1.4162728202501782,30.728580369528558,19.865091304701018,14.431700337791954,-23.49134422256203,-0.6232018831825445,-0.27710607740952903,0.7313218406833161,-39.882294461100805,14.341315950958727,-21.312089372360603,0.26041553663886197,-0.22104993654237842,0.9398514105068438
680688.1637125,438,0.99,0.046601227546025206,0.4351802872114151,680688.16798-0 680688.159445-1,-26.52865128176479,0.4261114677255078,26.222627502116588,19.865091304701018,14.431700337791954,-23.49134422256203,-0.6677956810481619,-0.2513068540215639,0.7006381330581468,-39.882294461100805,14.341315950958727,-21.312089372360603,0.26041553663886197,-0.22104993654237842,0.9398514105068438
680688.1681675,438,0.99,0.04882874402174302,0.435283140454501,680688.16798-0 680688.168355-1,-28.374035070349816,0.4544407597703515,28.32196771812105,19.865091304701018,14.431700337791954,-23.49134422256203,-0.6677956810481619,-0.2513068540215639,0.7006381330581468,-39.882294461100805,14.341315950958727,-21.312089372360603,0.21802588414763316,-0.20452815910934805,0.9542708975825387
680688.1723335,438,0.99,0.006382441314004517,0.38954213597935505,680688.176312-0 680688.168355-1,-29.387738242366673,1.9775654936893279,24.036105496549638,19.865091304701018,14.431700337791954,-23.49134422256203,-0.707386139243995,-0.23058108369035374,0.6681595721454997,-39.882294461100805,14.341315950958727,-21.312089372360603,0.21802588414763316,-0.20452815910934805,0.9542708975825387
680688.1771450001,439,0.99,0.008774553622588676,0.3892888000163932,680688.176312-0 680688.177978-1,-30.82869929447632,2.0939748624290955,25.514295341051586,19.865091304701018,14.431700337791954,-23.49134422256203,-0.707386139243995,-0.23058108369035374,0.6681595721454997,-39.882294461100805,14.341315950958727,-21.312089372360603,0.18399294318929557,-0.18973435203136385,0.964441534005965
680688.1824515,439,0.995,-0.018998495688332274,0.3625708092151042,680688.1869249999-0 680688.177978-1,-31.436476027008908,2.937841126291861,22.376617355823328,19.865091304701018,14.431700337791954,-23.49134422256203,-0.7344345955235594,-0.22251092687045348,0.6411666806076223,-39.882294461100805,14.341315950958727,-21.312089372360603,0.18399294318929557,-0.18973435203136385,0.964441534005965
680688.1866329999,439,0.995,-0.017181361690276908,0.3677422328748272,680688.1869249999-0 680688.186341-1,-32.68847057385195,2.8799856093790863,23.53215009610684,19.865091304701018,14.431700337791954,-23.49134422256203,-0.7344345955235594,-0.22251092687045348,0.6411666806076223,-39.882294461100805,14.341315950958727,-21.312089372360603,0.1537469118043756,-0.18301513881960915,0.971013566369418
680688.1911124999,439,1.0,-0.016012542182771393,0.3702767288996681,680688.1869249999-0 680688.1953-1,-33.51391311325045,2.8659714694711065,24.2964236927551,19.865091304701018,14.431700337791954,-23.49134422256203,-0.7344345955235594,-0.22251092687045348,0.6411666806076223,-39.882294461100805,14.341315950958727,-21.312089372360603,0.1343828299234903,-0.17779093803632368,0.9748495460192401
680688.1940029999,439,1.0,-0.03376477776434532,0.3501430227593555,680688.192706-0 680688.1953-1,-33.838607125083406,3.5198638682949257,21.98776672671874,19.865091304701018,14.431700337791954,-23.49134422256203,-0.7530405684972662,-0.21489904303603666,0.6218909096453406,-39.882294461100805,14.341315950958727,-21.312089372360603,0.1343828299234903,-0.17779093803632368,0.9748495460192401
680688.1975100001,439,1.0,-0.03705522259337783,0.3500548083119648,680688.19972-0 680688.1953-1,-33.893090672506574,3.5063392647462575,21.570365816634663,19.865091304701018,14.431700337791954,-23.49134422256203,-0.7560636790909854,-0.2179813969062702,0.6171319338376471,-39.882294461100805,14.341315950958727,-21.312089372360603,0.1343828299234903,-0.17779093803632368,0.9748495460192401
680688.2012755,439,1.0,-0.037187784890028476,0.356967238384413,680688.19972-0 680688.202831-1,-34.12075133431084,3.2793927835946315,21.734292741321767,19.865091304701018,14.431700337791954,-23.49134422256203,-0.7560636790909854,-0.2179813969062702,0.6171319338376471,-39.882294461100805,14.341315950958727,-21.312089372360603,0.12877892794485982,-0.18442562848885904,0.97437322175533
680688.206347,439,1.0,-0.033286956214966065,0.36254368172538765,680688.209863-0 680688.202831-1,-34.04940990263087,3.0949221715190474,22.255712426746747,19.865091304701018,14.431700337791954,-23.49134422256203,-0.7517878236171969,-0.22089601812481677,0.6213050920743516,-39.882294461100805,14.341315950958727,-21.312089372360603,0.12877892794485982,-0.18442562848885904,0.97437322175533
680688.2099715,439,1.0,-0.03395711903560317,0.36667288868914083,680688.209863-0 680688.21008-1,-33.84967555701482,2.9239343723064994,22.05247900336733,19.865091304701018,14.431700337791954,-23.49134422256203,-0.7517878236171969,-0.22089601812481677,0.6213050920743516,-39.882294461100805,14.341315950958727,-21.312089372360603,0.13355447598431583,-0.1919155410798427,0.9722816603415831
680688.2137130001,440,1.0,-0.03169341116561304,0.3624860375276254,680688.217346-0 680688.21008-1,-33.819353406862405,3.0856470084864114,22.324217172367398,19.865091304701018,14.431700337791954,-23.49134422256203,-0.7502222541559522,-0.21368468310948383,0.6257039440290916,-39.882294461100805,14.341315950958727,-21.312089372360603,0.13355447598431583,-0.1919155410798427,0.9722816603415831
680688.2189565001,440,1.0,-0.032241899602317756,0.36147930407915774,680688.217346-0 680688.220567-1,-33.47128398297464,3.086624788756045,22.014929043008586,19.865091304701018,14.431700337791954,-23.49134422256203,-0.7502222541559522,-0.21368468310948383,0.6257039440290916,-39.882294461100805,14.341315950958727,-21.312089372360603,0.14197541467124744,-0.19429028707951956,0.9706154057995809
680688.221931,440,1.0,-0.02887958229847314,0.362447834123917,680688.223295-0 680688.220567-1,-33.41178758819275,3.066630178031761,22.437720085132227,19.865091304701018,14.431700337791954,-23.49134422256203,-0.7470250553634148,-0.21165044770916452,0.6302044546365858,-39.882294461100805,14.341315950958727,-21.312089372360603,0.14197541467124744,-0.19429028707951956,0.9706154057995809
680688.2258194999,440,1.0,-0.02984984940789461,0.3653576143748206,680688.223295-0 680688.228344-1,-33.012779735645196,2.9211777230230256,22.052802600540836,19.865091304701018,14.431700337791954,-23.49134422256203,-0.7470250553634148,-0.21165044770916452,0.6302044546365858,-39.882294461100805,14.341315950958727,-21.312089372360603,0.15162234555001897,-0.20228244770473813,0.9675187211007806
680688.2295299999,440,1.0,-0.02731457824705972,0.3692944509408269,680688.230716-0 680688.228344-1,-32.96002297836928,2.7910988813879056,22.375221170343018,19.865091304701018,14.431700337791954,-23.49134422256203,-0.7442550606900266,-0.21394924229641862,0.6327006609432874,-39.882294461100805,14.341315950958727,-21.312089372360603,0.15162234555001897,-0.20228244770473813,0.9675187211007806
680688.2350544999,440,1.0,-0.027991899165871637,0.3700368490753969,680688.230716-0 680688.239393-1,-32.62976767900078,2.7333704117845032,22.064181936114075,19.865091304701018,14.431700337791954,-23.49134422256203,-0.7442550606900266,-0.21394924229641862,0.6327006609432874,-39.882294461100805,14.341315950958727,-21.312089372360603,0.1596469968390091,-0.20670673505462664,0.9652901957874336
680688.23906,440,1.0,-0.02618288453215243,0.3728623024547282,680688.238727-0 680688.239393-1,-32.59077380418624,2.640307852961583,22.2895427757839,19.865091304701018,14.431700337791954,-23.49134422256203,-0.7422900916860242,-0.2156075954386611,0.6344436811679283,-39.882294461100805,14.341315950958727,-21.312089372360603,0.1596469968390091,-0.20670673505462664,0.9652901957874336
680688.2421885,440,1.0,-0.023829928514366206,0.3748094564875162,680688.244984-0 680688.239393-1,-32.54343669988622,2.579943558195601,22.576610361515165,19.865091304701018,14.431700337791954,-23.49134422256203,-0.7399392746009371,-0.2157488538613682,0.6371360152750307,-39.882294461100805,14.341315950958727,-21.312089372360603,0.1596469968390091,-0.20670673505462664,0.9652901957874336
680688.2453615,441,1.0,-0.02438384421774815,0.37622773003984655,680688.244984-0 680688.245739-1,-32.308946329890134,2.5088545142568623,22.346571111113725,19.865091304701018,14.431700337791954,-23.49134422256203,-0.7399392746009371,-0.2157488538613682,0.6371360152750307,-39.882294461100805,14.341315950958727,-21.312089372360603,0.1653240270586543,-0.2109452839250297,0.9634158257299379
680688.2500505,441,1.0,-0.02163702305339914,0.38000298977575053,680688.254362-0 680688.245739-1,-32.24971625949909,2.385167832400806,22.679921332889577,19.865091304701018,14.431700337791954,-23.49134422256203,-0.7370473573437436,-0.21768847784055184,0.6398225688798943,-39.882294461100805,14.341315950958727,-21.312089372360603,0.1653240270586543,-0.2109452839250297,0.9634158257299379
680688.253888,441,1.0,-0.022219477072373994,0.3828544785796927,680688.254362-0 680688.253414-1,-32.062627596931236,2.269016479471092,22.482363489671748,19.865091304701018,14.431700337791954,-23.49134422256203,-0.7370473573437436,-0.21768847784055184,0.6398225688798943,-39.882294461100805,14.341315950958727,-21.312089372360603,0.1698358560875121,-0.21646307463009043,0.9614049715435787
680688.257614,441,1.0,-0.022514816676947193,0.38566322750091897,680688.254362-0 680688.260866-1,-32.027626971843,2.167292107956091,22.4287327171648,19.865091304701018,14.431700337791954,-23.49134422256203,-0.7370473573437436,-0.21768847784055184,0.6398225688798943,-39.882294461100805,14.341315950958727,-21.312089372360603,0.17066504742048272,-0.2203537117143027,0.9603737206539412
680688.2606329999,441,1.0,-0.018303089689353413,0.38994904023438925,680688.2604-0 680688.260866-1,-31.938330416489755,2.029258427562916,22.926101800353834,19.865091304701018,14.431700337791954,-23.49134422256203,-0.7328223709602755,-0.21893224950819762,0.64423601478452,-39.882294461100805,14.341315950958727,-21.312089372360603,0.17066504742048272,-0.2203537117143027,0.9603737206539412
680688.264578,441,1.0,-0.015222168813824054,0.3928064492826211,680688.26829-0 680688.260866-1,-31.873953791052553,1.9371784745619998,23.286634427894285,19.865091304701018,14.431700337791954,-23.49134422256203,-0.729783936468598,-0.219559590501393,0.6474635065324202,-39.882294461100805,14.341315950958727,-21.312089372360603,0.17066504742048272,-0.2203537117143027,0.9603737206539412
680688.2682930001,441,1.0,-0.015225511933480628,0.3939458239003025,680688.26829-0 680688.268296-1,-31.921184024804855,1.8998789919804686,23.32388814933799,19.865091304701018,14.431700337791954,-23.49134422256203,-0.729783936468598,-0.219559590501393,0.6474635065324202,-39.882294461100805,14.341315950958727,-21.312089372360603,0.16952742716589494,-0.22130719070401886,0.960355964619998
680688.272881,441,1.0,-0.016256838860631718,0.39043804348419064,680688.2774659999-0 680688.268296-1,-31.947183890519096,2.020959937408146,23.19921580703739,19.865091304701018,14.431700337791954,-23.49134422256203,-0.7310603825073967,-0.21638842737617403,0.647091002584493,-39.882294461100805,14.341315950958727,-21.312089372360603,0.16952742716589494,-0.22130719070401886,0.960355964619998
680688.2768689999,442,1.0,-0.01669012349684067,0.3944270616726049,680688.2774659999-0 680688.2762719999-1,-31.888395715440915,1.875441603713507,23.11182846348506,19.865091304701018,14.431700337791954,-23.49134422256203,-0.7310603825073967,-0.21638842737617403,0.647091002584493,-39.882294461100805,14.341315950958727,-21.312089372360603,0.17090875881018147,-0.2268875401952943,0.9588077180885081
680688.2817985,442,1.0,-0.016893946313795725,0.3902139476570209,680688.2774659999-0 680688.286131-1,-31.599177906405092,2.0041808391769003,22.86416092929919,19.865091304701018,14.431700337791954,-23.49134422256203,-0.7310603825073967,-0.21638842737617403,0.647091002584493,-39.882294461100805,14.341315950958727,-21.312089372360603,0.17790802405298053,-0.2245333431531609,0.9580884681437455
680688.2860665,442,1.0,-0.01631925469480553,0.3898523214954289,680688.286002-0 680688.286131-1,-31.58850454925572,2.0184038513080935,22.92903229120769,19.865091304701018,14.431700337791954,-23.49134422256203,-0.7305857409690945,-0.215474928332922,0.6479313469439187,-39.882294461100805,14.341315950958727,-21.312089372360603,0.17790802405298053,-0.2245333431531609,0.9580884681437455
680688.290255,442,1.0,-0.016749880467152246,0.38805641366993116,680688.294379-0 680688.286131-1,-31.60040304267639,2.079890349301796,22.877059162175307,19.865091304701018,14.431700337791954,-23.49134422256203,-0.731151427954375,-0.2137744696562257,0.6478565161542155,-39.882294461100805,14.341315950958727,-21.312089372360603,0.17790802405298053,-0.2245333431531609,0.9580884681437455
680688.2933995,442,1.0,-0.01681593817785858,0.3854494892140745,680688.294379-0 680688.29242-1,-31.452382175182613,2.1601207420112782,22.753373365298586,19.865091304701018,14.431700337791954,-23.49134422256203,-0.731151427954375,-0.2137744696562257,0.6478565161542155,-39.882294461100805,14.341315950958727,-21.312089372360603,0.18151559082202792,-0.22279647939185088,0.9578172158920127
680688.297376,442,1.0,-0.016978679222150017,0.38379374401124944,680688.294379-0 680688.300373-1,-31.29624577082972,2.2057124679474267,22.61444712858041,19.865091304701018,14.431700337791954,-23.49134422256203,-0.731151427954375,-0.2137744696562257,0.6478565161542155,-39.882294461100805,14.341315950958727,-21.312089372360603,0.18532874110279252,-0.2223438504925176,0.9571919712729601
680688.3011765,442,1.0,-0.01664722314994993,0.3837413320317966,680688.30198-0 680688.300373-1,-31.289613729933464,2.2085156773881476,22.651584471324355,19.865091304701018,14.431700337791954,-23.49134422256203,-0.7308621438362781,-0.2134300949382541,0.6482963221256828,-39.882294461100805,14.341315950958727,-21.312089372360603,0.18532874110279252,-0.2223438504925176,0.9571919712729601
680688.305981,442,1.0,-0.016536507115792444,0.38363163796716926,680688.30198-0 680688.309982-1,-31.3420010207043,2.216490424704322,22.703237878285115,19.865091304701018,14.431700337791954,-23.49134422256203,-0.7308621438362781,-0.2134300949382541,0.6482963221256828,-39.882294461100805,14.341315950958727,-21.312089372360603,0.18405318847821317,-0.22166719896306553,0.957594943968937
680688.3112325,443,1.0,-0.01667734753072132,0.38226831080857127,680688.312483-0 680688.309982-1,-31.34754790119062,2.263308188477623,22.684848528208903,19.865091304701018,14.431700337791954,-23.49134422256203,-0.7311277022747872,-0.21198194118168745,0.6484720036973324,-39.882294461100805,14.341315950958727,-21.312089372360603,0.18405318847821317,-0.22166719896306553,0.957594943968937
680688.3154875,443,1.0,-0.016794925516119275,0.38306513905743556,680688.312483-0 680688.318492-1,-31.32187256715742,2.2334506680459922,22.653950425093186,19.865091304701018,14.431700337791954,-23.49134422256203,-0.7311277022747872,-0.21198194118168745,0.6484720036973324,-39.882294461100805,14.341315950958727,-21.312089372360603,0.18467319538848095,-0.22292371172915823,0.9571838013954808
680688.319448,443,1.0,-0.016365119175296795,0.3838823669337731,680688.320404-0 680688.318492-1,-31.31154121555841,2.206448691075188,22.70376848037644,19.865091304701018,14.431700337791954,-23.49134422256203,-0.730661704279256,-0.212553487124708,0.6488100561881415,-39.882294461100805,14.341315950958727,-21.312089372360603,0.18467319538848095,-0.22292371172915823,0.9571838013954808
680688.323787,443,1.0,-0.016110166888781752,0.38215108360115757,680688.320404-0 680688.32717-1,-31.367706831652185,2.271392030582163,22.77126407976504,19.865091304701018,14.431700337791954,-23.49134422256203,-0.730661704279256,-0.212553487124708,0.6488100561881415,-39.882294461100805,14.341315950958727,-21.312089372360603,0.18331883817161604,-0.2201911408454446,0.9580762313430964
680688.327737,443,1.0,-0.015080372895587413,0.38244587158881904,680688.328304-0 680688.32717-1,-31.34637401894616,2.2643363849646256,22.88775555090514,19.865091304701018,14.431700337791954,-23.49134422256203,-0.7297165196706107,-0.21201284161675873,0.6500495026606802,-39.882294461100805,14.341315950958727,-21.312089372360603,0.18331883817161604,-0.2201911408454446,0.9580762313430964
680688.331669,443,1.0,-0.014974557876139816,0.3820351936728844,680688.328304-0 680688.335034-1,-31.383629895805615,2.28174652325687,22.927070121938215,19.865091304701018,14.431700337791954,-23.49134422256203,-0.7297165196706107,-0.21201284161675873,0.6500495026606802,-39.882294461100805,14.341315950958727,-21.312089372360603,0.1824181058227816,-0.219295611019886,0.9584534780861527
680688.337187,443,1.0,-0.015132281758136301,0.38155403888621997,680688.33934-0 680688.335034-1,-31.387740555566083,2.298000205174624,22.908377039602932,19.865091304701018,14.431700337791954,-23.49134422256203,-0.7299060899045376,-0.2115928013006575,0.6499735274286245,-39.882294461100805,14.341315950958727,-21.312089372360603,0.1824181058227816,-0.219295611019886,0.9584534780861527
680688.3415945,443,1.0,-0.015012014263219431,0.3809938433646427,680688.33934-0 680688.3438489999-1,-31.426053604445542,2.32080609800438,22.94978714844313,19.865091304701018,14.431700337791954,-23.49134422256203,-0.7299060899045376,-0.2115928013006575,0.6499735274286245,-39.882294461100805,14.341315950958727,-21.312089372360603,0.18149334337904188,-0.2182017427842019,0.9588785980274218
680688.344647,444,1.0,-0.013159479842674404,0.38076280314693534,680688.345445-0 680688.3438489999-1,-31.38948142219743,2.3347936454016267,23.15820797552213,19.865091304701018,14.431700337791954,-23.49134422256203,-0.7282858510575964,-0.20974954683641298,0.652383971868739,-39.882294461100805,14.341315950958727,-21.312089372360603,0.18149334337904188,-0.2182017427842019,0.9588785980274218
680688.3489979999,444,1.0,-0.012998826982745636,0.3789980993107668,680688.345445-0 680688.352551-1,-31.39525884250324,2.3974176438412655,23.17688395300533,19.865091304701018,14.431700337791954,-23.49134422256203,-0.7282858510575964,-0.20974954683641298,0.652383971868739,-39.882294461100805,14.341315950958727,-21.312089372360603,0.18136618806305746,-0.21594269980638553,0.9594139128800482
680688.3541555,444,1.0,-0.010936410413679631,0.37947677077973563,680688.35576-0 680688.352551-1,-31.353230430982098,2.387471760139676,23.40973944057979,19.865091304701018,14.431700337791954,-23.49134422256203,-0.7264116213598553,-0.20856251647201612,0.6548494736015338,-39.882294461100805,14.341315950958727,-21.312089372360603,0.18136618806305746,-0.21594269980638553,0.9594139128800482
680688.358482,444,1.0,-0.010873694474916729,0.3794020466554181,680688.35576-0 680688.361204-1,-31.383635840428212,2.3927012927969074,23.440165535219414,19.865091304701018,14.431700337791954,-23.49134422256203,-0.7264116213598553,-0.20856251647201612,0.6548494736015338,-39.882294461100805,14.341315950958727,-21.312089372360603,0.18063589642009786,-0.21553531423761005,0.9596432676995147
680688.3616869999,444,1.0,-0.01140789441662493,0.37759790392102033,680688.36217-0 680688.361204-1,-31.397744288537712,2.4542116469050708,23.37641253351334,19.865091304701018,14.431700337791954,-23.49134422256203,-0.7270681327000851,-0.2069258427493446,0.6546400736393125,-39.882294461100805,14.341315950958727,-21.312089372360603,0.18063589642009786,-0.21553531423761005,0.9596432676995147
680688.3656019999,444,1.0,-0.011438895710005248,0.3782129490285333,680688.36217-0 680688.369034-1,-31.409411014446746,2.433481286240318,23.38331160608311,19.865091304701018,14.431700337791954,-23.49134422256203,-0.7270681327000851,-0.2069258427493446,0.6546400736393125,-39.882294461100805,14.341315950958727,-21.312089372360603,0.18035106789989244,-0.2161817956297605,0.9595514178748634
680688.3711315,444,1.0,-0.00971225858399256,0.3790042621192923,680688.373229-0 680688.369034-1,-31.37364986334292,2.411492084205819,23.57906804999611,19.865091304701018,14.431700337791954,-23.49134422256203,-0.7254607044246961,-0.20639044232827072,0.6565894848770913,-39.882294461100805,14.341315950958727,-21.312089372360603,0.18035106789989244,-0.2161817956297605,0.9595514178748634
680688.3760395,445,1.0,-0.00962615444396615,0.37908040744585536,680688.373229-0 680688.37885-1,-31.423994225296024,2.413111307872759,23.628135482165966,19.865091304701018,14.431700337791954,-23.49134422256203,-0.7254607044246961,-0.20639044232827072,0.6565894848770913,-39.882294461100805,14.341315950958727,-21.312089372360603,0.1791446219662064,-0.21575684079587504,0.95987300726209
680688.378924,445,1.0,-0.008280171459093034,0.37997759919760954,680688.378998-0 680688.37885-1,-31.39577152873669,2.3859960332517787,23.781262803207007,19.865091304701018,14.431700337791954,-23.49134422256203,-0.7241823197169502,-0.2063040079333905,0.6580263095955937,-39.882294461100805,14.341315950958727,-21.312089372360603,0.1791446219662064,-0.21575684079587504,0.95987300726209
680688.3830235,445,1.0,-0.008156290083909123,0.3790561552100318,680688.378998-0 680688.387049-1,-31.420761453689906,2.420911785322459,23.812829373270596,19.865091304701018,14.431700337791954,-23.49134422256203,-0.7241823197169502,-0.2063040079333905,0.6580263095955937,-39.882294461100805,14.341315950958727,-21.312089372360603,0.1785543611209104,-0.21435009370813055,0.9602980669833817
680688.3870214999,445,1.0,-0.008985317040724273,0.3793733876297105,680688.386994-0 680688.387049-1,-31.436442821143906,2.4069060290094564,23.72016412422996,19.865091304701018,14.431700337791954,-23.49134422256203,-0.7248816269297504,-0.20736369283537837,0.6569223133928032,-39.882294461100805,14.341315950958727,-21.312089372360603,0.1785543611209104,-0.21435009370813055,0.9602980669833817
680688.3908425,445,1.0,-0.007767584377351966,0.3818758056619892,680688.394636-0 680688.387049-1,-31.407784013229083,2.3225895943239756,23.86193286216819,19.865091304701018,14.431700337791954,-23.49134422256203,-0.7235559450987098,-0.209244214597542,0.6577869358460762,-39.882294461100805,14.341315950958727,-21.312089372360603,0.1785543611209104,-0.21435009370813055,0.9602980669833817
680688.3938555,445,1.0,-0.007923499531042034,0.3818561818711329,680688.394636-0 680688.393075-1,-31.32083297862672,2.3161148518157075,23.77601808535399,19.865091304701018,14.431700337791954,-23.49134422256203,-0.7235559450987098,-0.209244214597542,0.6577869358460762,-39.882294461100805,14.341315950958727,-21.312089372360603,0.1806282705068973,-0.21521584730103693,0.9597163992368702
680688.398661,445,1.0,-0.007920389928613413,0.3821114995063125,680688.394636-0 680688.402686-1,-31.3343422891809,2.3081668305619782,23.787502846459297,19.865091304701018,14.431700337791954,-23.49134422256203,-0.7235559450987098,-0.209244214597542,0.6577869358460762,-39.882294461100805,14.341315950958727,-21.312089372360603,0.1803040194914577,-0.21539507947658182,0.9597371620878817
680688.4023475,445,0.9987497329711914,-0.00886063507097079,0.3835912658162579,680688.402009-0 680688.402686-1,-31.350079223541794,2.2530557053308895,23.68477947603676,19.865091304701018,14.431700337791954,-23.49134422256203,-0.7242336470867743,-0.21173490023833386,0.6562423001060294,-39.882294461100805,14.341315950958727,-21.312089372360603,0.1803040194914577,-0.21539507947658182,0.9597371620878817
680688.4061875,445,1.0,-0.008563548636328999,0.38463537145627824,680688.409689-0 680688.402686-1,-31.342221102441055,2.2172386013550653,23.71988197825059,19.865091304701018,14.431700337791954,-23.49134422256203,-0.7238667704106367,-0.2126919354754706,0.6563375955093327,-39.882294461100805,14.341315950958727,-21.312089372360603,0.1803040194914577,-0.21539507947658182,0.9597371620878817
680688.4095655,446,1.0,-0.008697443780184066,0.38418598783092384,680688.409689-0 680688.409442-1,-31.24847928349665,2.225712182828109,23.630571450494493,19.865091304701018,14.431700337791954,-23.49134422256203,-0.7238667704106367,-0.2126919354754706,0.6563375955093327,-39.882294461100805,14.341315950958727,-21.312089372360603,0.18254886855776434,-0.21579292671020894,0.9592232917158143
680688.4144830001,446,1.0,-0.008873941318240597,0.38538577320590905,680688.409689-0 680688.419277-1,-31.20665387319331,2.180075815382099,23.580368947291262,19.865091304701018,14.431700337791954,-23.49134422256203,-0.7238667704106367,-0.2126919354754706,0.6563375955093327,-39.882294461100805,14.341315950958727,-21.312089372360603,0.18354247196395718,-0.2177071976600119,0.9586009269098296
680688.4191739999,446,1.0,-0.008757073017972239,0.38608356527381305,680688.419071-0 680688.419277-1,-31.202973562409653,2.1559864847441226,23.594507895681595,19.865091304701018,14.431700337791954,-23.49134422256203,-0.7236939488881375,-0.21339737101044762,0.6562991927379788,-39.882294461100805,14.341315950958727,-21.312089372360603,0.18354247196395718,-0.2177071976600119,0.9586009269098296
680688.4224670001,446,1.0,-0.008907079605305058,0.3878152713980081,680688.425657-0 680688.419277-1,-31.202628428872746,2.0948971475932776,23.580498574901995,19.865091304701018,14.431700337791954,-23.49134422256203,-0.7236510152124188,-0.21551187919158743,0.6556552738362942,-39.882294461100805,14.341315950958727,-21.312089372360603,0.18354247196395718,-0.2177071976600119,0.9586009269098296
680688.4258335,446,1.0,-0.009257506735447318,0.3901353444821837,680688.425657-0 680688.4260099999-1,-31.116257816746888,2.0069587230081174,23.477787477630145,19.865091304701018,14.431700337791954,-23.49134422256203,-0.7236510152124188,-0.21551187919158743,0.6556552738362942,-39.882294461100805,14.341315950958727,-21.312089372360603,0.18559759250292512,-0.2214489222015629,0.9573473290884996
680688.4298385,446,1.0,-0.009360011355541075,0.3913180279776378,680688.433667-0 680688.4260099999-1,-31.116037799106667,1.9654210514758086,23.468031729976914,19.865091304701018,14.431700337791954,-23.49134422256203,-0.7236228182088786,-0.21695196438495454,0.6552113110416736,-39.882294461100805,14.341315950958727,-21.312089372360603,0.18559759250292512,-0.2214489222015629,0.9573473290884996
680688.433767,446,1.0,-0.009759734038158907,0.39095774887360135,680688.433667-0 680688.433867-1,-30.887351573203375,1.9618127800167615,23.244539633808365,19.865091304701018,14.431700337791954,-23.49134422256203,-0.7236228182088786,-0.21695196438495454,0.6552113110416736,-39.882294461100805,14.341315950958727,-21.312089372360603,0.19110804453297867,-0.2233146112479088,0.9558285932728611
680688.4384345,446,1.0,-0.00900671987274464,0.3924468649818814,680688.443002-0 680688.433867-1,-30.86899640321992,1.9122674266849726,23.3289733747678,19.865091304701018,14.431700337791954,-23.49134422256203,-0.7228162215694445,-0.21802911836296665,0.6557438626338323,-39.882294461100805,14.341315950958727,-21.312089372360603,0.19110804453297867,-0.2233146112479088,0.9558285932728611
680688.4429154999,447,1.0,-0.009012210830410084,0.39148060449245337,680688.443002-0 680688.442829-1,-30.82401191441551,1.942750920771883,23.291656924901467,19.865091304701018,14.431700337791954,-23.49134422256203,-0.7228162215694445,-0.21802911836296665,0.6557438626338323,-39.882294461100805,14.341315950958727,-21.312089372360603,0.19220059878648257,-0.22258265275473246,0.9557802532584483
680688.446947,447,1.0,-0.009168077826237474,0.3922179268163243,680688.443002-0 680688.450892-1,-30.77377369402471,1.9136156214163549,23.2362775710871,19.865091304701018,14.431700337791954,-23.49134422256203,-0.7228162215694445,-0.21802911836296665,0.6557438626338323,-39.882294461100805,14.341315950958727,-21.312089372360603,0.19340907788112005,-0.22399497774307242,0.9552063539042519
680688.4510425,447,1.0,-0.008480887118788073,0.3941412342270586,680688.451193-0 680688.450892-1,-30.75579368442659,1.848984126256589,23.313416634954436,19.865091304701018,14.431700337791954,-23.49134422256203,-0.7220259580624595,-0.21965295164751428,0.6560724782495618,-39.882294461100805,14.341315950958727,-21.312089372360603,0.19340907788112005,-0.22399497774307242,0.9552063539042519
680688.4542145,447,1.0,-0.00871117263639407,0.39334279354814206,680688.451193-0 680688.457236-1,-30.60019736351331,1.866093483184815,23.164843537186158,19.865091304701018,14.431700337791954,-23.49134422256203,-0.7220259580624595,-0.21965295164751428,0.6560724782495618,-39.882294461100805,14.341315950958727,-21.312089372360603,0.1971783045489254,-0.22458662976281427,0.9542963700795428
680688.4572729999,447,1.0,-0.00814624497559544,0.3945688374192974,680688.45731-0 680688.457236-1,-30.585954334061608,1.825383772618257,23.227231485110607,19.865091304701018,14.431700337791954,-23.49134422256203,-0.7214129981827617,-0.22058205884158805,0.6564349483156457,-39.882294461100805,14.341315950958727,-21.312089372360603,0.1971783045489254,-0.22458662976281427,0.9542963700795428
680688.4622235,447,1.0,-0.008214154689324538,0.3949084939408626,680688.45731-0 680688.4671369999-1,-30.564900835202902,1.81225213808107,23.20370741043365,19.865091304701018,14.431700337791954,-23.49134422256203,-0.7214129981827617,-0.22058205884158805,0.6564349483156457,-39.882294461100805,14.341315950958727,-21.312089372360603,0.19768553470998826,-0.225212927632183,0.9540437969997849
680688.4674015,447,1.0,-0.005923310662623571,0.39537892839162603,680688.467666-0 680688.4671369999-1,-30.516245611930593,1.8017062927477872,23.451058797593078,19.865091304701018,14.431700337791954,-23.49134422256203,-0.719378547852116,-0.2192596427534072,0.6591052373861312,-39.882294461100805,14.341315950958727,-21.312089372360603,0.19768553470998826,-0.225212927632183,0.9540437969997849
680688.471134,447,1.0,-0.006006975071638099,0.39615180038627085,680688.467666-0 680688.474602-1,-30.5055451269239,1.7742541237421747,23.434427467395345,19.865091304701018,14.431700337791954,-23.49134422256203,-0.719378547852116,-0.2192596427534072,0.6591052373861312,-39.882294461100805,14.341315950958727,-21.312089372360603,0.1979380969445242,-0.22626218546085258,0.9537431169913935
680688.4745765,448,1.0,-0.004934168159417674,0.39460843817603675,680688.4745509999-0 680688.474602-1,-30.48629776762356,1.8300584507441942,23.54822132179261,19.865091304701018,14.431700337791954,-23.49134422256203,-0.7185984400095948,-0.2166477839144665,0.6608176902449924,-39.882294461100805,14.341315950958727,-21.312089372360603,0.1979380969445242,-0.22626218546085258,0.9537431169913935
680688.4797785,448,1.0,-0.004411380934384912,0.3947009432870767,680688.484955-0 680688.474602-1,-30.475240503174376,1.8281758576255358,23.6044426822019,19.865091304701018,14.431700337791954,-23.49134422256203,-0.7181365818130201,-0.21633300158749666,0.6614226200290214,-39.882294461100805,14.341315950958727,-21.312089372360603,0.1979380969445242,-0.22626218546085258,0.9537431169913935
680688.4847619999,448,1.0,-0.004450710833161953,0.3944323236616776,680688.484955-0 680688.484569-1,-30.44242141591831,1.8352839940080123,23.573491614523128,19.865091304701018,14.431700337791954,-23.49134422256203,-0.7181365818130201,-0.21633300158749666,0.6614226200290214,-39.882294461100805,14.341315950958727,-21.312089372360603,0.19873015869674637,-0.22626475719531272,0.9535777806113731
680688.487947,448,1.0,-0.004706045826014815,0.3966216212293664,680688.484955-0 680688.490939-1,-30.4039939363687,1.7569625700842044,23.517742949842628,19.865091304701018,14.431700337791954,-23.49134422256203,-0.7181365818130201,-0.21633300158749666,0.6614226200290214,-39.882294461100805,14.341315950958727,-21.312089372360603,0.19964117002662177,-0.22931679064311852,0.9526579726006295
680688.490939,448,1.0,-0.00349641407794552,0.3968697102454477,680688.490939-0 680688.490939-1,-30.37822862221859,1.7513216588652405,23.64724188375056,19.865091304701018,14.431700337791954,-23.49134422256203,-0.717066111258122,-0.21564650231112617,0.6628067426679753,-39.882294461100805,14.341315950958727,-21.312089372360603,0.19964117002662177,-0.22931679064311852,0.9526579726006295
680688.496365,448,1.0,-0.00348207067547337,0.39698224695788065,680688.490939-0 680688.501791-1,-30.390841896476328,1.7482350671179256,23.659097756651526,19.865091304701018,14.431700337791954,-23.49134422256203,-0.717066111258122,-0.21564650231112617,0.6628067426679753,-39.882294461100805,14.341315950958727,-21.312089372360603,0.19933697448250814,-0.2293275408477738,0.952719082213048
680688.5005815,448,1.0,-0.0028790208347971636,0.3951095869043103,680688.499372-0 680688.501791-1,-30.38196173720235,1.8142745368426931,23.721806062026737,19.865091304701018,14.431700337791954,-23.49134422256203,-0.7167213007307286,-0.21304474787491076,0.6640199639180795,-39.882294461100805,14.341315950958727,-21.312089372360603,0.19933697448250814,-0.2293275408477738,0.952719082213048
680688.5049835,449,1.0,-0.0010776615638237175,0.39542739081024125,680688.508176-0 680688.501791-1,-30.343788553919183,1.8077765832066168,23.91427573840062,19.865091304701018,14.431700337791954,-23.49134422256203,-0.7151339960164655,-0.21197436070332304,0.6660707456013502,-39.882294461100805,14.341315950958727,-21.312089372360603,0.19933697448250814,-0.2293275408477738,0.952719082213048
680688.5084055,449,1.0,-0.0009708164685309662,0.3960129483596001,680688.508176-0 680688.508635-1,-30.42810082748649,1.7929595865573864,23.995342471554608,19.865091304701018,14.431700337791954,-23.49134422256203,-0.7151339960164655,-0.21197436070332304,0.6660707456013502,-39.882294461100805,14.341315950958727,-21.312089372360603,0.19731515050534637,-0.22919698317414552,0.9531712722721574
680688.5126365,449,1.0,-0.0009677063965605193,0.3936644690895721,680688.516638-0 680688.508635-1,-30.432602251099656,1.8744230094401102,23.993390260577094,19.865091304701018,14.431700337791954,-23.49134422256203,-0.7153499336263083,-0.20930424609783654,0.6666829869032598,-39.882294461100805,14.341315950958727,-21.312089372360603,0.19731515050534637,-0.22919698317414552,0.9531712722721574
680688.5174865001,449,1.0,-0.0008073197092362428,0.3930004111098222,680688.516638-0 680688.518335-1,-30.488589373015788,1.9014985040975043,24.055637634802615,19.865091304701018,14.431700337791954,-23.49134422256203,-0.7153499336263083,-0.20930424609783654,0.6666829869032598,-39.882294461100805,14.341315950958727,-21.312089372360603,0.19598103540241565,-0.22782267077807578,0.9537757935920483
680688.521981,449,1.0,-0.0006231052514833024,0.3912635245978573,680688.525627-0 680688.518335-1,-30.488160801396404,1.9623893635751024,24.073482489550365,19.865091304701018,14.431700337791954,-23.49134422256203,-0.715352228052136,-0.20718031828800065,0.6673436187863994,-39.882294461100805,14.341315950958727,-21.312089372360603,0.19598103540241565,-0.22782267077807578,0.9537757935920483
680688.5256475001,449,1.0,-0.0006953889489190069,0.39055308896373475,680688.525627-0 680688.525668-1,-30.415820349329238,1.9820010083150974,24.005535820298462,19.865091304701018,14.431700337791954,-23.49134422256203,-0.715352228052136,-0.20718031828800065,0.6673436187863994,-39.882294461100805,14.341315950958727,-21.312089372360603,0.1977150857082055,-0.22768580093403595,0.9534505340794682
680688.5294285,449,1.0,-0.0005149253604715299,0.387788902498311,680688.533189-0 680688.525668-1,-30.417500731213888,2.0784444418716914,24.021444787709804,19.865091304701018,14.431700337791954,-23.49134422256203,-0.7154529667788526,-0.2038898039047457,0.6682484569312688,-39.882294461100805,14.341315950958727,-21.312089372360603,0.1977150857082055,-0.22768580093403595,0.9534505340794682
680688.5353105001,449,1.0,-0.00046343542904647705,0.3873953444365642,680688.533189-0 680688.537432-1,-30.426576358424043,2.092901306416385,24.033842274299957,19.865091304701018,14.431700337791954,-23.49134422256203,-0.7154529667788526,-0.2038898039047457,0.6682484569312688,-39.882294461100805,14.341315950958727,-21.312089372360603,0.19750018239978503,-0.22711135194863488,0.9536320630977729
680688.5384815,450,1.0,0.0024467470584988325,0.3885122399164037,680688.539531-0 680688.537432-1,-30.364092782914717,2.062396336700611,24.346159459070137,19.865091304701018,14.431700337791954,-23.49134422256203,-0.7128295878284461,-0.2028661310227094,0.6713563223804512,-39.882294461100805,14.341315950958727,-21.312089372360603,0.19750018239978503,-0.22711135194863488,0.9536320630977729
680688.541981,450,1.0,0.0024737823385480697,0.3902207862837369,680688.539531-0 680688.544431-1,-30.461559452315527,2.0095982333531683,24.43235899175773,19.865091304701018,14.431700337791954,-23.49134422256203,-0.7128295878284461,-0.2028661310227094,0.6713563223804512,-39.882294461100805,14.341315950958727,-21.312089372360603,0.19517264494763636,-0.22821517106146602,0.9538477207403336
680688.5460610001,450,1.0,0.0047058764442812874,0.39242955604608676,680688.547691-0 680688.544431-1,-30.411541074632655,1.9384240260114858,24.67380938856722,19.865091304701018,14.431700337791954,-23.49134422256203,-0.7106999921473558,-0.20363638176898397,0.673377862111448,-39.882294461100805,14.341315950958727,-21.312089372360603,0.19517264494763636,-0.22821517106146602,0.9538477207403336
680688.551063,450,1.0,0.004630709501003416,0.3928460126324531,680688.547691-0 680688.5544349999-1,-30.389739414680626,1.9221904430492653,24.647912923261536,19.865091304701018,14.431700337791954,-23.49134422256203,-0.7106999921473558,-0.20363638176898397,0.673377862111448,-39.882294461100805,14.341315950958727,-21.312089372360603,0.19568593721130204,-0.2289430214050538,0.9535680924441944
680688.5544135,450,1.0,0.005933168717370307,0.3949503752618807,680688.554392-0 680688.5544349999-1,-30.35902711051074,1.851866109874016,24.789049734492437,19.865091304701018,14.431700337791954,-23.49134422256203,-0.7093879393866296,-0.20502041657864528,0.6743407004168664,-39.882294461100805,14.341315950958727,-21.312089372360603,0.19568593721130204,-0.2289430214050538,0.9535680924441944
680688.5574195,450,1.0,0.007866298624283808,0.3974013330513876,680688.560404-0 680688.5544349999-1,-30.31480211831603,1.7707192933994742,24.997307868377256,19.865091304701018,14.431700337791954,-23.49134422256203,-0.7075058805936284,-0.20631485891498863,0.6759213030496395,-39.882294461100805,14.341315950958727,-21.312089372360603,0.19568593721130204,-0.2289430214050538,0.9535680924441944
680688.5619890001,450,1.0,0.007773247348655232,0.3977481770356366,680688.560404-0 680688.563574-1,-30.278485399153837,1.7561089771383598,24.95669508555683,19.865091304701018,14.431700337791954,-23.49134422256203,-0.7075058805936284,-0.20631485891498863,0.6759213030496395,-39.882294461100805,14.341315950958727,-21.312089372360603,0.19653810101152194,-0.22972481699038122,0.953204743646149
680688.5672065,450,1.0,0.009365065137140948,0.4006941851946766,680688.5708389999-0 680688.563574-1,-30.24031648338915,1.6564043331246916,25.127982931772678,19.865091304701018,14.431700337791954,-23.49134422256203,-0.7058789297810553,-0.2084403009514208,0.6769694065690359,-39.882294461100805,14.341315950958727,-21.312089372360603,0.19653810101152194,-0.22972481699038122,0.953204743646149
680688.570414,451,1.0,0.009181570908966829,0.4022041661151402,680688.5708389999-0 680688.569989-1,-30.207962039028168,1.6010934993837864,25.08172469845588,19.865091304701018,14.431700337791954,-23.49134422256203,-0.7058789297810553,-0.2084403009514208,0.6769694065690359,-39.882294461100805,14.341315950958727,-21.312089372360603,0.1972885243487787,-0.231876922187347,0.9525283886148508
680688.5737195,451,1.0,0.009229044462382508,0.4006707107554237,680688.5708389999-0 680688.5766-1,-30.160631014731667,1.6523882070357478,25.04499263620461,19.865091304701018,14.431700337791954,-23.49134422256203,-0.7058789297810553,-0.2084403009514208,0.6769694065690359,-39.882294461100805,14.341315950958727,-21.312089372360603,0.19840923914128802,-0.2304782185905682,0.9526350636936967
680688.5768629999,451,1.0,0.010362188678086248,0.4036097295758707,680688.577126-0 680688.5766-1,-30.131777044730732,1.5517940811576807,25.1664491817099,19.865091304701018,14.431700337791954,-23.49134422256203,-0.7046501553708843,-0.2109075275221663,0.6774851831370743,-39.882294461100805,14.341315950958727,-21.312089372360603,0.19840923914128802,-0.2304782185905682,0.9526350636936967
680688.5812804999,451,1.0,0.010220526424707721,0.4034934266891872,680688.577126-0 680688.585435-1,-30.044037642114127,1.5508742854183293,25.07556687148103,19.865091304701018,14.431700337791954,-23.49134422256203,-0.7046501553708843,-0.2109075275221663,0.6774851831370743,-39.882294461100805,14.341315950958727,-21.312089372360603,0.20046958458520373,-0.23119279948159707,0.9520303751058038
680688.58497,451,1.0,0.010763061379428151,0.4059240022665873,680688.584505-0 680688.585435-1,-30.02823248963398,1.4669111542233777,25.133641054057293,19.865091304701018,14.431700337791954,-23.49134422256203,-0.7039731328400328,-0.21324370620872593,0.677457710858586,-39.882294461100805,14.341315950958727,-21.312089372360603,0.20046958458520373,-0.23119279948159707,0.9520303751058038
680688.5890735,451,1.0,0.013832327275254918,0.41008679944060167,680688.592712-0 680688.585435-1,-29.95695143759094,1.3269500529325846,25.457371096563023,19.865091304701018,14.431700337791954,-23.49134422256203,-0.7009952228155197,-0.2156291646888661,0.6797865554167726,-39.882294461100805,14.341315950958727,-21.312089372360603,0.20046958458520373,-0.23119279948159707,0.9520303751058038
680688.592861,451,1.0,0.013778110019246536,0.4091044540285015,680688.592712-0 680688.59301-1,-29.877163808757775,1.3576275975372107,25.381240624314913,19.865091304701018,14.431700337791954,-23.49134422256203,-0.7009952228155197,-0.2156291646888661,0.6797865554167726,-39.882294461100805,14.341315950958727,-21.312089372360603,0.2023393061221128,-0.23077391288388047,0.9517364164149048
680688.596909,451,1.0,0.015585173466486779,0.4125560160497206,680688.600808-0 680688.59301-1,-29.833166971992064,1.2398391075169748,25.570556169991917,19.865091304701018,14.431700337791954,-23.49134422256203,-0.6991608674068034,-0.21816775031464222,0.6808648281484467,-39.882294461100805,14.341315950958727,-21.312089372360603,0.2023393061221128,-0.23077391288388047,0.9517364164149048
680688.601978,452,1.0,0.015644271924816166,0.4109219365350435,680688.600808-0 680688.603148-1,-29.78991110866428,1.295417126555484,25.53805824759121,19.865091304701018,14.431700337791954,-23.49134422256203,-0.6991608674068034,-0.21816775031464222,0.6808648281484467,-39.882294461100805,14.341315950958727,-21.312089372360603,0.203357938463059,-0.22922175984511714,0.951894392082211
680688.6061175,452,1.0,0.015795147113637675,0.4113007991030364,680688.609087-0 680688.603148-1,-29.786056948291886,1.282398548343492,25.553818734317645,19.865091304701018,14.431700337791954,-23.49134422256203,-0.6989998809339768,-0.21848187721313808,0.6809293911880356,-39.882294461100805,14.341315950958727,-21.312089372360603,0.203357938463059,-0.22922175984511714,0.951894392082211
680688.6093095001,452,1.0,0.015815839505695185,0.41097861005483216,680688.609087-0 680688.609532-1,-29.783015803616088,1.293607597130487,25.553208541552713,19.865091304701018,14.431700337791954,-23.49134422256203,-0.6989998809339768,-0.21848187721313808,0.6809293911880356,-39.882294461100805,14.341315950958727,-21.312089372360603,0.20343088266318174,-0.22886359382406862,0.9519649843354587
680688.6130145,452,1.0,0.01660518782014213,0.4095559601174773,680688.616497-0 680688.609532-1,-29.76923068598134,1.3450754804695073,25.635465922888237,19.865091304701018,14.431700337791954,-23.49134422256203,-0.6984558679573278,-0.2162947881415298,0.6821847001646887,-39.882294461100805,14.341315950958727,-21.312089372360603,0.20343088266318174,-0.22886359382406862,0.9519649843354587
680688.616683,452,1.0,0.016642528435578185,0.40820185915919305,680688.616497-0 680688.616869-1,-29.72553173324204,1.3906199804828265,25.600032815399864,19.865091304701018,14.431700337791954,-23.49134422256203,-0.6984558679573278,-0.2162947881415298,0.6821847001646887,-39.882294461100805,14.341315950958727,-21.312089372360603,0.20445795929478397,-0.2276550647979234,0.952034723291575
680688.6205945,452,1.0,0.016461270705937458,0.4052653448695971,680688.62432-0 680688.616869-1,-29.73488407385499,1.4933290301410649,25.58053614643657,19.865091304701018,14.431700337791954,-23.49134422256203,-0.6988667584656284,-0.21312182631248042,0.6827622873745863,-39.882294461100805,14.341315950958727,-21.312089372360603,0.20445795929478397,-0.2276550647979234,0.952034723291575
680688.6243205,452,1.0,0.016367748206072452,0.4044673777904628,680688.62432-0 680688.624321-1,-29.638908946630963,1.5160539273474578,25.485051547756242,19.865091304701018,14.431700337791954,-23.49134422256203,-0.6988667584656284,-0.21312182631248042,0.6827622873745863,-39.882294461100805,14.341315950958727,-21.312089372360603,0.20670637559792054,-0.22762771967498685,0.951555618722698
680688.629221,452,1.0,0.015572777397627746,0.4022626004609253,680688.634121-0 680688.624321-1,-29.659891148402714,1.5914120662613325,25.40190756593659,19.865091304701018,14.431700337791954,-23.49134422256203,-0.6997339761055046,-0.21122934270697627,0.6824621069796911,-39.882294461100805,14.341315950958727,-21.312089372360603,0.20670637559792054,-0.22762771967498685,0.951555618722698
680688.6332525,452,1.0,0.015521731347904844,0.40298424382945786,680688.634121-0 680688.632384-1,-29.665307013793207,1.5663730505777833,25.401795895111576,19.865091304701018,14.431700337791954,-23.49134422256203,-0.6997339761055046,-0.21122934270697627,0.6824621069796911,-39.882294461100805,14.341315950958727,-21.312089372360603,0.20657512842610418,-0.2284432180817247,0.9513886757935496
680688.6372054999,453,1.0,0.015659090361546557,0.4000799374006584,680688.634121-0 680688.64029-1,-29.60290102454512,1.6645959512306057,25.359023685262166,19.865091304701018,14.431700337791954,-23.49134422256203,-0.6997339761055046,-0.21122934270697627,0.6824621069796911,-39.882294461100805,14.341315950958727,-21.312089372360603,0.2080566593358235,-0.22556139908220452,0.9517533723345011
680688.640284,453,1.0,0.01524809605068791,0.39601271344317,680688.640278-0 680688.64029-1,-29.61954719907821,1.8055615634165987,25.31425394831225,19.865091304701018,14.431700337791954,-23.49134422256203,-0.7004421914225459,-0.20695192499250314,0.6830458529389358,-39.882294461100805,14.341315950958727,-21.312089372360603,0.2080566593358235,-0.22556139908220452,0.9517533723345011
680688.6444079999,453,1.0,0.016955179919267493,0.39558443955300515,680688.648526-0 680688.64029-1,-29.58423449941457,1.8248982030652954,25.490454241846628,19.865091304701018,14.431700337791954,-23.49134422256203,-0.699029894817515,-0.2052020654924739,0.6850177504773407,-39.882294461100805,14.341315950958727,-21.312089372360603,0.2080566593358235,-0.22556139908220452,0.9517533723345011
680688.6485220001,453,1.0,0.01707420198260854,0.3934091608696767,680688.648526-0 680688.648518-1,-29.543850223044675,1.8986343474968663,25.464925291906603,19.865091304701018,14.431700337791954,-23.49134422256203,-0.699029894817515,-0.2052020654924739,0.6850177504773407,-39.882294461100805,14.341315950958727,-21.312089372360603,0.20901669161751718,-0.2233419142535333,0.9520663905226541
680688.6524060001,453,1.0,0.017287056330861538,0.3914715642065959,680688.648526-0 680688.656286-1,-29.572205076765155,1.9688993272237028,25.510441894629608,19.865091304701018,14.431700337791954,-23.49134422256203,-0.699029894817515,-0.2052020654924739,0.6850177504773407,-39.882294461100805,14.341315950958727,-21.312089372360603,0.2083622144600841,-0.22071953790569454,0.9528211128915997
680688.6562895,453,1.0,0.017320428050731352,0.38962176218185407,680688.656293-0 680688.656286-1,-29.575161716373238,2.0337662283860425,25.51230337493876,19.865091304701018,14.431700337791954,-23.49134422256203,-0.6991661645635467,-0.20308696768583928,0.6855088313695672,-39.882294461100805,14.341315950958727,-21.312089372360603,0.2083622144600841,-0.22071953790569454,0.9528211128915997
680688.6618365,453,1.0,0.01791441234835576,0.39601627387641003,680688.656293-0 680688.66738-1,-30.27848313761391,1.8561016551722975,26.20912389946131,19.865091304701018,14.431700337791954,-23.49134422256203,-0.6991661645635467,-0.20308696768583928,0.6855088313695672,-39.882294461100805,14.341315950958727,-21.312089372360603,0.1919751254371133,-0.2214856934922656,0.9560803516397848
680688.6666975,453,1.0,0.009610165170556063,0.3925569295841501,680688.666015-0 680688.66738-1,-30.452775261343294,1.9565427001172289,25.3155990272163,19.865091304701018,14.431700337791954,-23.49134422256203,-0.7065963234695538,-0.20545528295454543,0.6771334893249459,-39.882294461100805,14.341315950958727,-21.312089372360603,0.1919751254371133,-0.2214856934922656,0.9560803516397848
680688.6708845,454,1.0,-0.0025804595380870764,0.3918766395661155,680688.6743889999-0 680688.66738-1,-30.701469519833264,1.9468635558506184,23.99999607108556,19.865091304701018,14.431700337791954,-23.49134422256203,-0.7171766296386465,-0.21425803683124964,0.6631373730633572,-39.882294461100805,14.341315950958727,-21.312089372360603,0.1919751254371133,-0.2214856934922656,0.9560803516397848
680688.6740875,454,1.0,-0.0023222854682731333,0.41100970027964734,680688.6743889999-0 680688.673786-1,-31.720581424413325,1.3250095058256326,24.87360235019647,19.865091304701018,14.431700337791954,-23.49134422256203,-0.7171766296386465,-0.21425803683124964,0.6631373730633572,-39.882294461100805,14.341315950958727,-21.312089372360603,0.1678676806516072,-0.23515782749360808,0.9573511570793322
680688.677354,454,1.0,-0.001561491837583784,0.4279454755272514,680688.6743889999-0 680688.680319-1,-32.95645518569371,0.7455228350000036,25.968546368839824,19.865091304701018,14.431700337791954,-23.49134422256203,-0.7171766296386465,-0.21425803683124964,0.6631373730633572,-39.882294461100805,14.341315950958727,-21.312089372360603,0.13959741480139076,-0.24503572363430626,0.9594113069605654
680688.6803214999,454,1.0,-0.016363382539378878,0.421913407551161,680688.680324-0 680688.680319-1,-33.209065293821524,0.948785347238422,24.17093045696022,19.865091304701018,14.431700337791954,-23.49134422256203,-0.7309218139510939,-0.22009001184563073,0.6459982109698386,-39.882294461100805,14.341315950958727,-21.312089372360603,0.13959741480139076,-0.24503572363430626,0.9594113069605654
680688.6844174999,454,1.0,-0.015432490941533584,0.4313697465381984,680688.680324-0 680688.688511-1,-34.15407901587951,0.6211889004963504,24.99828494720149,19.865091304701018,14.431700337791954,-23.49134422256203,-0.7309218139510939,-0.22009001184563073,0.6459982109698386,-39.882294461100805,14.341315950958727,-21.312089372360603,0.11800825818564106,-0.24861178176070858,0.9613876600881441
680688.6885085,454,1.0,-0.028895440555424833,0.4266872164811859,680688.688506-0 680688.688511-1,-34.35833214101358,0.7802496794610851,23.2655765762782,19.865091304701018,14.431700337791954,-23.49134422256203,-0.7436495940764642,-0.22727951901156165,0.6287521781018195,-39.882294461100805,14.341315950958727,-21.312089372360603,0.11800825818564106,-0.24861178176070858,0.9613876600881441
680688.6933599999,454,1.0,-0.03623196350834688,0.4210147953765512,680688.6982089999-0 680688.688511-1,-34.474134437176744,0.9783900139488875,22.309236486150304,19.865091304701018,14.431700337791954,-23.49134422256203,-0.7509617929436287,-0.22779848922563395,0.6198098368414366,-39.882294461100805,14.341315950958727,-21.312089372360603,0.11800825818564106,-0.24861178176070858,0.9613876600881441
680688.6975495,454,1.0,-0.036267625599601415,0.4228867015526365,680688.6982089999-0 680688.69689-1,-34.528003667768544,0.9113161155623937,22.341827739018548,19.865091304701018,14.431700337791954,-23.49134422256203,-0.7509617929436287,-0.22779848922563395,0.6198098368414366,-39.882294461100805,14.341315950958727,-21.312089372360603,0.11672364994786598,-0.2505422145219491,0.9610432811717096
680688.7015859999,454,1.0,-0.036437252904672056,0.41831033774850757,680688.6982089999-0 680688.704963-1,-34.26001756145249,1.0701176902428013,22.13790931771664,19.865091304701018,14.431700337791954,-23.49134422256203,-0.7509617929436287,-0.22779848922563395,0.6198098368414366,-39.882294461100805,14.341315950958727,-21.312089372360603,0.12310184636965828,-0.24710315885672973,0.9611378487518879
680688.7046055,455,1.0,-0.038378913483167396,0.41773290530136775,680688.7042479999-0 680688.704963-1,-34.2906283569031,1.0877853371754416,21.887170638997965,19.865091304701018,14.431700337791954,-23.49134422256203,-0.752807042206156,-0.2290664625414399,0.6170981388268557,-39.882294461100805,14.341315950958727,-21.312089372360603,0.12310184636965828,-0.24710315885672973,0.9611378487518879
680688.7085575,455,1.0,-0.037875530931286774,0.4186815106833677,680688.7121519999-0 680688.704963-1,-34.28170686260728,1.0542322153693204,21.952859286866534,19.865091304701018,14.431700337791954,-23.49134422256203,-0.7522478500414274,-0.22968889487002536,0.6175485273899016,-39.882294461100805,14.341315950958727,-21.312089372360603,0.12310184636965828,-0.24710315885672973,0.9611378487518879
680688.7121829999,455,1.0,-0.0379932919470388,0.4125405268043867,680688.7121519999-0 680688.7122139999-1,-33.98498238712547,1.2654243187212737,21.73563196279254,19.865091304701018,14.431700337791954,-23.49134422256203,-0.7522478500414274,-0.22968889487002536,0.6175485273899016,-39.882294461100805,14.341315950958727,-21.312089372360603,0.13025646618815767,-0.24197267513800697,0.9615001183061443
680688.716286,455,1.0,-0.03849382418910485,0.41545660544421725,680688.720358-0 680688.7122139999-1,-33.98908697520847,1.1596605880290856,21.674952106135933,19.865091304701018,14.431700337791954,-23.49134422256203,-0.7524016243223371,-0.2336486957225714,0.6158734307503853,-39.882294461100805,14.341315950958727,-21.312089372360603,0.13025646618815767,-0.24197267513800697,0.9615001183061443
680688.7203215,455,1.0,-0.03860234360830619,0.4138881228795852,680688.720358-0 680688.7202849999-1,-33.87429996102009,1.2115795112042447,21.584000578019058,19.865091304701018,14.431700337791954,-23.49134422256203,-0.7524016243223371,-0.2336486957225714,0.6158734307503853,-39.882294461100805,14.341315950958727,-21.312089372360603,0.13303641721121853,-0.2410438439331458,0.9613527848805222
680688.7246010001,455,1.0,-0.038919383153063515,0.41134516877685967,680688.720358-0 680688.728844-1,-33.617212536420595,1.2918097496904233,21.37216711860391,19.865091304701018,14.431700337791954,-23.49134422256203,-0.7524016243223371,-0.2336486957225714,0.6158734307503853,-39.882294461100805,14.341315950958727,-21.312089372360603,0.13928869602826485,-0.24023822754265034,0.9606686490075083
680688.7285730001,455,1.0,-0.03771297875068376,0.41294846658647755,680688.728302-0 680688.728844-1,-33.59451004523218,1.237095484188778,21.524794929951,19.865091304701018,14.431700337791954,-23.49134422256203,-0.7511313310687038,-0.2343428240054686,0.6171589457539269,-39.882294461100805,14.341315950958727,-21.312089372360603,0.13928869602826485,-0.24023822754265034,0.9606686490075083
680688.7325575,455,1.0,-0.03647529966559056,0.4166785617791522,680688.736271-0 680688.728844-1,-33.56820929274622,1.1064843003043965,21.682985982984682,19.865091304701018,14.431700337791954,-23.49134422256203,-0.7496093898822072,-0.23751099341808932,0.6177979367123014,-39.882294461100805,14.341315950958727,-21.312089372360603,0.13928869602826485,-0.24023822754265034,0.9606686490075083
680688.7362595,455,1.0,-0.036727185638017176,0.41252294353076047,680688.736271-0 680688.736248-1,-33.28641235355343,1.2431769165210875,21.45944474954573,19.865091304701018,14.431700337791954,-23.49134422256203,-0.7496093898822072,-0.23751099341808932,0.6177979367123014,-39.882294461100805,14.341315950958727,-21.312089372360603,0.14615866320538645,-0.2376251886879838,0.9602978261305263
680688.74028,456,1.0,-0.03678079375288616,0.40975582698996627,680688.736271-0 680688.7442889999-1,-33.157588016713305,1.3354205051623973,21.363649560213197,19.865091304701018,14.431700337791954,-23.49134422256203,-0.7496093898822072,-0.23751099341808932,0.6177979367123014,-39.882294461100805,14.341315950958727,-21.312089372360603,0.14932534775482406,-0.23534711761141786,0.96037163366579
680688.744276,456,1.0,-0.038871514731230315,0.4102923932856549,680688.744263-0 680688.7442889999-1,-33.19380931402539,1.312532274241823,21.107281432088286,19.865091304701018,14.431700337791954,-23.49134422256203,-0.7514459385218089,-0.2401772642761144,0.6145273657079227,-39.882294461100805,14.341315950958727,-21.312089372360603,0.14932534775482406,-0.23534711761141786,0.96037163366579
680688.7482695,456,1.0,-0.03948400458047559,0.4134100330963312,680688.75225-0 680688.7442889999-1,-33.19965193170927,1.202081719937926,21.034977109508183,19.865091304701018,14.431700337791954,-23.49134422256203,-0.751656317608509,-0.24441410288438511,0.6125965446445457,-39.882294461100805,14.341315950958727,-21.312089372360603,0.14932534775482406,-0.23534711761141786,0.96037163366579
680688.752677,456,1.0,-0.03907748119523609,0.4083386469423661,680688.75225-0 680688.753104-1,-33.22614853487052,1.3817371835584211,21.096077418156725,19.865091304701018,14.431700337791954,-23.49134422256203,-0.751656317608509,-0.24441410288438511,0.6125965446445457,-39.882294461100805,14.341315950958727,-21.312089372360603,0.1487216653558093,-0.2286514667391357,0.9620812715211936
680688.757107,456,1.0,-0.03929033715996599,0.4074624486790345,680688.76111-0 680688.753104-1,-33.231336299253556,1.412065870384522,21.068884203162717,19.865091304701018,14.431700337791954,-23.49134422256203,-0.7519475170578823,-0.24359955186038595,0.6125636211234751,-39.882294461100805,14.341315950958727,-21.312089372360603,0.1487216653558093,-0.2286514667391357,0.9620812715211936
680688.7607575,456,1.0,-0.039317920242044835,0.4061725210198789,680688.76111-0 680688.760405-1,-33.17160044092081,1.4545583704016467,21.024422367888178,19.865091304701018,14.431700337791954,-23.49134422256203,-0.7519475170578823,-0.24359955186038595,0.6125636211234751,-39.882294461100805,14.341315950958727,-21.312089372360603,0.15020242736052095,-0.2275937955477084,0.9621020190412215
680688.7648064999,456,1.0,-0.039331053426834385,0.4040300397962806,680688.76111-0 680688.768503-1,-33.08885754900716,1.525624424230081,20.965224111050887,19.865091304701018,14.431700337791954,-23.49134422256203,-0.7519475170578823,-0.24359955186038595,0.6125636211234751,-39.882294461100805,14.341315950958727,-21.312089372360603,0.15226111592456357,-0.22568254956595055,0.9622286315625922
680688.7685025,456,1.0,-0.03852357481172399,0.4035070698021246,680688.768502-0 680688.768503-1,-33.07523798222462,1.5456931156609874,21.063244440403494,19.865091304701018,14.431700337791954,-23.49134422256203,-0.7512792989788312,-0.242204901945695,0.6139350131726906,-39.882294461100805,14.341315950958727,-21.312089372360603,0.15226111592456357,-0.22568254956595055,0.9622286315625922
680688.7744145,457,1.0,-0.036106606442198874,0.4065076213219738,680688.780326-0 680688.768503-1,-33.02674779167935,1.4457185245275639,21.362554795630935,19.865091304701018,14.431700337791954,-23.49134422256203,-0.7487580065659464,-0.24336278555092014,0.6165517027892197,-39.882294461100805,14.341315950958727,-21.312089372360603,0.15226111592456357,-0.22568254956595055,0.9622286315625922
680688.7783015,457,1.0,-0.03608380440252752,0.4057753223704932,680688.780326-0 680688.776277-1,-33.01215958613247,1.47078605154719,21.354505257366128,19.865091304701018,14.431700337791954,-23.49134422256203,-0.7487580065659464,-0.24336278555092014,0.6165517027892197,-39.882294461100805,14.341315950958727,-21.312089372360603,0.15262502575482972,-0.22489722122429853,0.9623548417288325
680688.7823274999,457,1.0,-0.03460867151000517,0.3996108930707132,680688.780326-0 680688.7843289999-1,-33.198018605088194,1.7010664764096273,21.65808873730876,19.865091304701018,14.431700337791954,-23.49134422256203,-0.7487580065659464,-0.24336278555092014,0.6165517027892197,-39.98890389996566,14.669341790919212,-20.50229997008247,0.15304789073119582,-0.22590572612663126,0.9620514258842567
680688.786492,457,1.0,-0.03663936778630905,0.39633361275644796,680688.788655-0 680688.7843289999-1,-33.244181365567044,1.812052524407906,21.40541789283283,19.718345234452176,14.50024837511732,-24.005523549707622,-0.7465700515166614,-0.2418950940496552,0.6197740892076059,-39.98890389996566,14.669341790919212,-20.50229997008247,0.15304789073119582,-0.22590572612663126,0.9620514258842567
680688.790487,457,1.0,-0.03670613373966267,0.39699478723199044,680688.788655-0 680688.792319-1,-33.23569766261129,1.78807326342797,21.392831578251474,19.718345234452176,14.50024837511732,-24.005523549707622,-0.7465700515166614,-0.2418950940496552,0.6197740892076059,-39.98890389996566,14.669341790919212,-20.50229997008247,0.1532498132205467,-0.2268434760577257,0.9617985922831847
680688.7944135,457,1.0,-0.03477129940642687,0.3996613203819829,680688.796508-0 680688.792319-1,-33.19616415130644,1.6986452665892973,21.63510234321634,19.718345234452176,14.50024837511732,-24.005523549707622,-0.7445171035548176,-0.24308913804163607,0.6217732331650495,-39.98890389996566,14.669341790919212,-20.50229997008247,0.1532498132205467,-0.2268434760577257,0.9617985922831847
680688.799124,457,1.0,-0.03469655019395681,0.3983268313919147,680688.796508-0 680688.80174-1,-33.184408418854915,1.7453865144242133,21.63392193088525,19.718345234452176,14.50024837511732,-24.005523549707622,-0.7445171035548176,-0.24308913804163607,0.6217732331650495,-39.98890389996566,14.669341790919212,-20.50229997008247,0.15355909124936484,-0.22525064800509847,0.9621235633056453
680688.8030119999,457,1.0,-0.03324918348066434,0.3981345833714237,680688.804284-0 680688.80174-1,-33.15789745256356,1.755780947153733,21.810981746961247,19.718345234452176,14.50024837511732,-24.005523549707622,-0.7432159323485182,-0.24143411875157725,0.6239708680747617,-39.98890389996566,14.669341790919212,-20.50229997008247,0.15355909124936484,-0.22525064800509847,0.9621235633056453
680688.806269,458,1.0,-0.03326083932890951,0.3977917072897399,680688.804284-0 680688.808254-1,-33.13939096485757,1.766876665352787,21.79630005381219,19.718345234452176,14.50024837511732,-24.005523549707622,-0.7432159323485182,-0.24143411875157725,0.6239708680747617,-39.98890389996566,14.669341790919212,-20.50229997008247,0.15402060788084276,-0.22499965061570923,0.9621085227617643
680688.8102275,458,1.0,-0.03197130568502038,0.3990356048617719,680688.8122009999-0 680688.808254-1,-33.113735328453764,1.7259857707485073,21.956308279394122,19.718345234452176,14.50024837511732,-24.005523549707622,-0.7419071117436813,-0.24162180335020755,0.6254540284384951,-39.98890389996566,14.669341790919212,-20.50229997008247,0.15402060788084276,-0.22499965061570923,0.9621085227617643
680688.814252,458,1.0,-0.03182482691699109,0.3985719872556096,680688.8122009999-0 680688.816303-1,-33.17017371475349,1.7458718595840121,22.012230779388624,19.718345234452176,14.50024837511732,-24.005523549707622,-0.7419071117436813,-0.24162180335020755,0.6254540284384951,-39.98890389996566,14.669341790919212,-20.50229997008247,0.15263873340762837,-0.22383148960078605,0.9626011018728413
680688.8183154999,458,1.0,-0.03079865565941633,0.3986413555215642,680688.820328-0 680688.816303-1,-33.15119369185643,1.745959333045124,22.138118911404653,19.718345234452176,14.50024837511732,-24.005523549707622,-0.7409635851746872,-0.24069911744237643,0.6269265509671244,-39.98890389996566,14.669341790919212,-20.50229997008247,0.15263873340762837,-0.22383148960078605,0.9626011018728413
680688.822329,458,1.0,-0.03084896582492993,0.39934395056481775,680688.820328-0 680688.82433-1,-33.15204372528694,1.7208787700370838,22.133785729193008,19.718345234452176,14.50024837511732,-24.005523549707622,-0.7409635851746872,-0.24069911744237643,0.6269265509671244,-39.98890389996566,14.669341790919212,-20.50229997008247,0.1526085268041547,-0.22472362889971384,0.9623980092252942
680688.8263335,458,1.0,-0.02957137321247858,0.3993453364928403,680688.828337-0 680688.82433-1,-33.1285498223118,1.7239749562127393,22.290206539691184,19.718345234452176,14.50024837511732,-24.005523549707622,-0.7397980560399684,-0.23945619321288522,0.6287762462207656,-39.98890389996566,14.669341790919212,-20.50229997008247,0.1526085268041547,-0.22472362889971384,0.9623980092252942
680688.8303169999,458,1.0,-0.02949920882192929,0.3987907553612392,680688.828337-0 680688.832297-1,-33.144305241831304,1.7447831353450791,22.30905504030983,19.718345234452176,14.50024837511732,-24.005523549707622,-0.7397980560399684,-0.23945619321288522,0.6287762462207656,-39.98890389996566,14.669341790919212,-20.50229997008247,0.1522306791275404,-0.22385316211033185,0.9626606786119257
680688.8345995,458,1.0,-0.02940646741607065,0.396737294398801,680688.836902-0 680688.832297-1,-33.14543340377141,1.8182748476948172,22.316689183644172,19.718345234452176,14.50024837511732,-24.005523549707622,-0.7399275084707335,-0.23696019235774776,0.6295690188105442,-39.98890389996566,14.669341790919212,-20.50229997008247,0.1522306791275404,-0.22385316211033185,0.9626606786119257
680688.8386395001,459,1.0,-0.0293985456816519,0.3947712786680554,680688.836902-0 680688.840377-1,-33.074004924630266,1.8842324771267434,22.264066554367083,19.718345234452176,14.50024837511732,-24.005523549707622,-0.7399275084707335,-0.23696019235774776,0.6295690188105442,-39.98890389996566,14.669341790919212,-20.50229997008247,0.15400468946591123,-0.22205995090270852,0.9627938168827191
680688.84233,459,1.0,-0.028323124974107293,0.3950704870440789,680688.844283-0 680688.840377-1,-33.05369006589177,1.8764459440322918,22.395837855560032,19.718345234452176,14.50024837511732,-24.005523549707622,-0.7389152238198209,-0.2362707969337482,0.6310153742371057,-39.98890389996566,14.669341790919212,-20.50229997008247,0.15400468946591123,-0.22205995090270852,0.9627938168827191
680688.8465704999,459,1.0,-0.028433097575060184,0.3938185713302228,680688.844283-0 680688.848858-1,-32.949387227996525,1.9145085765411043,22.30679188421599,19.718345234452176,14.50024837511732,-24.005523549707622,-0.7389152238198209,-0.2362707969337482,0.6310153742371057,-39.98890389996566,14.669341790919212,-20.50229997008247,0.1565743020967559,-0.22152441592787991,0.9625026862667581
680688.85084,459,1.0,-0.02745263344240225,0.39152285456377034,680688.8528219999-0 680688.848858-1,-32.93437535537666,1.998878655873817,22.421097144259754,19.718345234452176,14.50024837511732,-24.005523549707622,-0.738260881191776,-0.23264155686974985,0.6331261938343419,-39.98890389996566,14.669341790919212,-20.50229997008247,0.1565743020967559,-0.22152441592787991,0.9625026862667581
680688.8545915,459,1.0,-0.027374358351900874,0.3915072321393944,680688.8528219999-0 680688.856361-1,-32.973607093295755,2.002125564343885,22.45825695111173,19.718345234452176,14.50024837511732,-24.005523549707622,-0.738260881191776,-0.23264155686974985,0.6331261938343419,-39.98890389996566,14.669341790919212,-20.50229997008247,0.1556145864214083,-0.22109988727421048,0.9627559090134037
680688.8583355,459,1.0,-0.02764987991371628,0.39021859227335554,680688.86031-0 680688.856361-1,-32.98059711514095,2.0472629660900727,22.422054334643683,19.718345234452176,14.50024837511732,-24.005523549707622,-0.7386463916944246,-0.23139482098967268,0.6331334336899006,-39.98890389996566,14.669341790919212,-20.50229997008247,0.1556145864214083,-0.22109988727421048,0.9627559090134037
680688.8629995,459,1.0,-0.027997716838750276,0.39227644487724844,680688.86031-0 680688.865689-1,-32.88613461524554,1.967105229889916,22.317623677010168,19.718345234452176,14.50024837511732,-24.005523549707622,-0.7386463916944246,-0.23139482098967268,0.6331334336899006,-39.98890389996566,14.669341790919212,-20.50229997008247,0.1579036422862033,-0.22471498669148451,0.9615454302886562
680688.867014,459,1.0,-0.025174434191496342,0.3973419870489322,680688.868339-0 680688.865689-1,-32.8257827139608,1.794453144601384,22.668104242207185,19.718345234452176,14.50024837511732,-24.005523549707622,-0.7355568996989296,-0.23462337467878053,0.6355375042903755,-39.98890389996566,14.669341790919212,-20.50229997008247,0.1579036422862033,-0.22471498669148451,0.9615454302886562
680688.8702990001,459,1.0,-0.026833626534645827,0.3992855374853239,680688.868339-0 680688.872259-1,-32.079349436869975,1.68056075342602,21.94128029682296,19.718345234452176,14.50024837511732,-24.005523549707622,-0.7355568996989296,-0.23462337467878053,0.6355375042903755,-39.98890389996566,14.669341790919212,-20.50229997008247,0.17625249165342693,-0.23480553268570248,0.9559296109056051
680688.874244,460,1.0,-0.006120666988960188,0.4250108272477223,680688.8762289999-0 680688.872259-1,-31.627903963814347,0.8129269050927661,24.335097629643677,19.718345234452176,14.50024837511732,-24.005523549707622,-0.7147062687750982,-0.24560086111043464,0.6548856132145437,-39.98890389996566,14.669341790919212,-20.50229997008247,0.17625249165342693,-0.23480553268570248,0.9559296109056051
680688.878398,460,0.995,-0.01053840214075823,0.4333253996694201,680688.8762289999-0 680688.880567-1,-29.76667318289028,0.4822005756154635,22.378117347735547,19.718345234452176,14.50024837511732,-24.005523549707622,-0.7147062687750982,-0.24560086111043464,0.6548856132145437,-39.98890389996566,14.669341790919212,-20.50229997008247,0.22146290771150695,-0.2626307389913635,0.939137516791239
680688.8823885,460,0.99,0.04441946757257966,0.49527218922277094,680688.8842099999-0 680688.880567-1,-28.450605887767203,-1.6836003079854098,27.807463704846107,19.718345234452176,14.50024837511732,-24.005523549707622,-0.6639376332581859,-0.27236468782749246,0.6964224981777589,-39.98890389996566,14.669341790919212,-20.50229997008247,0.22146290771150695,-0.2626307389913635,0.939137516791239
680688.8864525,460,0.99,0.04061391699520014,0.5005317285650065,680688.8842099999-0 680688.888695-1,-26.25192906964721,-1.7118616046456747,25.218122195109963,19.718345234452176,14.50024837511732,-24.005523549707622,-0.6639376332581859,-0.27236468782749246,0.6964224981777589,-39.98890389996566,14.669341790919212,-20.50229997008247,0.27284722967951247,-0.28575472713328304,0.9186395512806956
680688.8904794999,460,0.99,0.10809899016300464,0.5660884821595423,680688.892264-0 680688.888695-1,-24.465194384067633,-4.208520756627532,31.052050253201642,19.718345234452176,14.50024837511732,-24.005523549707622,-0.6053810744263883,-0.3006310618176251,0.7369767427787384,-39.98890389996566,14.669341790919212,-20.50229997008247,0.27284722967951247,-0.28575472713328304,0.9186395512806956
680688.894344,460,0.99,0.10656439572222162,0.5760776439105337,680688.892264-0 680688.896424-1,-22.51778080767778,-4.184654147297641,28.356048509489213,19.718345234452176,14.50024837511732,-24.005523549707622,-0.6053810744263883,-0.3006310618176251,0.7369767427787384,-39.98890389996566,14.669341790919212,-20.50229997008247,0.3170924566388079,-0.3081156310151765,0.8969487899913156
680688.8997470001,460,0.99,0.1587487979117387,0.6263160408385031,680688.90307-0 680688.896424-1,-20.98944104937525,-6.27400044395022,32.48028980331155,19.718345234452176,14.50024837511732,-24.005523549707622,-0.5607613309839748,-0.3259345128594895,0.7611264172265524,-39.98890389996566,14.669341790919212,-20.50229997008247,0.3170924566388079,-0.3081156310151765,0.8969487899913156
680688.9037285,460,0.99,0.15908812875139886,0.6405997692710035,680688.90307-0 680688.904387-1,-19.34310173853477,-6.2514736521372924,29.886059508035487,19.718345234452176,14.50024837511732,-24.005523549707622,-0.5607613309839748,-0.3259345128594895,0.7611264172265524,-39.98890389996566,14.669341790919212,-20.50229997008247,0.3545091599935017,-0.3300401573130571,0.8748695617299037
680688.9067685,461,0.99,0.19843735076653252,0.680299055648911,680688.90915-0 680688.904387-1,-18.097051283256377,-7.991687617052719,32.75055583736419,19.718345234452176,14.50024837511732,-24.005523549707622,-0.5271561857747001,-0.34887900992372856,0.7748482381951375,-39.98890389996566,14.669341790919212,-20.50229997008247,0.3545091599935017,-0.3300401573130571,0.8748695617299037
680688.9109825,461,0.99,0.20044241016147618,0.6954627909664214,680688.90915-0 680688.9128149999-1,-16.577322382484958,-7.851710809671431,30.14862898380668,19.718345234452176,14.50024837511732,-24.005523549707622,-0.5271561857747001,-0.34887900992372856,0.7748482381951375,-39.98890389996566,14.669341790919212,-20.50229997008247,0.38962379189881324,-0.3494669662896698,0.852095147421158
680688.9146715,461,0.99,0.2394632071471568,0.7291761952590214,680688.916528-0 680688.9128149999-1,-15.267473324643957,-9.473380475329204,32.83930703684337,19.718345234452176,14.50024837511732,-24.005523549707622,-0.49388804128905284,-0.36803164350221507,0.7877990302435772,-39.98890389996566,14.669341790919212,-20.50229997008247,0.38962379189881324,-0.3494669662896698,0.852095147421158
680688.9203989999,461,0.99,0.24409480328598096,0.7421504854949322,680688.916528-0 680688.92427-1,-13.660488190895336,-9.031429264915234,29.92493350979627,19.718345234452176,14.50024837511732,-24.005523549707622,-0.49388804128905284,-0.36803164350221507,0.7877990302435772,-39.98890389996566,14.669341790919212,-20.50229997008247,0.42771801063992543,-0.3642242396754301,0.8272835104165193
680688.9242634999,461,0.99,0.2891683175098199,0.7720433626667852,680688.924257-0 680688.92427-1,-12.048996336693628,-10.701514619005074,32.92003245637716,19.718345234452176,14.50024837511732,-24.005523549707622,-0.45507240417794537,-0.38399260810879127,0.803404495801158,-39.98890389996566,14.669341790919212,-20.50229997008247,0.42771801063992543,-0.3642242396754301,0.8272835104165193
680688.9290135,461,0.99,0.33259920312844277,0.7966580694164508,680688.933757-0 680688.92427-1,-10.288652250309157,-12.468989991997361,36.214285258699405,19.718345234452176,14.50024837511732,-24.005523549707622,-0.4145786459069791,-0.39780084943726873,0.8184613799959792,-39.98890389996566,14.669341790919212,-20.50229997008247,0.42771801063992543,-0.3642242396754301,0.8272835104165193
680688.9347145,461,0.99,0.34149519257229977,0.8148172421050736,680688.933757-0 680688.9356719999-1,-8.869419968762616,-11.96622708333871,32.970440599854186,19.718345234452176,14.50024837511732,-24.005523549707622,-0.4145786459069791,-0.39780084943726873,0.8184613799959792,-39.98890389996566,14.669341790919212,-20.50229997008247,0.4623830898753523,-0.38097935408383865,0.800660108884652
680688.9392665,462,0.99,0.3809741093213662,0.8368172506505709,680688.942861-0 680688.9356719999-1,-7.110636339076553,-13.703412563472966,35.890895900122985,19.718345234452176,14.50024837511732,-24.005523549707622,-0.3760548706390271,-0.4123120350278118,0.8298081224234243,-39.98890389996566,14.669341790919212,-20.50229997008247,0.4623830898753523,-0.38097935408383865,0.800660108884652
680688.9440444999,462,0.99,0.39301611340868353,0.8533850381856395,680688.942861-0 680688.9452279999-1,-5.773777768526996,-12.977099093938397,32.52579901125317,19.718345234452176,14.50024837511732,-24.005523549707622,-0.3760548706390271,-0.4123120350278118,0.8298081224234243,-39.98890389996566,14.669341790919212,-20.50229997008247,0.49681949227405503,-0.39402901211532526,0.7732473923059622
680688.948012,462,0.995,0.41897401282559193,0.8663298624665643,680688.950796-0 680688.9452279999-1,-4.534539193305809,-14.129447075244785,34.378176992948625,19.718345234452176,14.50024837511732,-24.005523549707622,-0.3497412355194445,-0.4217846860097983,0.8365277920218479,-39.98890389996566,14.669341790919212,-20.50229997008247,0.49681949227405503,-0.39402901211532526,0.7732473923059622
680688.9527405,462,1.0,0.4280055865386994,0.8707865671715767,680688.950796-0 680688.954685-1,-3.759490634857535,-13.445985869800335,32.37487086021256,19.718345234452176,14.50024837511732,-24.005523549707622,-0.3497412355194445,-0.4217846860097983,0.8365277920218479,-39.98890389996566,14.669341790919212,-20.50229997008247,0.5177898089404744,-0.3959775052709694,0.7583505317969824
680688.955465,462,1.0,0.43377990757171575,0.8805378188535101,680688.956245-0 680688.954685-1,-3.474442180845946,-13.92094896417639,32.67338922577862,19.718345234452176,14.50024837511732,-24.005523549707622,-0.34381031447482197,-0.4301496936202304,0.8347249299854089,-39.98890389996566,14.669341790919212,-20.50229997008247,0.5177898089404744,-0.3959775052709694,0.7583505317969824
680688.9586865,462,1.0,0.4362159624527486,0.8847723160389831,680688.956245-0 680688.9611279999-1,-3.28214500206478,-13.833686186530377,32.113274505134385,19.718345234452176,14.50024837511732,-24.005523549707622,-0.34381031447482197,-0.4301496936202304,0.8347249299854089,-39.98890389996566,14.669341790919212,-20.50229997008247,0.5230930149274245,-0.3991090025571023,0.7530509290957762
680688.9634165,462,1.0,0.42941586269940546,0.8805771668192075,680688.965705-0 680688.9611279999-1,-3.61275127641823,-13.506546748983508,31.672298995329633,19.718345234452176,14.50024837511732,-24.005523549707622,-0.350774633191934,-0.42674824895465835,0.8335724855843052,-39.98890389996566,14.669341790919212,-20.50229997008247,0.5230930149274245,-0.3991090025571023,0.7530509290957762
680688.9684675001,462,1.0,0.42758509620677865,0.874696127773553,680688.965705-0 680688.97123-1,-3.762294704572982,-13.495146807895921,32.14446355796217,19.718345234452176,14.50024837511732,-24.005523549707622,-0.350774633191934,-0.42674824895465835,0.8335724855843052,-39.98890389996566,14.669341790919212,-20.50229997008247,0.5189927378455588,-0.39438921156988466,0.7583559110739864
680688.971739,463,1.0,0.41363203976652463,0.866050763617977,680688.972248-0 680688.97123-1,-4.418518681891367,-12.850461842977012,31.253040330031467,19.718345234452176,14.50024837511732,-24.005523549707622,-0.36475040875860115,-0.420023688466576,0.8309857041113077,-39.98890389996566,14.669341790919212,-20.50229997008247,0.5189927378455588,-0.39438921156988466,0.7583559110739864
680688.9751075,463,1.0,0.41133710336117624,0.8644507312336597,680688.972248-0 680688.977967-1,-4.615065215302813,-13.00197418266289,31.74512557360211,19.718345234452176,14.50024837511732,-24.005523549707622,-0.36475040875860115,-0.420023688466576,0.8309857041113077,-39.98890389996566,14.669341790919212,-20.50229997008247,0.5136725355619836,-0.3935450978576993,0.7624059169245059
680688.979611,463,1.0,0.40559010908770166,0.8618903885392669,680688.981255-0 680688.977967-1,-4.877383016372235,-12.774308233352174,31.367987239034804,19.718345234452176,14.50024837511732,-24.005523549707622,-0.3703994507638756,-0.418212300808325,0.8293990103239973,-39.98890389996566,14.669341790919212,-20.50229997008247,0.5136725355619836,-0.3935450978576993,0.7624059169245059
680688.9833424999,463,1.0,0.4037051015670225,0.8582727512358156,680688.981255-0 680688.98543-1,-5.049767116930861,-12.838175994614238,31.830418075574904,19.718345234452176,14.50024837511732,-24.005523549707622,-0.3703994507638756,-0.418212300808325,0.8293990103239973,-39.98890389996566,14.669341790919212,-20.50229997008247,0.5090527972638919,-0.3908059437863139,0.7669002307334999
680688.986834,463,1.0,0.40209653495396225,0.8610966365793571,680688.988238-0 680688.98543-1,-5.121808648707889,-12.882842017151606,31.675913619161697,19.718345234452176,14.50024837511732,-24.005523549707622,-0.3719824986265215,-0.4208262046439835,0.8273658962034331,-39.98890389996566,14.669341790919212,-20.50229997008247,0.5090527972638919,-0.3908059437863139,0.7669002307334999
680688.9907645,463,1.0,0.4017117672879807,0.857372397254174,680688.988238-0 680688.993291-1,-5.161637887820575,-12.812660000438045,31.830990582332305,19.718345234452176,14.50024837511732,-24.005523549707622,-0.3719824986265215,-0.4208262046439835,0.8273658962034331,-39.98890389996566,14.669341790919212,-20.50229997008247,0.5079968853392449,-0.38759878960264754,0.7692245073996202
680688.9955695,463,1.0,0.3980307954020034,0.8553582936879874,680688.997848-0 680688.993291-1,-5.327501293103829,-12.657468320319456,31.59296298170667,19.718345234452176,14.50024837511732,-24.005523549707622,-0.37556881631712735,-0.4193771439587421,0.8264810193435541,-39.98890389996566,14.669341790919212,-20.50229997008247,0.5079968853392449,-0.38759878960264754,0.7692245073996202
680688.999515,463,1.0,0.39697609928924593,0.8522043914617575,680688.997848-0 680689.001182-1,-5.430083574642598,-12.662937632881244,31.880904929432013,19.718345234452176,14.50024837511732,-24.005523549707622,-0.37556881631712735,-0.4193771439587421,0.8264810193435541,-39.98890389996566,14.669341790919212,-20.50229997008247,0.505272687079137,-0.3850397875702,0.7722977882136679
680689.0039855,463,1.0,0.3958748788886253,0.8538944679504257,680689.006789-0 680689.001182-1,-5.478792012045922,-12.686765886792085,31.77830837935403,19.718345234452176,14.50024837511732,-24.005523549707622,-0.3766418405227052,-0.42096261280432956,0.825185677643899,-39.98890389996566,14.669341790919212,-20.50229997008247,0.505272687079137,-0.3850397875702,0.7722977882136679
680689.0069025,464,1.0,0.3946403162064726,0.8509623429656912,680689.006789-0 680689.007016-1,-5.6003167408856385,-12.715405811227674,32.105082658196764,19.718345234452176,14.50024837511732,-24.005523549707622,-0.3766418405227052,-0.42096261280432956,0.825185677643899,-39.98890389996566,14.669341790919212,-20.50229997008247,0.5020559653046638,-0.382699387912924,0.7755520525361758
680689.0099505,464,1.0,0.394622901079363,0.8564262961144296,680689.012885-0 680689.007016-1,-5.5993028025733835,-12.883239304278206,32.028901377047674,19.718345234452176,14.50024837511732,-24.005523549707622,-0.3766634162680475,-0.4257797608517724,0.8227005932259263,-39.98890389996566,14.669341790919212,-20.50229997008247,0.5020559653046638,-0.382699387912924,0.7755520525361758
680689.0145719999,464,1.0,0.3936512109704136,0.8537498210439785,680689.012885-0 680689.0162589999-1,-5.696921253929835,-12.896545826885763,32.296452017698506,19.718345234452176,14.50024837511732,-24.005523549707622,-0.3766634162680475,-0.4257797608517724,0.8227005932259263,-39.98890389996566,14.669341790919212,-20.50229997008247,0.49948152776654464,-0.3805216775929293,0.7782810908032269
680689.0182894999,464,1.0,0.39518838992870264,0.8528438986215416,680689.02032-0 680689.0162589999-1,-5.62780806777889,-12.908297442772367,32.423339470707354,19.718345234452176,14.50024837511732,-24.005523549707622,-0.37515692934568656,-0.4248340614755362,0.8238769923806074,-39.98890389996566,14.669341790919212,-20.50229997008247,0.49948152776654464,-0.3805216775929293,0.7782810908032269
680689.0213125,464,1.0,0.39392620839479436,0.850495318212705,680689.02032-0 680689.022305-1,-5.7545342439881875,-12.957795895250545,32.75393149217826,19.718345234452176,14.50024837511732,-24.005523549707622,-0.37515692934568656,-0.4248340614755362,0.8238769923806074,-39.98890389996566,14.669341790919212,-20.50229997008247,0.49614527241057294,-0.3786695909662604,0.7813124916076045
680689.0253435,464,1.0,0.39154326036773934,0.8514310848078023,680689.0283819999-0 680689.022305-1,-5.8622238806011495,-12.924896214859285,32.56118456944325,19.718345234452176,14.50024837511732,-24.005523549707622,-0.37749844524168547,-0.4258985983140561,0.8222562300124168,-39.98890389996566,14.669341790919212,-20.50229997008247,0.49614527241057294,-0.3786695909662604,0.7813124916076045
680689.0283725,464,1.0,0.39079143412703193,0.8481978150053052,680689.0283819999-0 680689.028363-1,-5.942164454102928,-12.901980503961704,32.79743872832914,19.718345234452176,14.50024837511732,-24.005523549707622,-0.37749844524168547,-0.4258985983140561,0.8222562300124168,-39.98890389996566,14.669341790919212,-20.50229997008247,0.4940544204441401,-0.3758956634977905,0.7839723718366357
680689.033849,464,1.0,0.3907255365274886,0.84653115513316,680689.0283819999-0 680689.039316-1,-5.951215445920875,-12.859651346633282,32.84572170157128,19.718345234452176,14.50024837511732,-24.005523549707622,-0.37749844524168547,-0.4258985983140561,0.8222562300124168,-39.98890389996566,14.669341790919212,-20.50229997008247,0.49382136431202545,-0.37439276580233183,0.7848378922197182
680689.0378884999,464,1.0,0.3856971746911238,0.8385813908525828,680689.036461-0 680689.039316-1,-6.180057629564615,-12.483179907054188,32.575829470784925,19.718345234452176,14.50024837511732,-24.005523549707622,-0.3824138002953806,-0.4193746732283506,0.8233374574245111,-39.98890389996566,14.669341790919212,-20.50229997008247,0.49382136431202545,-0.37439276580233183,0.7848378922197182
680689.042176,465,1.0,0.3864334468622993,0.8328373470886139,680689.045036-0 680689.039316-1,-6.149503149134979,-12.32212418627024,32.70850667941707,19.718345234452176,14.50024837511732,-24.005523549707622,-0.3817029846022176,-0.4141875484448022,0.8262877865847006,-39.98890389996566,14.669341790919212,-20.50229997008247,0.49382136431202545,-0.37439276580233183,0.7848378922197182
680689.0456254999,465,1.0,0.38782329589253506,0.8320373097962537,680689.045036-0 680689.046215-1,-6.009747355599371,-12.173543170349797,32.404081091142146,19.718345234452176,14.50024837511732,-24.005523549707622,-0.3817029846022176,-0.4141875484448022,0.8262877865847006,-39.98890389996566,14.669341790919212,-20.50229997008247,0.49748977337538314,-0.3734585332513872,0.782964015347214
680689.0492395,465,1.0,0.3907859799553465,0.8325848775608001,680689.0522639999-0 680689.046215-1,-5.87729827317262,-12.262629346723863,32.61735205337354,19.718345234452176,14.50024837511732,-24.005523549707622,-0.3788206563179868,-0.414331761521006,0.8275409970156825,-39.98890389996566,14.669341790919212,-20.50229997008247,0.49748977337538314,-0.3734585332513872,0.782964015347214
680689.052383,465,1.0,0.391641991671838,0.8321875834959296,680689.0522639999-0 680689.052502-1,-5.793319870399856,-12.175367650954763,32.43127874874392,19.718345234452176,14.50024837511732,-24.005523549707622,-0.3788206563179868,-0.414331761521006,0.8275409970156825,-39.98890389996566,14.669341790919212,-20.50229997008247,0.4997040477436177,-0.3729739126381461,0.7817840655577705
680689.056398,465,1.0,0.39379641011942806,0.8281130301901917,680689.060294-0 680689.052502-1,-5.698065726294066,-12.101518701557543,32.64565798146877,19.718345234452176,14.50024837511732,-24.005523549707622,-0.376717836045067,-0.4104776805470991,0.8304166097677692,-39.98890389996566,14.669341790919212,-20.50229997008247,0.4997040477436177,-0.3729739126381461,0.7817840655577705
680689.060295,465,1.0,0.3946966019056699,0.8257217224645484,680689.060294-0 680689.060296-1,-5.614383531201872,-11.955596454405875,32.49064270931966,19.718345234452176,14.50024837511732,-24.005523549707622,-0.376717836045067,-0.4104776805470991,0.8304166097677692,-39.98890389996566,14.669341790919212,-20.50229997008247,0.5019234068748901,-0.37071059736924217,0.7814387670375988
680689.065044,465,1.0,0.3959369884615699,0.8220763837919477,680689.069792-0 680689.060296-1,-5.559824314947525,-11.872631282139682,32.630524047463375,19.718345234452176,14.50024837511732,-24.005523549707622,-0.37550478992069247,-0.4071069103489663,0.8326224332149208,-39.98890389996566,14.669341790919212,-20.50229997008247,0.5019234068748901,-0.37071059736924217,0.7814387670375988
680689.0691714999,465,1.0,0.3962398689736646,0.8216180549404037,680689.069792-0 680689.068551-1,-5.531493916407692,-11.834007405745629,32.57193180283939,19.718345234452176,14.50024837511732,-24.005523549707622,-0.37550478992069247,-0.4071069103489663,0.8326224332149208,-39.98890389996566,14.669341790919212,-20.50229997008247,0.5026756011227322,-0.3702671640448926,0.7811654544755884
680689.07347,465,1.0,0.396356118357399,0.8214361255569547,680689.069792-0 680689.077148-1,-5.520660512505335,-11.819054876869677,32.549623685624866,19.718345234452176,14.50024837511732,-24.005523549707622,-0.37550478992069247,-0.4071069103489663,0.8326224332149208,-39.98890389996566,14.669341790919212,-20.50229997008247,0.5029634189502783,-0.3700918094814676,0.7810632828091332
680689.0766855,466,1.0,0.3960420204674568,0.8163170914481105,680689.076223-0 680689.077148-1,-5.536741860870581,-11.653708745458106,32.5922071811558,19.718345234452176,14.50024837511732,-24.005523549707622,-0.37581503511188674,-0.40261895169957446,0.8346622305556821,-39.98890389996566,14.669341790919212,-20.50229997008247,0.5029634189502783,-0.3700918094814676,0.7810632828091332
680689.0816845,466,1.0,0.3969848666820376,0.8149207018722273,680689.086221-0 680689.077148-1,-5.494662891887932,-11.632631367141087,32.680269931881,19.718345234452176,14.50024837511732,-24.005523549707622,-0.37489092315230743,-0.4012641392959136,0.8357295532964716,-39.98890389996566,14.669341790919212,-20.50229997008247,0.5029634189502783,-0.3700918094814676,0.7810632828091332
680689.0857325,466,1.0,0.3966190044253639,0.8140332847306824,680689.086221-0 680689.085244-1,-5.530978187994245,-11.63755127416483,32.7794943791637,19.718345234452176,14.50024837511732,-24.005523549707622,-0.37489092315230743,-0.4012641392959136,0.8357295532964716,-39.98890389996566,14.669341790919212,-20.50229997008247,0.5020022609155032,-0.36932177585419473,0.7820454947863501
680689.0892225,466,1.0,0.39693958643117905,0.812534230980236,680689.086221-0 680689.092224-1,-5.50259536426802,-11.568282218011836,32.73701241204758,19.718345234452176,14.50024837511732,-24.005523549707622,-0.37489092315230743,-0.4012641392959136,0.8357295532964716,-39.98890389996566,14.669341790919212,-20.50229997008247,0.5027587565051933,-0.36795021887613455,0.7822060273267881
680689.092237,466,1.0,0.39721136921929595,0.8078280329172203,680689.09225-0 680689.092224-1,-5.4920536605253165,-11.428868414918222,32.81701599682052,19.718345234452176,14.50024837511732,-24.005523549707622,-0.37462691951519717,-0.39705539482327673,0.8378554079411827,-39.98890389996566,14.669341790919212,-20.50229997008247,0.5027587565051933,-0.36795021887613455,0.7822060273267881
680689.09669,466,1.0,0.3969856365895344,0.8068617637719084,680689.09225-0 680689.10113-1,-5.515123600938152,-11.419571534890112,32.886625408354575,19.718345234452176,14.50024837511732,-24.005523549707622,-0.37462691951519717,-0.39705539482327673,0.8378554079411827,-39.98890389996566,14.669341790919212,-20.50229997008247,0.5021490438456597,-0.3670914538651057,0.7830007677289292
680689.1006885,466,1.0,0.395050016112198,0.8037607472320377,680689.100247-0 680689.10113-1,-5.603892664408223,-11.27932106236781,32.78042059578851,19.718345234452176,14.50024837511732,-24.005523549707622,-0.37653104813662924,-0.39456514239784585,0.8381782138624809,-39.98890389996566,14.669341790919212,-20.50229997008247,0.5021490438456597,-0.3670914538651057,0.7830007677289292
680689.1052455,466,1.0,0.39437539540338973,0.7984017389677173,680689.109361-0 680689.10113-1,-5.6363499457409585,-11.098492115321177,32.79634105252458,19.718345234452176,14.50024837511732,-24.005523549707622,-0.3771975346653283,-0.3899033494354043,0.8400579729646348,-39.98890389996566,14.669341790919212,-20.50229997008247,0.5021490438456597,-0.3670914538651057,0.7830007677289292
680689.1087730001,467,1.0,0.394359785627856,0.7983917866196877,680689.109361-0 680689.108185-1,-5.637876093017029,-11.099452286009088,32.80006870932667,19.718345234452176,14.50024837511732,-24.005523549707622,-0.3771975346653283,-0.3899033494354043,0.8400579729646348,-39.98890389996566,14.669341790919212,-20.50229997008247,0.5021086404760419,-0.3670828084982034,0.7830307304725478
680689.1138919999,467,1.0,0.39384201068439595,0.7973692475268924,680689.109361-0 680689.118423-1,-5.689863365421337,-11.11168243008972,32.93788975393713,19.718345234452176,14.50024837511732,-24.005523549707622,-0.3771975346653283,-0.3899033494354043,0.8400579729646348,-39.98890389996566,14.669341790919212,-20.50229997008247,0.5007351740851477,-0.3661711703951445,0.7843359990497482
680689.117939,467,1.0,0.394236077114808,0.7958242652279461,680689.1174549999-0 680689.118423-1,-5.672684824931716,-11.072466170562754,32.98651628964723,19.718345234452176,14.50024837511732,-24.005523549707622,-0.37681288942895663,-0.38847092905426744,0.8408938004527772,-39.98890389996566,14.669341790919212,-20.50229997008247,0.5007351740851477,-0.3661711703951445,0.7843359990497482
680689.1213255,467,1.0,0.39432252217852887,0.796619982534169,680689.124228-0 680689.118423-1,-5.668468419784473,-11.099115493980499,32.98325161105605,19.718345234452176,14.50024837511732,-24.005523549707622,-0.37672703673211627,-0.3891669511944015,0.8406103876904524,-39.98890389996566,14.669341790919212,-20.50229997008247,0.5007351740851477,-0.3661711703951445,0.7843359990497482
680689.124331,467,1.0,0.39412548975537504,0.7942200092385805,680689.124228-0 680689.124434-1,-5.6917081488363905,-11.046173703362863,33.07570567878565,19.718345234452176,14.50024837511732,-24.005523549707622,-0.37672703673211627,-0.3891669511944015,0.8406103876904524,-39.98890389996566,14.669341790919212,-20.50229997008247,0.5001266652721277,-0.36400612051611764,0.7857307827179655
680689.1296465,467,1.0,0.3940453119786965,0.7935791255158937,680689.134859-0 680689.124434-1,-5.695592228754178,-11.024445963602455,33.07751873430665,19.718345234452176,14.50024837511732,-24.005523549707622,-0.37680676255338225,-0.38860762868271553,0.840833381011741,-39.98890389996566,14.669341790919212,-20.50229997008247,0.5001266652721277,-0.36400612051611764,0.7857307827179655
680689.1338285,467,1.0,0.3932533887633679,0.7915510846661193,680689.134859-0 680689.132798-1,-5.776899047729756,-11.029288929488933,33.30034960801148,19.718345234452176,14.50024837511732,-24.005523549707622,-0.37680676255338225,-0.38860762868271553,0.840833381011741,-39.98890389996566,14.669341790919212,-20.50229997008247,0.4979849557290456,-0.36216463034605784,0.7879389344320051
680689.1383805,467,1.0,0.3923865287221056,0.7903101791190357,680689.134859-0 680689.141902-1,-5.865361846412146,-11.063054250662626,33.52768884787013,19.718345234452176,14.50024837511732,-24.005523549707622,-0.37680676255338225,-0.38860762868271553,0.840833381011741,-39.98890389996566,14.669341790919212,-20.50229997008247,0.49565827665789297,-0.36102319825354606,0.7899272897572968
680689.141793,468,1.0,0.3907501245344339,0.7947318392593238,680689.141684-0 680689.141902-1,-5.937792116424534,-11.165508672309771,33.3469176281656,19.718345234452176,14.50024837511732,-24.005523549707622,-0.37841117980959493,-0.39281710669075526,0.8381525515598065,-39.98890389996566,14.669341790919212,-20.50229997008247,0.49565827665789297,-0.36102319825354606,0.7899272897572968
680689.1467295,468,1.0,0.39157466653705497,0.7942798528011242,680689.151557-0 680689.141902-1,-5.90060713852756,-11.16984997758502,33.41582641617184,19.718345234452176,14.50024837511732,-24.005523549707622,-0.37760030808259,-0.3922892633332673,0.8387652479742917,-39.98890389996566,14.669341790919212,-20.50229997008247,0.49565827665789297,-0.36102319825354606,0.7899272897572968
680689.1507935,468,1.0,0.39074402666555286,0.7936100877205099,680689.151557-0 680689.15003-1,-5.98574354219101,-11.21859915461465,33.62556294358489,19.718345234452176,14.50024837511732,-24.005523549707622,-0.37760030808259,-0.3922892633332673,0.8387652479742917,-39.98890389996566,14.669341790919212,-20.50229997008247,0.49342465301307803,-0.36040831732617723,0.7916046719171363
680689.1539155,468,1.0,0.38957556737024684,0.7903719876406277,680689.151557-0 680689.156274-1,-6.111400314257054,-11.220475718482495,33.97086747516906,19.718345234452176,14.50024837511732,-24.005523549707622,-0.37760030808259,-0.3922892633332673,0.8387652479742917,-39.98890389996566,14.669341790919212,-20.50229997008247,0.4901442908566886,-0.35741951034891245,0.7949904828125539
680689.1569075,468,1.0,0.38978577019530647,0.7918963793258201,680689.1575409999-0 680689.156274-1,-6.10108511806555,-11.273993510452291,33.968161705828436,19.718345234452176,14.50024837511732,-24.005523549707622,-0.3773880011875968,-0.3936329735538446,0.8382311010042446,-39.98890389996566,14.669341790919212,-20.50229997008247,0.4901442908566886,-0.35741951034891245,0.7949904828125539
680689.1614255,468,1.0,0.3895911541740682,0.7937424426773849,680689.1575409999-0 680689.16531-1,-6.1180293969144355,-11.344924479624297,33.97857560925149,19.718345234452176,14.50024837511732,-24.005523549707622,-0.3773880011875968,-0.3936329735538446,0.8382311010042446,-39.98890389996566,14.669341790919212,-20.50229997008247,0.4896971198640942,-0.3591174087547756,0.794500734754894
680689.1651255,468,1.0,0.38970052809819755,0.7980344217047018,680689.1649409999-0 680689.16531-1,-6.111116200416291,-11.484764833602142,33.93238052688947,19.718345234452176,14.50024837511732,-24.005523549707622,-0.37726974711374583,-0.39749219254951085,0.8364612930524118,-39.98890389996566,14.669341790919212,-20.50229997008247,0.4896971198640942,-0.3591174087547756,0.794500734754894
680689.1696955,468,1.0,0.3927687520400262,0.8175010580842369,680689.174081-0 680689.16531-1,-5.961112917962707,-12.182451673151443,33.917653840445524,19.718345234452176,14.50024837511732,-24.005523549707622,-0.37417669431678435,-0.4146097694087811,0.829512230495103,-39.98890389996566,14.669341790919212,-20.50229997008247,0.4896971198640942,-0.3591174087547756,0.794500734754894
680689.173379,468,1.0,0.39141989604931515,0.8308929678431789,680689.174081-0 680689.1726769999-1,-6.0798913617841865,-12.707148714775531,33.97512508968636,19.718345234452176,14.50024837511732,-24.005523549707622,-0.37417669431678435,-0.4146097694087811,0.829512230495103,-39.98890389996566,14.669341790919212,-20.50229997008247,0.48656614457988806,-0.37163499715907605,0.7906584697802437
680689.1784665,469,1.0,0.388279978216731,0.8531061728087073,680689.174081-0 680689.182852-1,-6.376478823878051,-13.683593767960058,34.27518310463289,19.718345234452176,14.50024837511732,-24.005523549707622,-0.37417669431678435,-0.4146097694087811,0.829512230495103,-39.98890389996566,14.669341790919212,-20.50229997008247,0.4788203929772915,-0.39274966305982817,0.785161597020297
680689.182503,469,1.0,0.38856765154630696,0.8782360525103523,680689.182154-0 680689.182852-1,-6.355427539908758,-14.523745895325154,33.92781844142638,19.718345234452176,14.50024837511732,-24.005523549707622,-0.373920755889086,-0.4376280628913553,0.8177193570445146,-39.98890389996566,14.669341790919212,-20.50229997008247,0.4788203929772915,-0.39274966305982817,0.785161597020297
680689.185744,469,1.0,0.3861923180603884,0.9007756813850369,680689.188636-0 680689.182852-1,-6.458950770388858,-15.193042229779968,33.38456595546275,19.718345234452176,14.50024837511732,-24.005523549707622,-0.3763324450381832,-0.458317576224626,0.8051825197650324,-39.98890389996566,14.669341790919212,-20.50229997008247,0.4788203929772915,-0.39274966305982817,0.785161597020297
680689.1887385,469,1.0,0.38282739405469074,0.9193078544916694,680689.188636-0 680689.188841-1,-6.808123584918997,-16.16773379507609,33.81130870244334,19.718345234452176,14.50024837511732,-24.005523549707622,-0.3763324450381832,-0.458317576224626,0.8051825197650324,-39.98890389996566,14.669341790919212,-20.50229997008247,0.4698258972324897,-0.41164930139357064,0.7809023491780974
680689.1931924999,469,1.0,0.38323103080961457,0.936099567697499,680689.197544-0 680689.188841-1,-6.7852589433516695,-16.74793664992694,33.55845113291926,19.718345234452176,14.50024837511732,-24.005523549707622,-0.375983696113649,-0.47377979379529933,0.7963472654866108,-39.98890389996566,14.669341790919212,-20.50229997008247,0.4698258972324897,-0.41164930139357064,0.7809023491780974
680689.1969945,469,1.0,0.38222910453214076,0.9505023269399409,680689.197544-0 680689.196445-1,-6.881237830671267,-17.329959119336912,33.47868961748909,19.718345234452176,14.50024837511732,-24.005523549707622,-0.375983696113649,-0.47377979379529933,0.7963472654866108,-39.98890389996566,14.669341790919212,-20.50229997008247,0.46734132493198066,-0.4258752404387396,0.7747401923174417
680689.2020765,469,1.0,0.38314989465917515,0.957661029064367,680689.197544-0 680689.206609-1,-6.7664910253852835,-17.426536026030305,33.08224850862262,19.718345234452176,14.50024837511732,-24.005523549707622,-0.375983696113649,-0.47377979379529933,0.7963472654866108,-39.98890389996566,14.669341790919212,-20.50229997008247,0.4702356393447516,-0.4320392357536481,0.7695586671979183
680689.2058194999,470,1.0,0.3831882925289581,0.9618053410844877,680689.20503-0 680689.206609-1,-6.764162340766392,-17.56821360398309,33.01159096731646,19.718345234452176,14.50024837511732,-24.005523549707622,-0.37596988069801124,-0.47761856993551344,0.7940573974598298,-39.98890389996566,14.669341790919212,-20.50229997008247,0.4702356393447516,-0.4320392357536481,0.7695586671979183
680689.2111325,470,1.0,0.37657022543436386,0.9586214398360701,680689.215656-0 680689.206609-1,-7.070026223866609,-17.225278961086197,32.54367044069666,19.718345234452176,14.50024837511732,-24.005523549707622,-0.3825418642739673,-0.4748087907623453,0.7926022547864702,-39.98890389996566,14.669341790919212,-20.50229997008247,0.4702356393447516,-0.4320392357536481,0.7695586671979183
680689.214653,470,1.0,0.377754580024477,0.9569018468038094,680689.215656-0 680689.2136499999-1,-6.9364478565738885,-17.013710460829387,32.295729438758485,19.718345234452176,14.50024837511732,-24.005523549707622,-0.3825418642739673,-0.4748087907623453,0.7926022547864702,-39.98890389996566,14.669341790919212,-20.50229997008247,0.4736440808466973,-0.42964076822724645,0.7688108317108887
680689.2180675,470,1.0,0.37844419370224863,0.9592570121930305,680689.215656-0 680689.220479-1,-6.855269692163093,-16.992720344440073,32.076390599407446,19.718345234452176,14.50024837511732,-24.005523549707622,-0.3825418642739673,-0.4748087907623453,0.7926022547864702,-39.98890389996566,14.669341790919212,-20.50229997008247,0.47571063505535627,-0.4313656453239662,0.7665657647778615
680689.220997,470,1.0,0.3735803269298871,0.9538089534507682,680689.221515-0 680689.220479-1,-7.074049136946192,-16.6507419841734,31.800079529069208,19.718345234452176,14.50024837511732,-24.005523549707622,-0.38725934037595455,-0.4699618716906957,0.79319987547185,-39.98890389996566,14.669341790919212,-20.50229997008247,0.47571063505535627,-0.4313656453239662,0.7665657647778615
680689.2249650001,470,1.0,0.3728464304671607,0.9513454976749599,680689.221515-0 680689.228415-1,-7.16221242719377,-16.675013527318406,32.03352392992323,19.718345234452176,14.50024837511732,-24.005523549707622,-0.38725934037595455,-0.4699618716906957,0.79319987547185,-39.98890389996566,14.669341790919212,-20.50229997008247,0.47346992082252054,-0.42958075780156196,0.76895162825951
680689.2284184999,470,1.0,0.3681601587413095,0.9480724657134528,680689.228422-0 680689.228415-1,-7.369847881254961,-16.41485899540305,31.7339364763707,19.718345234452176,14.50024837511732,-24.005523549707622,-0.39177815639677005,-0.4671449095506253,0.7926446301157195,-39.98890389996566,14.669341790919212,-20.50229997008247,0.47346992082252054,-0.42958075780156196,0.76895162825951
680689.232881,470,1.0,0.3677869131735487,0.9490250204397405,680689.228422-0 680689.23734-1,-7.4124543791343065,-16.49249872428127,31.803220684551732,19.718345234452176,14.50024837511732,-24.005523549707622,-0.39177815639677005,-0.4671449095506253,0.7926446301157195,-39.98890389996566,14.669341790919212,-20.50229997008247,0.472382535316248,-0.4307059531388333,0.7689909767084153
680689.2380895,470,1.0,0.36356342808020203,0.9469783270075557,680689.238839-0 680689.23734-1,-7.5967309481035485,-16.290738353236605,31.52075843191701,19.718345234452176,14.50024837511732,-24.005523549707622,-0.3958177305343057,-0.4654542638144386,0.7916316393952622,-39.98890389996566,14.669341790919212,-20.50229997008247,0.472382535316248,-0.4307059531388333,0.7689909767084153
680689.2426775,471,1.0,0.36406589242731957,0.9449590973377231,680689.238839-0 680689.246516-1,-7.539818518835817,-16.16527787236935,31.443780092012986,19.718345234452176,14.50024837511732,-24.005523549707622,-0.3958177305343057,-0.4654542638144386,0.7916316393952622,-39.98890389996566,14.669341790919212,-20.50229997008247,0.4738370182434307,-0.42851936221102127,0.7693176433388447
680689.2475195,471,1.0,0.359315867059247,0.943529390049866,680689.2485229999-0 680689.246516-1,-7.743317615439803,-15.972417194865372,31.11773855516089,19.718345234452176,14.50024837511732,-24.005523549707622,-0.4003114473818297,-0.4643798063458831,0.7900013547793602,-39.98890389996566,14.669341790919212,-20.50229997008247,0.4738370182434307,-0.42851936221102127,0.7693176433388447
680689.2510205,471,1.0,0.35919104886553904,0.9427537785934956,680689.2485229999-0 680689.253518-1,-7.759889279124277,-15.966813455666616,31.166058980533755,19.718345234452176,14.50024837511732,-24.005523549707622,-0.4003114473818297,-0.4643798063458831,0.7900013547793602,-39.98890389996566,14.669341790919212,-20.50229997008247,0.4734194302625832,-0.42789688814224686,0.7699209674817489
680689.255164,471,1.0,0.35942486359423514,0.945690252413145,680689.2568099999-0 680689.253518-1,-7.749424334321091,-16.06766012559711,31.134836092972535,19.718345234452176,14.50024837511732,-24.005523549707622,-0.4001034101856551,-0.4670140913017732,0.7885525345107885,-39.98890389996566,14.669341790919212,-20.50229997008247,0.4734194302625832,-0.42789688814224686,0.7699209674817489
680689.2585545,471,1.0,0.35888474849225566,0.944465834830086,680689.2568099999-0 680689.260299-1,-7.817673823192546,-16.10492663590717,31.296052185797343,19.718345234452176,14.50024837511732,-24.005523549707622,-0.4001034101856551,-0.4670140913017732,0.7885525345107885,-39.98890389996566,14.669341790919212,-20.50229997008247,0.4716935295591113,-0.42714711982977693,0.7713951984509585
680689.2628425,471,1.0,0.3587235672702117,0.947391126558557,680689.265386-0 680689.260299-1,-7.823987675054671,-16.193653529734462,31.235509454015478,19.718345234452176,14.50024837511732,-24.005523549707622,-0.4002676769318176,-0.4696611083971199,0.7868953107388523,-39.98890389996566,14.669341790919212,-20.50229997008247,0.4716935295591113,-0.42714711982977693,0.7713951984509585
680689.268012,471,1.0,0.35849258891003616,0.9441257270128255,680689.265386-0 680689.270638-1,-7.857933459170988,-16.130152571732108,31.36658043702412,19.718345234452176,14.50024837511732,-24.005523549707622,-0.4002676769318176,-0.4696611083971199,0.7868953107388523,-39.98890389996566,14.669341790919212,-20.50229997008247,0.4708479224310589,-0.42430877789652793,0.7734754649905258
680689.2724349999,471,1.0,0.35966394206894287,0.9450024355831981,680689.274232-0 680689.270638-1,-7.807714019029129,-16.194799845487992,31.43883831613121,19.718345234452176,14.50024837511732,-24.005523549707622,-0.39916180205266355,-0.47039721918139465,0.7870173517581939,-39.98890389996566,14.669341790919212,-20.50229997008247,0.4708479224310589,-0.42430877789652793,0.7734754649905258
680689.2758945,472,1.0,0.35961144262482997,0.9414413623066478,680689.274232-0 680689.2775569999-1,-7.819972148277548,-16.097755885965093,31.53170104531015,19.718345234452176,14.50024837511732,-24.005523549707622,-0.39916180205266355,-0.47039721918139465,0.7870173517581939,-39.98890389996566,14.669341790919212,-20.50229997008247,0.47055267924937033,-0.42106406341892316,0.7754258382001362
680689.2798454999,472,1.0,0.3604163805617141,0.9410312326655546,680689.282134-0 680689.2775569999-1,-7.785534360074248,-16.109636189181806,31.598639082129658,19.718345234452176,14.50024837511732,-24.005523549707622,-0.3983961419602053,-0.4699878513064684,0.7876496262270125,-39.98890389996566,14.669341790919212,-20.50229997008247,0.47055267924937033,-0.42106406341892316,0.7754258382001362
680689.2843444999,472,1.0,0.36019208792252905,0.9389712068422127,680689.282134-0 680689.286555-1,-7.816512598340173,-16.07927991918592,31.700874288543552,19.718345234452176,14.50024837511732,-24.005523549707622,-0.3983961419602053,-0.4699878513064684,0.7876496262270125,-39.98890389996566,14.669341790919212,-20.50229997008247,0.46977762115355426,-0.4193096607633614,0.7768451551331336
680689.2874360001,472,1.0,0.3597693075193068,0.9409794369352873,680689.288317-0 680689.286555-1,-7.834210093877056,-16.13084042502389,31.63557123452017,19.718345234452176,14.50024837511732,-24.005523549707622,-0.39880425179704176,-0.47182210730594265,0.7863453870952515,-39.98890389996566,14.669341790919212,-20.50229997008247,0.46977762115355426,-0.4193096607633614,0.7768451551331336
680689.2906075,472,1.0,0.3593814727103165,0.9385916032082051,680689.288317-0 680689.292898-1,-7.886165542258384,-16.1128145672988,31.7864755554751,19.718345234452176,14.50024837511732,-24.005523549707622,-0.39880425179704176,-0.47182210730594265,0.7863453870952515,-39.98890389996566,14.669341790919212,-20.50229997008247,0.4684752593552981,-0.41735455295182633,0.7786822898347997
680689.2947885001,472,1.0,0.35838193691772147,0.9376591099642534,680689.296679-0 680689.292898-1,-7.929331401419091,-16.051529954458537,31.7268107456134,19.718345234452176,14.50024837511732,-24.005523549707622,-0.39975206504761307,-0.4710319088166428,0.7863378582814886,-39.98890389996566,14.669341790919212,-20.50229997008247,0.4684752593552981,-0.41735455295182633,0.7786822898347997
680689.2989365,472,1.0,0.3574154802788364,0.9346898615836023,680689.296679-0 680689.3011939999-1,-8.05615768805773,-16.09515722132786,32.04052959005249,19.718345234452176,14.50024837511732,-24.005523549707622,-0.39975206504761307,-0.4710319088166428,0.7863378582814886,-39.98890389996566,14.669341790919212,-20.50229997008247,0.4652938181730402,-0.41522361409013725,0.7817231051157938
680689.303229,472,1.0,0.35598632448398176,0.9355104321913051,680689.305264-0 680689.3011939999-1,-8.117339736917875,-16.077191807143112,31.917951417218724,19.718345234452176,14.50024837511732,-24.005523549707622,-0.40111396369881,-0.4718558849997422,0.7851494201213803,-39.98890389996566,14.669341790919212,-20.50229997008247,0.4652938181730402,-0.41522361409013725,0.7817231051157938
680689.3076005001,473,1.0,0.3560381055020792,0.9331299085324887,680689.305264-0 680689.309937-1,-8.114570103093902,-15.999214038472862,31.957069321407317,19.718345234452176,14.50024837511732,-24.005523549707622,-0.40111396369881,-0.4718558849997422,0.7851494201213803,-39.98890389996566,14.669341790919212,-20.50229997008247,0.46537368274155433,-0.4129741617850827,0.7828663213534425
680689.312213,473,1.0,0.35378490241145577,0.9318447053632914,680689.314489-0 680689.309937-1,-8.211119192255351,-15.888248653032319,31.80783548286054,19.718345234452176,14.50024837511732,-24.005523549707622,-0.4032468984892061,-0.4708293821714698,0.7846729457187037,-39.98890389996566,14.669341790919212,-20.50229997008247,0.46537368274155433,-0.4129741617850827,0.7828663213534425
680689.3159575,473,1.0,0.35390349140389377,0.9303522494503268,680689.314489-0 680689.317426-1,-8.198281986726736,-15.827814969956172,31.809700189427346,19.718345234452176,14.50024837511732,-24.005523549707622,-0.4032468984892061,-0.4708293821714698,0.7846729457187037,-39.98890389996566,14.669341790919212,-20.50229997008247,0.4657027234082054,-0.41151180657424613,0.7834404932476879
680689.3191085,473,1.0,0.3538903901176728,0.930339274657823,680689.320791-0 680689.317426-1,-8.198842673263727,-15.826997492086566,31.808927093185453,19.718345234452176,14.50024837511732,-24.005523549707622,-0.4032592581776627,-0.4708184949975223,0.784673126506999,-39.98890389996566,14.669341790919212,-20.50229997008247,0.4657027234082054,-0.41151180657424613,0.7834404932476879
680689.3225505,473,1.0,0.3523634300029843,0.9281659752080995,680689.320791-0 680689.3243099999-1,-8.402142119207463,-15.97298237498279,32.259463360564865,19.718345234452176,14.50024837511732,-24.005523549707622,-0.4032592581776627,-0.4708184949975223,0.784673126506999,-39.98890389996566,14.669341790919212,-20.50229997008247,0.4606200517480429,-0.41045158731248993,0.7869934322472378
680689.3263185,473,1.0,0.3494245250680164,0.9193818092453855,680689.328327-0 680689.3243099999-1,-8.529984116361994,-15.597017578454377,32.17898328261593,19.718345234452176,14.50024837511732,-24.005523549707622,-0.4060351020413426,-0.463054072091178,0.7878555846283342,-39.98890389996566,14.669341790919212,-20.50229997008247,0.4606200517480429,-0.41045158731248993,0.7869934322472378
680689.33069,473,1.0,0.34852381285862044,0.9189893194695771,680689.328327-0 680689.333053-1,-8.652641209554828,-15.71062040792893,32.43294448095915,19.718345234452176,14.50024837511732,-24.005523549707622,-0.4060351020413426,-0.463054072091178,0.7878555846283342,-39.98890389996566,14.669341790919212,-20.50229997008247,0.457565576203567,-0.41062620405100947,0.7886823593945514
680689.3358135,473,1.0,0.34677381893157333,0.9146442156856966,680689.3385739999-0 680689.333053-1,-8.72821703488655,-15.515713232229206,32.36847874454905,19.718345234452176,14.50024837511732,-24.005523549707622,-0.4076877999038902,-0.45923441723858893,0.7892365981333224,-39.98890389996566,14.669341790919212,-20.50229997008247,0.457565576203567,-0.41062620405100947,0.7886823593945514
680689.3398559999,473,1.0,0.3461132844340522,0.9160216562316859,680689.3385739999-0 680689.341138-1,-8.816752578217377,-15.64941351362415,32.52034024520637,19.718345234452176,14.50024837511732,-24.005523549707622,-0.4076877999038902,-0.45923441723858893,0.7892365981333224,-39.98890389996566,14.669341790919212,-20.50229997008247,0.45536053730374054,-0.41230441065930584,0.7890829196081556
680689.3428694999,473,1.0,0.34461805194982487,0.9137837622732347,680689.344601-0 680689.341138-1,-8.880679573851364,-15.531072459202605,32.44055025939312,19.718345234452176,14.50024837511732,-24.005523549707622,-0.40909951889579604,-0.45731421839929326,0.7896209782478372,-39.98890389996566,14.669341790919212,-20.50229997008247,0.45536053730374054,-0.41230441065930584,0.7890829196081556
680689.348066,474,1.0,0.34405753554066837,0.9147548370382079,680689.344601-0 680689.351531-1,-8.957465839504032,-15.63955395902415,32.575749182455894,19.718345234452176,14.50024837511732,-24.005523549707622,-0.40909951889579604,-0.45731421839929326,0.7896209782478372,-39.98890389996566,14.669341790919212,-20.50229997008247,0.4534541318141794,-0.41354546592751196,0.7895311887135588
680689.3533300001,474,1.0,0.3452763413747095,0.9134004326929243,680689.355129-0 680689.351531-1,-8.90620072914363,-15.631515746992294,32.69322438750514,19.718345234452176,14.50024837511732,-24.005523549707622,-0.4079437992321613,-0.45596791980343127,0.7909962786120814,-39.98890389996566,14.669341790919212,-20.50229997008247,0.4534541318141794,-0.41354546592751196,0.7895311887135588
680689.356598,474,1.0,0.3445441686043743,0.9143228435808617,680689.355129-0 680689.3580669999-1,-9.007906852274564,-15.76403941445525,32.87968197953781,19.718345234452176,14.50024837511732,-24.005523549707622,-0.4079437992321613,-0.45596791980343127,0.7909962786120814,-39.98890389996566,14.669341790919212,-20.50229997008247,0.45093716451926585,-0.41484203537069797,0.7902921987118565
680689.3595284999,474,1.0,0.3413014384196783,0.9110698706132755,680689.36099-0 680689.3580669999-1,-9.146246928429282,-15.55817447892162,32.676958595749596,19.718345234452176,14.50024837511732,-24.005523549707622,-0.41101447530233426,-0.45326193254725056,0.7909618964245232,-39.98890389996566,14.669341790919212,-20.50229997008247,0.45093716451926585,-0.41484203537069797,0.7902921987118565
680689.3633665,474,1.0,0.3407230257668972,0.9091735856472614,680689.36099-0 680689.365743-1,-9.234789707077669,-15.585640263690637,32.88884551714743,19.718345234452176,14.50024837511732,-24.005523549707622,-0.41101447530233426,-0.45326193254725056,0.7909618964245232,-39.98890389996566,14.669341790919212,-20.50229997008247,0.44876595833494043,-0.4133986136779316,0.7922819579221064
680689.3689255,474,1.0,0.3405781568631448,0.9071643170085957,680689.372108-0 680689.365743-1,-9.241510737071671,-15.514420463062311,32.90987715306943,19.718345234452176,14.50024837511732,-24.005523549707622,-0.4111505324846539,-0.45142318422481104,0.7919421370162832,-39.98890389996566,14.669341790919212,-20.50229997008247,0.44876595833494043,-0.4133986136779316,0.7922819579221064
680689.373869,474,1.0,0.3400463650576789,0.9043726340192392,680689.372108-0 680689.37563-1,-9.326464748159944,-15.508286239197291,33.13172899359665,19.718345234452176,14.50024837511732,-24.005523549707622,-0.4111505324846539,-0.45142318422481104,0.7919421370162832,-39.98890389996566,14.669341790919212,-20.50229997008247,0.44669309754487496,-0.4110674362079908,0.794662720589782
680689.3773445,474,1.0,0.3399628389227093,0.9019915939918879,680689.3790589999-0 680689.37563-1,-9.330749231951161,-15.426123269903435,33.16341790987107,19.718345234452176,14.50024837511732,-24.005523549707622,-0.41122951629856824,-0.449230484667469,0.7931470586028017,-39.98890389996566,14.669341790919212,-20.50229997008247,0.44669309754487496,-0.4110674362079908,0.794662720589782
680689.3813075,474,1.0,0.3396635949880804,0.9016831000047402,680689.3790589999-0 680689.383556-1,-9.375957614043525,-15.460404895089244,33.25951699957305,19.718345234452176,14.50024837511732,-24.005523549707622,-0.41122951629856824,-0.449230484667469,0.7931470586028017,-39.98890389996566,14.669341790919212,-20.50229997008247,0.44558651031884416,-0.41093882198751847,0.7953502036244067
680689.384877,475,1.0,0.33710994116880616,0.8988359456019631,680689.3861979999-0 680689.383556-1,-9.484689038484209,-15.289476186637406,33.10049554140115,19.718345234452176,14.50024837511732,-24.005523549707622,-0.4136498099923981,-0.44685962315483646,0.7932277805820785,-39.98890389996566,14.669341790919212,-20.50229997008247,0.44558651031884416,-0.41093882198751847,0.7953502036244067
680689.3892585,475,1.0,0.3373111541600617,0.8960419034828837,680689.3861979999-0 680689.392319-1,-9.461543694879603,-15.177036023925687,33.106450377487846,19.718345234452176,14.50024837511732,-24.005523549707622,-0.4136498099923981,-0.44685962315483646,0.7932277805820785,-39.98890389996566,14.669341790919212,-20.50229997008247,0.4461673094180014,-0.4081984320666234,0.796435039450834
680689.3927374999,475,1.0,0.3356160687427334,0.8921860126895315,680689.393156-0 680689.392319-1,-9.533871538055223,-14.999744437632808,33.0323266829832,19.718345234452176,14.50024837511732,-24.005523549707622,-0.415250423047551,-0.4434861350932759,0.7942840387033208,-39.98890389996566,14.669341790919212,-20.50229997008247,0.4461673094180014,-0.4081984320666234,0.796435039450834
680689.3972135,475,1.0,0.3355255408251732,0.8891662008416619,680689.393156-0 680689.401271-1,-9.555571588741318,-14.92317518222616,33.13086753529848,19.718345234452176,14.50024837511732,-24.005523549707622,-0.415250423047551,-0.4434861350932759,0.7942840387033208,-39.98890389996566,14.669341790919212,-20.50229997008247,0.4456506413806816,-0.4054013117677033,0.7981511650395634
680689.400866,475,1.0,0.3339935416968444,0.8885862113113705,680689.400461-0 680689.401271-1,-9.61968477818776,-14.860395379283341,33.01809610901406,19.718345234452176,14.50024837511732,-24.005523549707622,-0.4166918800725194,-0.443126055036934,0.7937299140318657,-39.98890389996566,14.669341790919212,-20.50229997008247,0.4456506413806816,-0.4054013117677033,0.7981511650395634
680689.404843,475,1.0,0.33215134030962734,0.8878693254784109,680689.408415-0 680689.401271-1,-9.696350895801437,-14.784822892746647,32.88349214548681,19.718345234452176,14.50024837511732,-24.005523549707622,-0.41841895078578717,-0.4426788085753701,0.7930706488463759,-39.98890389996566,14.669341790919212,-20.50229997008247,0.4456506413806816,-0.4054013117677033,0.7981511650395634
680689.40823,475,1.0,0.3325031068581338,0.8846896275449857,680689.408415-0 680689.4080449999-1,-9.650905752772488,-14.640863011468712,32.85136993952929,19.718345234452176,14.50024837511732,-24.005523549707622,-0.41841895078578717,-0.4426788085753701,0.7930706488463759,-39.98890389996566,14.669341790919212,-20.50229997008247,0.4467801418190307,-0.4022421632067464,0.7991174801084779
680689.413262,475,1.0,0.332459698882971,0.881931029248826,680689.408415-0 680689.418109-1,-9.664930156861061,-14.565612056096914,32.92844621958317,19.718345234452176,14.50024837511732,-24.005523549707622,-0.41841895078578717,-0.4426788085753701,0.7930706488463759,-39.98890389996566,14.669341790919212,-20.50229997008247,0.44645024729631333,-0.39967071010195876,0.8005907195163184
680689.417993,475,1.0,0.3312737804810391,0.8788521657503262,680689.4178769999-0 680689.418109-1,-9.715075246593187,-14.431711435565642,32.88220308208539,19.718345234452176,14.50024837511732,-24.005523549707622,-0.4195326928083709,-0.4399986495644902,0.7939732413919135,-39.98890389996566,14.669341790919212,-20.50229997008247,0.44645024729631333,-0.39967071010195876,0.8005907195163184
680689.421416,476,1.0,0.32813283301178975,0.8776230158337952,680689.424723-0 680689.418109-1,-9.844204328321263,-14.306604937037124,32.65497897651956,19.718345234452176,14.50024837511732,-24.005523549707622,-0.4224540852155416,-0.4392633469747054,0.7928305354167934,-39.98890389996566,14.669341790919212,-20.50229997008247,0.44645024729631333,-0.39967071010195876,0.8005907195163184
680689.4248985001,476,1.0,0.32815400819084856,0.8746014379864324,680689.424723-0 680689.425074-1,-9.849448915940457,-14.215357224053658,32.71841124767727,19.718345234452176,14.50024837511732,-24.005523549707622,-0.4224540852155416,-0.4392633469747054,0.7928305354167934,-39.98890389996566,14.669341790919212,-20.50229997008247,0.4463372749490184,-0.39683024572338077,0.8020653296772061
680689.4287950001,476,1.0,0.32717241931932267,0.8721010606256444,680689.432516-0 680689.425074-1,-9.890454410210843,-14.107649178516473,32.67945522690275,19.718345234452176,14.50024837511732,-24.005523549707622,-0.4233698223716054,-0.4371042217985753,0.7935350608453899,-39.98890389996566,14.669341790919212,-20.50229997008247,0.4463372749490184,-0.39683024572338077,0.8020653296772061
680689.432513,476,1.0,0.3271242674497489,0.8703325117208727,680689.432516-0 680689.43251-1,-9.903158395904228,-14.062814943996372,32.73516999466075,19.718345234452176,14.50024837511732,-24.005523549707622,-0.4233698223716054,-0.4371042217985753,0.7935350608453899,-39.98890389996566,14.669341790919212,-20.50229997008247,0.4460351949678261,-0.39519408262611305,0.803040622825096
680689.4368050001,476,1.0,0.3269279182754511,0.8675117305156074,680689.432516-0 680689.441094-1,-9.942319313376801,-14.007694021669522,32.860873646108914,19.718345234452176,14.50024837511732,-24.005523549707622,-0.4233698223716054,-0.4371042217985753,0.7935350608453899,-39.98890389996566,14.669341790919212,-20.50229997008247,0.44509126807528515,-0.3926284539331327,0.8048208870582401
680689.4412219999,476,1.0,0.32486868131966745,0.8668619166696999,680689.44135-0 680689.441094-1,-10.026152074024013,-13.9327651979487,32.70950858001409,19.718345234452176,14.50024837511732,-24.005523549707622,-0.42527503033772324,-0.43678777614688497,0.7926900952957008,-39.98890389996566,14.669341790919212,-20.50229997008247,0.44509126807528515,-0.3926284539331327,0.8048208870582401
680689.445698,476,1.0,0.327834069099873,0.8619563408762633,680689.44135-0 680689.450046-1,-9.579441719070896,-13.390081489425448,31.92017698094336,19.718345234452176,14.50024837511732,-24.005523549707622,-0.42527503033772324,-0.43678777614688497,0.7926900952957008,-39.98890389996566,14.669341790919212,-20.50229997008247,0.45611450467399856,-0.3868759443521742,0.801427827260575
680689.450111,476,1.0,0.33426679997429254,0.852504075783141,680689.450176-0 680689.450046-1,-9.324524232708878,-13.247255251592502,32.54196789515004,19.718345234452176,14.50024837511732,-24.005523549707622,-0.41941507818530044,-0.4273993674310287,0.8008874907940409,-39.98890389996566,14.669341790919212,-20.50229997008247,0.45611450467399856,-0.3868759443521742,0.801427827260575
680689.4545229999,477,0.995,0.3439754358580007,0.8398247297577809,680689.450176-0 680689.45887-1,-8.051273239178073,-11.794167860205375,30.188753322209955,19.718345234452176,14.50024837511732,-24.005523549707622,-0.41941507818530044,-0.4273993674310287,0.8008874907940409,-39.98890389996566,14.669341790919212,-20.50229997008247,0.48832624813202913,-0.3725734747491979,0.789130205541902
680689.4588205,477,0.995,0.3665467408297961,0.8212207165118645,680689.458771-0 680689.45887-1,-7.1442973020275105,-11.726378377568373,32.009244813578405,19.718345234452176,14.50024837511732,-24.005523549707622,-0.39887770423211694,-0.4082298500606875,0.8211242089878634,-39.98890389996566,14.669341790919212,-20.50229997008247,0.48832624813202913,-0.3725734747491979,0.789130205541902
680689.4627040001,477,0.99,0.4070438973318541,0.7956147511014449,680689.466538-0 680689.45887-1,-5.308791578296619,-11.87172181680901,35.507896280422855,19.718345234452176,14.50024837511732,-24.005523549707622,-0.3588956941459403,-0.3792684624725161,0.8528477672464395,-39.98890389996566,14.669341790919212,-20.50229997008247,0.48832624813202913,-0.3725734747491979,0.789130205541902
680689.4669305,477,0.99,0.4246240872850212,0.7685795325930481,680689.466538-0 680689.467323-1,-3.799738965199529,-9.806398880697056,32.17023255693748,19.718345234452176,14.50024837511732,-24.005523549707622,-0.3588956941459403,-0.3792684624725161,0.8528477672464395,-39.98890389996566,14.669341790919212,-20.50229997008247,0.5290493546349871,-0.3490466400712566,0.7734812366277996
680689.469971,477,0.995,0.44813116970370215,0.7421269588815672,680689.472619-0 680689.467323-1,-2.6580865306155665,-9.481500507038415,34.25563371461151,19.718345234452176,14.50024837511732,-24.005523549707622,-0.3344857484129794,-0.35201556236544407,0.8741878104624595,-39.98890389996566,14.669341790919212,-20.50229997008247,0.5290493546349871,-0.3490466400712566,0.7734812366277996
680689.474777,477,0.995,0.46675408247239253,0.7055908870575757,680689.472619-0 680689.476935-1,-1.4452898497645759,-7.540521563674128,31.42030212004216,19.718345234452176,14.50024837511732,-24.005523549707622,-0.3344857484129794,-0.35201556236544407,0.8741878104624595,-39.98890389996566,14.669341790919212,-20.50229997008247,0.5638232719483802,-0.3210598416783791,0.7609361971091116
680689.4794439999,477,0.995,0.48337334417893274,0.6891306601410601,680689.481953-0 680689.476935-1,-0.6039566924722433,-7.338231207316223,32.79995231478611,19.718345234452176,14.50024837511732,-24.005523549707622,-0.3165737160803726,-0.33443704374472866,0.8876558714154656,-39.98890389996566,14.669341790919212,-20.50229997008247,0.5638232719483802,-0.3210598416783791,0.7609361971091116
680689.4841115,477,1.0,0.49154596883604806,0.6703510153404085,680689.481953-0 680689.48627-1,-0.15609701267255183,-6.518279511783334,31.71070873866939,19.718345234452176,14.50024837511732,-24.005523549707622,-0.3165737160803726,-0.33443704374472866,0.8876558714154656,-39.98890389996566,14.669341790919212,-20.50229997008247,0.5772311253817213,-0.3074126907598259,0.756506223008347
680689.4873245,478,1.0,0.4981232483850634,0.6674520047928525,680689.488379-0 680689.48627-1,0.18939529686848466,-6.533616015327718,32.221622331472574,19.718345234452176,14.50024837511732,-24.005523549707622,-0.3092778147037107,-0.33042762425376637,0.891720145820486,-39.98890389996566,14.669341790919212,-20.50229997008247,0.5772311253817213,-0.3074126907598259,0.756506223008347
680689.4913905,478,1.0,0.5011882300504034,0.661743847957641,680689.488379-0 680689.494402-1,0.3467189844849905,-6.276412227301842,31.80995959325184,19.718345234452176,14.50024837511732,-24.005523549707622,-0.3092778147037107,-0.33042762425376637,0.891720145820486,-39.98890389996566,14.669341790919212,-20.50229997008247,0.5820238131881924,-0.3035723561835378,0.7543819360529858
680689.4963265,478,1.0,0.503275648731842,0.6648952895423013,680689.498251-0 680689.494402-1,0.45763228367963293,-6.397123486136602,31.932140299587516,19.718345234452176,14.50024837511732,-24.005523549707622,-0.30696667973140057,-0.3326410632370324,0.8916957892595524,-39.98890389996566,14.669341790919212,-20.50229997008247,0.5820238131881924,-0.3035723561835378,0.7543819360529858
680689.4998204999,478,1.0,0.49936051345710386,0.6715799281899248,680689.498251-0 680689.50139-1,0.2569795917648854,-6.71255479654503,32.46878028624572,19.718345234452176,14.50024837511732,-24.005523549707622,-0.30696667973140057,-0.3326410632370324,0.8916957892595524,-39.98890389996566,14.669341790919212,-20.50229997008247,0.5758975992084933,-0.3079976466311074,0.7572842299266458
680689.5036385,478,1.0,0.495400528985809,0.6731991931860802,680689.505887-0 680689.50139-1,0.045313251195533866,-6.697890858634176,32.15640346747778,19.718345234452176,14.50024837511732,-24.005523549707622,-0.31141013794644734,-0.33494979605240155,0.8892875576036298,-39.98890389996566,14.669341790919212,-20.50229997008247,0.5758975992084933,-0.3079976466311074,0.7572842299266458
680689.5066515,478,1.0,0.49404458636806997,0.6750150193432292,680689.505887-0 680689.507416-1,-0.02651099399982826,-6.795198717898469,32.35201115402576,19.718345234452176,14.50024837511732,-24.005523549707622,-0.31141013794644734,-0.33494979605240155,0.8892875576036298,-39.98890389996566,14.669341790919212,-20.50229997008247,0.5737254435303561,-0.3091132002294952,0.7584775177220322
680689.5102225,478,1.0,0.49079067367974555,0.6802441991865994,680689.513029-0 680689.507416-1,-0.1979469614101994,-6.895274246901382,32.05789730433524,19.718345234452176,14.50024837511732,-24.005523549707622,-0.31504688742700976,-0.3401875655346145,0.8860123469671206,-39.98890389996566,14.669341790919212,-20.50229997008247,0.5737254435303561,-0.3091132002294952,0.7584775177220322
680689.5153405,478,1.0,0.48773704149026986,0.6824757188459242,680689.513029-0 680689.517652-1,-0.3644809914862641,-7.067277599318713,32.529948836507906,19.718345234452176,14.50024837511732,-24.005523549707622,-0.31504688742700976,-0.3401875655346145,0.8860123469671206,-39.98890389996566,14.669341790919212,-20.50229997008247,0.5687285921381926,-0.31005617502109184,0.7618483817767151
680689.5189735,479,1.0,0.48562032956675794,0.6836858846436713,680689.5202949999-0 680689.517652-1,-0.47545710052224344,-7.068424695808535,32.35941264520783,19.718345234452176,14.50024837511732,-24.005523549707622,-0.3173853006540798,-0.34169966691440734,0.8845947708184253,-39.98890389996566,14.669341790919212,-20.50229997008247,0.5687285921381926,-0.31005617502109184,0.7618483817767151
680689.522225,479,1.0,0.4839754122246678,0.6871010873080172,680689.5202949999-0 680689.524155-1,-0.567476554897345,-7.226478679140849,32.58791516155564,19.718345234452176,14.50024837511732,-24.005523549707622,-0.3173853006540798,-0.34169966691440734,0.8845947708184253,-39.98890389996566,14.669341790919212,-20.50229997008247,0.5659853818747801,-0.31251778138503095,0.7628847775530962
680689.5268115,479,1.0,0.4792308184558509,0.6901412812576418,680689.5294679999-0 680689.524155-1,-0.8131715049436643,-7.237562713450165,32.204154551538906,19.718345234452176,14.50024837511732,-24.005523549707622,-0.32257764066132355,-0.34534351197827673,0.8812953673314549,-39.98890389996566,14.669341790919212,-20.50229997008247,0.5659853818747801,-0.31251778138503095,0.7628847775530962
680689.5322995,479,1.0,0.4774774342411531,0.6905448139197785,680689.5294679999-0 680689.535131-1,-0.914619811412523,-7.316306921827559,32.49547260090239,19.718345234452176,14.50024837511732,-24.005523549707622,-0.32257764066132355,-0.34534351197827673,0.8812953673314549,-39.98890389996566,14.669341790919212,-20.50229997008247,0.5629876205834247,-0.31232581043603064,0.7651781016242494
680689.5368165,479,1.0,0.4759334856317111,0.6925906488349312,680689.538502-0 680689.535131-1,-0.9936650379495564,-7.350652036911184,32.35970482178911,19.718345234452176,14.50024837511732,-24.005523549707622,-0.32425874889314027,-0.34744012419735537,0.8798531831299934,-39.98890389996566,14.669341790919212,-20.50229997008247,0.5629876205834247,-0.31232581043603064,0.7651781016242494
680689.5398595,479,1.0,0.4740115931173909,0.6912876004825993,680689.538502-0 680689.541217-1,-1.1079468089185536,-7.389288444682386,32.7092613036928,19.718345234452176,14.50024837511732,-24.005523549707622,-0.32425874889314027,-0.34744012419735537,0.8798531831299934,-39.98890389996566,14.669341790919212,-20.50229997008247,0.5596277068949805,-0.3105837450305109,0.7683453435781907
680689.5447259999,479,1.0,0.4690548587886914,0.696082589577329,680689.548235-0 680689.541217-1,-1.359516990170535,-7.447802659584964,32.29105826006714,19.718345234452176,14.50024837511732,-24.005523549707622,-0.3296064166382467,-0.35263277290241346,0.8757909211598676,-39.98890389996566,14.669341790919212,-20.50229997008247,0.5596277068949805,-0.3105837450305109,0.7683453435781907
680689.5505325,480,1.0,0.4656138612941721,0.6977081098950447,680689.548235-0 680689.55283-1,-1.571755225656183,-7.636057656024876,32.873196361706015,19.718345234452176,14.50024837511732,-24.005523549707622,-0.3296064166382467,-0.35263277290241346,0.8757909211598676,-39.98890389996566,14.669341790919212,-20.50229997008247,0.5534515936365566,-0.3109802116282285,0.7726465178054049
680689.5538915,480,1.0,0.46286706438457914,0.7016241976875875,680689.554953-0 680689.55283-1,-1.7097537508837117,-7.705196607122895,32.62576909650731,19.718345234452176,14.50024837511732,-24.005523549707622,-0.3325509891414597,-0.3566046274097977,0.8730652778177335,-39.98890389996566,14.669341790919212,-20.50229997008247,0.5534515936365566,-0.3109802116282285,0.7726465178054049
680689.5576615001,480,1.0,0.46031616848395196,0.7032317438251298,680689.554953-0 680689.56037-1,-1.8732466173217261,-7.862363831917172,33.06355252121983,19.718345234452176,14.50024837511732,-24.005523549707622,-0.3325509891414597,-0.3566046274097977,0.8730652778177335,-39.98890389996566,14.669341790919212,-20.50229997008247,0.5487340207255337,-0.3116624245942072,0.7757303059662227
680689.5622614999,480,1.0,0.45773331763603364,0.7017537739440797,680689.564153-0 680689.56037-1,-2.00356317923921,-7.773992743414549,32.88466473844811,19.718345234452176,14.50024837511732,-24.005523549707622,-0.33529435431800675,-0.3558454064220936,0.8723254797899498,-39.98890389996566,14.669341790919212,-20.50229997008247,0.5487340207255337,-0.3116624245942072,0.7757303059662227
680689.5671165,480,1.0,0.4562066211755293,0.7017722703725675,680689.564153-0 680689.57008-1,-2.1048508244248403,-7.842336292536013,33.166374820449164,19.718345234452176,14.50024837511732,-24.005523549707622,-0.33529435431800675,-0.3558454064220936,0.8723254797899498,-39.98890389996566,14.669341790919212,-20.50229997008247,0.5458307811984752,-0.3112247184574343,0.7779511121640953
680689.5703815001,480,1.0,0.4486009751564987,0.7047004245072244,680689.570683-0 680689.57008-1,-2.480292453520512,-7.800330206172436,32.56604736759825,19.718345234452176,14.50024837511732,-24.005523549707622,-0.3432871213082648,-0.35995984260076536,0.867515339379493,-39.98890389996566,14.669341790919212,-20.50229997008247,0.5458307811984752,-0.3112247184574343,0.7779511121640953
680689.5735454999,480,1.0,0.4468355987924947,0.7046607535713327,680689.570683-0 680689.576408-1,-2.6022708691614262,-7.879890135186306,32.89661984196961,19.718345234452176,14.50024837511732,-24.005523549707622,-0.3432871213082648,-0.35995984260076536,0.867515339379493,-39.98890389996566,14.669341790919212,-20.50229997008247,0.5423713254308205,-0.3106771591630588,0.7805850678336003
680689.5764845,480,1.0,0.44389399975865035,0.7057149622491323,680689.576561-0 680689.576408-1,-2.7450359394346737,-7.8616121962839145,32.666779601260714,19.718345234452176,14.50024837511732,-24.005523549707622,-0.3463396102260182,-0.36147824899483383,0.8656687298800381,-39.98890389996566,14.669341790919212,-20.50229997008247,0.5423713254308205,-0.3106771591630588,0.7805850678336003
680689.5817034999,481,1.0,0.44108376156918033,0.7068421877604414,680689.576561-0 680689.5868459999-1,-2.945341164766333,-8.026820967880246,33.187721309369756,19.718345234452176,14.50024837511732,-24.005523549707622,-0.3463396102260182,-0.36147824899483383,0.8656687298800381,-39.98890389996566,14.669341790919212,-20.50229997008247,0.536730955674703,-0.3108674532542703,0.7843986918192329
680689.58694,481,1.0,0.44303446038259714,0.706383959719451,680689.587034-0 680689.5868459999-1,-2.8499342912238923,-8.046673177071968,33.34075243524762,19.718345234452176,14.50024837511732,-24.005523549707622,-0.34430749368812397,-0.3606729814970715,0.8668144843091947,-39.98890389996566,14.669341790919212,-20.50229997008247,0.536730955674703,-0.3108674532542703,0.7843986918192329
680689.5904305,481,1.0,0.4416855390484587,0.7062493463153254,680689.587034-0 680689.593827-1,-2.9484473555945936,-8.108148213056197,33.607880242155424,19.718345234452176,14.50024837511732,-24.005523549707622,-0.34430749368812397,-0.3606729814970715,0.8668144843091947,-39.98890389996566,14.669341790919212,-20.50229997008247,0.5339649556142504,-0.31034525052344114,0.7864904650746974
680689.5939720001,481,1.0,0.439569640152329,0.7059331026667272,680689.594117-0 680689.593827-1,-3.0526564900369824,-8.061730929111562,33.44891032201011,19.718345234452176,14.50024837511732,-24.005523549707622,-0.34651750065075665,-0.3608361852550368,0.8658653874323338,-39.98890389996566,14.669341790919212,-20.50229997008247,0.5339649556142504,-0.31034525052344114,0.7864904650746974
680689.5977025,481,1.0,0.4393836463548597,0.7043626501201142,680689.594117-0 680689.601288-1,-3.0676699933765867,-8.024892217167483,33.510171132583665,19.718345234452176,14.50024837511732,-24.005523549707622,-0.34651750065075665,-0.3608361852550368,0.8658653874323338,-39.98890389996566,14.669341790919212,-20.50229997008247,0.5335460576297434,-0.3088713373105615,0.7873544953677116
680689.6013094999,481,1.0,0.4381810112654696,0.7074854517711382,680689.601331-0 680689.601288-1,-3.1253192707440647,-8.098739573126597,33.38389990470128,19.718345234452176,14.50024837511732,-24.005523549707622,-0.34776676469777756,-0.36383738776114016,0.8641068409859916,-39.98890389996566,14.669341790919212,-20.50229997008247,0.5335460576297434,-0.3088713373105615,0.7873544953677116
680689.6056629999,481,1.0,0.4372787261574354,0.708594252208709,680689.601331-0 680689.609995-1,-3.1919603648728625,-8.175897630725432,33.546256291842035,19.718345234452176,14.50024837511732,-24.005523549707622,-0.34776676469777756,-0.36383738776114016,0.8641068409859916,-39.98890389996566,14.669341790919212,-20.50229997008247,0.5316848371107229,-0.30960687204847304,0.7883240569505059
680689.6105325,482,1.0,0.4398870864747225,0.7090142754203539,680689.61107-0 680689.609995-1,-3.0635559194026865,-8.234733646647351,33.74290332552501,19.718345234452176,14.50024837511732,-24.005523549707622,-0.34504447034126795,-0.36366763526514134,0.8652688394641135,-39.98890389996566,14.669341790919212,-20.50229997008247,0.5316848371107229,-0.30960687204847304,0.7883240569505059
680689.6144325,482,1.0,0.43830815886625213,0.7097942299698623,680689.61107-0 680689.617795-1,-3.18197715745943,-8.33774910026831,34.049927548398216,19.718345234452176,14.50024837511732,-24.005523549707622,-0.34504447034126795,-0.36366763526514134,0.8652688394641135,-39.98890389996566,14.669341790919212,-20.50229997008247,0.5283804406415127,-0.30985042955697434,0.79044722863126
680689.618158,482,1.0,0.43804678618242193,0.7068472853249164,680689.618521-0 680689.617795-1,-3.196057560683771,-8.242044983501726,34.062314006254965,19.718345234452176,14.50024837511732,-24.005523549707622,-0.3453204738301071,-0.3611004771248897,0.8662333494930378,-39.98890389996566,14.669341790919212,-20.50229997008247,0.5283804406415127,-0.30985042955697434,0.79044722863126
680689.6225185001,482,1.0,0.43641929717723027,0.7119361298629772,680689.618521-0 680689.626516-1,-3.3170167168185962,-8.477961788295918,34.3162602016556,19.718345234452176,14.50024837511732,-24.005523549707622,-0.3453204738301071,-0.3611004771248897,0.8662333494930378,-39.98890389996566,14.669341790919212,-20.50229997008247,0.525015014550233,-0.31401344088234473,0.7910466442897338
680689.626412,482,1.0,0.4354120041457773,0.7125315662712384,680689.626308-0 680689.626516-1,-3.366923619755198,-8.478014698348822,34.22963253520447,19.718345234452176,14.50024837511732,-24.005523549707622,-0.3463793046838252,-0.3618431905945363,0.8655003655152987,-39.98890389996566,14.669341790919212,-20.50229997008247,0.525015014550233,-0.31401344088234473,0.7910466442897338
680689.630191,482,1.0,0.4323161751121288,0.7140952940520072,680689.633866-0 680689.626516-1,-3.5190536777763377,-8.470032107966466,33.968477664476616,19.718345234452176,14.50024837511732,-24.005523549707622,-0.3496138803637167,-0.3638788273342317,0.8633436938293398,-39.98890389996566,14.669341790919212,-20.50229997008247,0.525015014550233,-0.31401344088234473,0.7910466442897338
680689.634686,482,1.0,0.43133759328168386,0.7170577699763621,680689.633866-0 680689.635506-1,-3.593662531556854,-8.610520635329683,34.12409727386642,19.718345234452176,14.50024837511732,-24.005523549707622,-0.3496138803637167,-0.3638788273342317,0.8633436938293398,-39.98890389996566,14.669341790919212,-20.50229997008247,0.5229518768204436,-0.3164423716420854,0.7914452349717622
680689.639256,482,1.0,0.43020017983730224,0.7218426990110844,680689.643006-0 680689.635506-1,-3.6475084381329292,-8.737757629684939,33.98062437118324,19.718345234452176,14.50024837511732,-24.005523549707622,-0.350791826667613,-0.36837177244180974,0.8609572182235764,-39.98890389996566,14.669341790919212,-20.50229997008247,0.5229518768204436,-0.3164423716420854,0.7914452349717622
680689.643314,482,1.0,0.42816597580586346,0.7236079329105862,680689.643006-0 680689.643622-1,-3.8100600729809067,-8.904494895767307,34.38169338319608,19.718345234452176,14.50024837511732,-24.005523549707622,-0.350791826667613,-0.36837177244180974,0.8609572182235764,-39.98890389996566,14.669341790919212,-20.50229997008247,0.5184818185058641,-0.31752794300654424,0.793947485221085
680689.647492,483,1.0,0.4284866771841635,0.7237006114772883,680689.651362-0 680689.643622-1,-3.7942266991120235,-8.913537963598108,34.406209469950575,19.718345234452176,14.50024837511732,-24.005523549707622,-0.35045716845776637,-0.3683904676812098,0.8610854988897352,-39.98890389996566,14.669341790919212,-20.50229997008247,0.5184818185058641,-0.31752794300654424,0.793947485221085
680689.651342,483,1.0,0.42643073588397085,0.7236463459951881,680689.651362-0 680689.651322-1,-3.964517530733996,-9.030693212100756,34.85326114495702,19.718345234452176,14.50024837511732,-24.005523549707622,-0.35045716845776637,-0.3683904676812098,0.8610854988897352,-39.98890389996566,14.669341790919212,-20.50229997008247,0.5138239584041001,-0.3169355001501949,0.7972056375330565
680689.6546935,483,1.0,0.4247642523405152,0.7290562263012113,680689.651362-0 680689.658025-1,-4.100116655458434,-9.29548582257584,35.13046634229673,19.718345234452176,14.50024837511732,-24.005523549707622,-0.35045716845776637,-0.3683904676812098,0.8610854988897352,-39.98890389996566,14.669341790919212,-20.50229997008247,0.5101273299159342,-0.3215235686944868,0.797742252890494
680689.6578599999,483,1.0,0.42061894769266894,0.7292540544110937,680689.657695-0 680689.658025-1,-4.30502487977191,-9.219243094662172,34.78922527933095,19.718345234452176,14.50024837511732,-24.005523549707622,-0.3547906815984335,-0.36940130358936074,0.858874990413273,-39.98890389996566,14.669341790919212,-20.50229997008247,0.5101273299159342,-0.3215235686944868,0.797742252890494
680689.662169,483,1.0,0.4195729699848192,0.7294434410080624,680689.666313-0 680689.658025-1,-4.356113360475806,-9.204695307888125,34.70237908296073,19.718345234452176,14.50024837511732,-24.005523549707622,-0.35587598400610204,-0.3697815235889956,0.8582621445804828,-39.98890389996566,14.669341790919212,-20.50229997008247,0.5101273299159342,-0.3215235686944868,0.797742252890494
680689.666523,483,1.0,0.4195079511886071,0.7312979387290168,680689.666313-0 680689.666733-1,-4.359611483807495,-9.264765636044059,34.684693921472146,19.718345234452176,14.50024837511732,-24.005523549707622,-0.35587598400610204,-0.3697815235889956,0.8582621445804828,-39.98890389996566,14.669341790919212,-20.50229997008247,0.5100302720424476,-0.3232231779637212,0.7971172428365474
680689.670453,483,1.0,0.43410392393317043,0.717301361991922,680689.674173-0 680689.666733-1,-3.630106583274232,-9.104174265753212,36.06180541487451,19.718345234452176,14.50024837511732,-24.005523549707622,-0.3404430477560785,-0.353994885703427,0.871083321003433,-39.98890389996566,14.669341790919212,-20.50229997008247,0.5100302720424476,-0.3232231779637212,0.7971172428365474
680689.6742995,483,1.0,0.44245931806710137,0.7051406920126342,680689.674173-0 680689.674426-1,-2.978222220810144,-8.276011316071813,34.46315311761501,19.718345234452176,14.50024837511732,-24.005523549707622,-0.3404430477560785,-0.353994885703427,0.871083321003433,-39.98890389996566,14.669341790919212,-20.50229997008247,0.5280677079057052,-0.3144857807671399,0.7888239281122862
680689.6793714999,484,0.995,0.47968233886254286,0.6817096940893399,680689.684317-0 680689.674426-1,-0.9289348306510838,-8.222497369306565,37.968377434409945,19.718345234452176,14.50024837511732,-24.005523549707622,-0.29840800134689205,-0.3236088054579466,0.8979031160221205,-39.98890389996566,14.669341790919212,-20.50229997008247,0.5280677079057052,-0.3144857807671399,0.7888239281122862
680689.6831665,484,0.99,0.5037787654047717,0.6436083083972989,680689.684317-0 680689.682016-1,0.5119162972302327,-6.101340576505775,33.88791290938832,19.718345234452176,14.50024837511732,-24.005523549707622,-0.29840800134689205,-0.3236088054579466,0.8979031160221205,-39.98890389996566,14.669341790919212,-20.50229997008247,0.5711388720962777,-0.28924317656770004,0.7682049033881638
680689.68735,484,0.99,0.5345998668596466,0.5934647933269803,680689.684317-0 680689.690383-1,1.9444362698467312,-3.9731258860583214,29.822359983419283,19.718345234452176,14.50024837511732,-24.005523549707622,-0.29840800134689205,-0.3236088054579466,0.8979031160221205,-39.98890389996566,14.669341790919212,-20.50229997008247,0.6159582116014878,-0.2599021163606113,0.7436708757723216
680689.6909045,484,0.99,0.5746195636376619,0.574053431826577,680689.691426-0 680689.690383-1,4.3252608488114515,-3.830828879120528,33.05894840431911,19.718345234452176,14.50024837511732,-24.005523549707622,-0.24868956061593217,-0.29349885581634183,0.9230449198577244,-39.98890389996566,14.669341790919212,-20.50229997008247,0.6159582116014878,-0.2599021163606113,0.7436708757723216
680689.6944895,484,0.99,0.6092925912940872,0.5239341023519875,680689.691426-0 680689.697553-1,5.464201116826705,-2.0334883553612393,29.01834679817039,19.718345234452176,14.50024837511732,-24.005523549707622,-0.24868956061593217,-0.29349885581634183,0.9230449198577244,-39.98890389996566,14.669341790919212,-20.50229997008247,0.6563473884296802,-0.2359835115739061,0.7166030197862598
680689.699852,484,0.99,0.6378469566005516,0.516737218246626,680689.702151-0 680689.697553-1,7.447786082742432,-2.008893121818785,31.39415727212249,19.718345234452176,14.50024837511732,-24.005523549707622,-0.20753083238456949,-0.27417981342791764,0.9390188408750912,-39.98890389996566,14.669341790919212,-20.50229997008247,0.6563473884296802,-0.2359835115739061,0.7166030197862598
680689.7053390001,484,0.99,0.6671663939703187,0.471421381547666,680689.702151-0 680689.708527-1,8.169959954052256,-0.6218517163596866,28.30100091062978,19.718345234452176,14.50024837511732,-24.005523549707622,-0.20753083238456949,-0.27417981342791764,0.9390188408750912,-39.98890389996566,14.669341790919212,-20.50229997008247,0.6855972452758705,-0.21517916501123707,0.6954526182388018
680689.709014,484,0.9698640954494476,0.6844049613601411,0.4818573062750644,680689.709501-0 680689.708527-1,9.501966790286495,-0.9517386972026394,29.676247237529125,19.718345234452176,14.50024837511732,-24.005523549707622,-0.1799280267830354,-0.273311654019959,0.9449479588606122,-39.98890389996566,14.669341790919212,-20.50229997008247,0.6855972452758705,-0.21517916501123707,0.6954526182388018
680689.713243,485,0.9748640954494476,0.7051910906024965,0.45270701457751805,680689.709501-0 680689.716985-1,9.911759181484797,-0.12256985550821398,27.606846752583472,19.718345234452176,14.50024837511732,-24.005523549707622,-0.1799280267830354,-0.273311654019959,0.9449479588606122,-39.98890389996566,14.669341790919212,-20.50229997008247,0.7041502090124176,-0.20353048861744236,0.6802557043868971
680689.7179995,485,0.9655371606349945,0.7189161408822821,0.4535830666126456,680689.719014-0 680689.716985-1,11.131043550345716,-0.15377463353442522,28.870672419789507,19.718345234452176,14.50024837511732,-24.005523549707622,-0.1546351034653935,-0.26450628324333214,0.9519056733211779,-39.98890389996566,14.669341790919212,-20.50229997008247,0.7041502090124176,-0.20353048861744236,0.6802557043868971
680689.721962,485,0.9655371606349945,0.7220979063281578,0.45367207721612157,680689.719014-0 680689.72491-1,11.179850183436457,-0.15477000885205872,28.535246347701822,19.718345234452176,14.50024837511732,-24.005523549707622,-0.1546351034653935,-0.26450628324333214,0.9519056733211779,-39.98890389996566,14.669341790919212,-20.50229997008247,0.7066705602215269,-0.20566711681064853,0.6769916959453701
680689.724954,485,0.9954324662685394,0.7302882775027086,0.4640235194772545,680689.724998-0 680689.72491-1,11.928548198107942,-0.4543833179695662,29.231066980431848,19.718345234452176,14.50024837511732,-24.005523549707622,-0.13949789256506434,-0.2679843846307872,0.9532705322016223,-39.98890389996566,14.669341790919212,-20.50229997008247,0.7066705602215269,-0.20566711681064853,0.6769916959453701
680689.7291295,485,0.9954324662685394,0.7248306756740538,0.47784274092747214,680689.724998-0 680689.733261-1,11.833472161334033,-0.8612689794768524,29.782133257638556,19.718345234452176,14.50024837511732,-24.005523549707622,-0.13949789256506434,-0.2679843846307872,0.9532705322016223,-39.98890389996566,14.669341790919212,-20.50229997008247,0.701547101136584,-0.2142102659748874,0.6796658199717147
680689.733168,485,0.9715883135795593,0.7230432632202269,0.48111459365836406,680689.733075-0 680689.733261-1,11.640618665347708,-0.9477056167119651,29.556789394116343,19.718345234452176,14.50024837511732,-24.005523549707622,-0.14336590909925623,-0.27225858900072625,0.9514838289868501,-39.98890389996566,14.669341790919212,-20.50229997008247,0.701547101136584,-0.2142102659748874,0.6796658199717147
680689.7379125,485,0.9783598184585571,0.7146784313542386,0.4763079491593649,680689.742564-0 680689.733261-1,10.863739109669382,-0.784443655153054,28.784241517366468,19.718345234452176,14.50024837511732,-24.005523549707622,-0.15904431489394302,-0.27356626988489957,0.9486128830461763,-39.98890389996566,14.669341790919212,-20.50229997008247,0.701547101136584,-0.2142102659748874,0.6796658199717147
680689.7426529999,486,0.9783598184585571,0.7047321709848051,0.48927733465171164,680689.742564-0 680689.742742-1,10.68511265419583,-1.1792503331099962,29.8118909910333,19.718345234452176,14.50024837511732,-24.005523549707622,-0.15904431489394302,-0.27356626988489957,0.9486128830461763,-39.98890389996566,14.669341790919212,-20.50229997008247,0.6927106079012658,-0.2192519274881626,0.6870812222683605
680689.746917,486,0.9998069703578949,0.6954983695491331,0.48731887677651986,680689.7510919999-0 680689.742742-1,9.87348565017659,-1.0855133844922413,28.962398613501094,19.718345234452176,14.50024837511732,-24.005523549707622,-0.17552946332160477,-0.2775232667131341,0.944547639846133,-39.98890389996566,14.669341790919212,-20.50229997008247,0.6927106079012658,-0.2192519274881626,0.6870812222683605
680689.7511179999,486,0.9998069703578949,0.6901287231911553,0.4948657313223742,680689.7510919999-0 680689.751144-1,9.766709921826717,-1.315431606192731,29.511109970320796,19.718345234452176,14.50024837511732,-24.005523549707622,-0.17552946332160477,-0.2775232667131341,0.944547639846133,-39.98890389996566,14.669341790919212,-20.50229997008247,0.6878105621611391,-0.22246555512677416,0.6909599896967363
680689.7551279999,486,0.9827252924442291,0.6815452739384709,0.4904120714455309,680689.759112-0 680689.751144-1,9.069892739894721,-1.155976811094198,28.792893338133958,19.718345234452176,14.50024837511732,-24.005523549707622,-0.18983097485414935,-0.2785340446379548,0.9414791484486235,-39.98890389996566,14.669341790919212,-20.50229997008247,0.6878105621611391,-0.22246555512677416,0.6909599896967363
680689.759238,486,0.9827252924442291,0.6785836106077003,0.49230074909048593,680689.759112-0 680689.7593639999-1,9.009698338153417,-1.2188333947751193,29.101995400276174,19.718345234452176,14.50024837511732,-24.005523549707622,-0.18983097485414935,-0.2785340446379548,0.9414791484486235,-39.98890389996566,14.669341790919212,-20.50229997008247,0.6851832370320242,-0.2222966936285638,0.6936195727429592
680689.763128,486,0.945067435503006,0.6726908332856049,0.4902113057640982,680689.766892-0 680689.7593639999-1,8.552230981376677,-1.1387087226299863,28.619860133431374,19.718345234452176,14.50024837511732,-24.005523549707622,-0.1993265234568701,-0.279983810500115,0.9390835973993121,-39.98890389996566,14.669341790919212,-20.50229997008247,0.6851832370320242,-0.2222966936285638,0.6936195727429592
680689.7669764999,486,0.945067435503006,0.6629116433881374,0.4984151896357283,680689.766892-0 680689.767061-1,8.337979047649306,-1.403388008117986,29.64405089048431,19.718345234452176,14.50024837511732,-24.005523549707622,-0.1993265234568701,-0.279983810500115,0.9390835973993121,-39.98890389996566,14.669341790919212,-20.50229997008247,0.6761794309267354,-0.22340151223763935,0.7020492443707435
680689.7718710001,486,0.9437680840492249,0.6558863913281563,0.4992054446329227,680689.776681-0 680689.767061-1,7.805471374048698,-1.3924625471921592,29.04449146996727,19.718345234452176,14.50024837511732,-24.005523549707622,-0.2103800295474652,-0.2843676559413797,0.9353476783645815,-39.98890389996566,14.669341790919212,-20.50229997008247,0.6761794309267354,-0.22340151223763935,0.7020492443707435
680689.776859,487,0.9437680840492249,0.6419705503986695,0.5126695207542127,680689.776681-0 680689.7770369999-1,7.466732385748676,-1.8416829989920203,30.55403037070574,19.718345234452176,14.50024837511732,-24.005523549707622,-0.2103800295474652,-0.2843676559413797,0.9353476783645815,-39.98890389996566,14.669341790919212,-20.50229997008247,0.6625499178368803,-0.22663363908265147,0.7139081173445906
680689.7809049999,487,0.9626511335372925,0.6373939900198213,0.5146736170810285,680689.7847729999-0 680689.7770369999-1,7.127210614629653,-1.8705437707651775,30.146433083482627,19.718345234452176,14.50024837511732,-24.005523549707622,-0.21736994087984168,-0.2883688060646154,0.93252010192315,-39.98890389996566,14.669341790919212,-20.50229997008247,0.6625499178368803,-0.22663363908265147,0.7139081173445906
680689.7851465,487,0.9626511335372925,0.6302640045515979,0.5224680395473225,680689.7847729999-0 680689.78552-1,6.9385600205766425,-2.1410488539150663,30.95393242748382,19.718345234452176,14.50024837511732,-24.005523549707622,-0.21736994087984168,-0.2883688060646154,0.93252010192315,-40.044986146483865,14.807228538875986,-20.217386750876198,0.657176213325978,-0.23151731929954825,0.7172999062476444
680689.7892420001,487,0.9838706254959106,0.6216021589695485,0.5093921041485667,680689.792964-0 680689.78552-1,6.3509117149478636,-1.7252587159216244,30.37151134342631,19.718345234452176,14.50024837511732,-24.005523549707622,-0.22935297505914912,-0.28094720666182255,0.9319151677596177,-40.044986146483865,14.807228538875986,-20.217386750876198,0.657176213325978,-0.23151731929954825,0.7172999062476444
680689.7929645,487,0.9838706254959106,0.6156686964511712,0.5130147817700628,680689.792964-0 680689.792965-1,6.184265422082475,-1.8664115883715215,31.07448468432205,19.718345234452176,14.50024837511732,-24.005523549707622,-0.22935297505914912,-0.28094720666182255,0.9319151677596177,-40.044986146483865,14.807228538875986,-20.217386750876198,0.650878161177045,-0.23102024354559245,0.7231785853956986
680689.7971485,487,0.9658540189266205,0.6167712734964413,0.517952161841852,680689.801332-0 680689.792965-1,6.251703418766773,-2.0119467001714204,31.111420037451428,19.585787113333538,14.680947688726262,-23.61321608092881,-0.22707692938059681,-0.2895424928450983,0.9298393479414202,-40.044986146483865,14.807228538875986,-20.217386750876198,0.650878161177045,-0.23102024354559245,0.7231785853956986
680689.8010175,487,0.9658540189266205,0.610882121377833,0.5257047896194695,680689.801332-0 680689.8007029999-1,6.076401322249395,-2.2825023129465913,31.81075343317975,19.585787113333538,14.680947688726262,-23.61321608092881,-0.22707692938059681,-0.2895424928450983,0.9298393479414202,-40.044986146483865,14.807228538875986,-20.217386750876198,0.6442604114475552,-0.23417054391486894,0.7280746380722521
680689.8047944999,487,0.9658540189266205,0.6042873910498475,0.5264056593539468,680689.801332-0 680689.8082569999-1,5.879081797212879,-2.3622050400705676,32.68597629340298,19.585787113333538,14.680947688726262,-23.61321608092881,-0.22707692938059681,-0.2895424928450983,0.9298393479414202,-40.044986146483865,14.807228538875986,-20.217386750876198,0.6368203458091439,-0.23066013881345923,0.7357008546454721
680689.8091015,487,0.8989191353321075,0.599533162264639,0.5287027893681402,680689.809946-0 680689.8082569999-1,5.543597044655644,-2.3965503119902722,32.25230358858393,19.585787113333538,14.680947688726262,-23.61321608092881,-0.23389734028273418,-0.29381011293670944,0.9268050775350666,-40.044986146483865,14.807228538875986,-20.217386750876198,0.6368203458091439,-0.23066013881345923,0.7357008546454721
680689.813831,488,0.8989191353321075,0.5954763253167978,0.5286546597938999,680689.809946-0 680689.817716-1,5.4154998618051815,-2.4338032864546646,32.80713119439463,19.585787113333538,14.680947688726262,-23.61321608092881,-0.23389734028273418,-0.29381011293670944,0.9268050775350666,-40.044986146483865,14.807228538875986,-20.217386750876198,0.6320948782429027,-0.2280512865492486,0.7405732074564421
680689.817521,488,1.0,0.5886472478013457,0.5288514687143807,680689.817326-0 680689.817716-1,4.951556905861939,-2.3925964170708296,32.22545064951788,19.585787113333538,14.680947688726262,-23.61321608092881,-0.2433502581867181,-0.2970652840164786,0.9233270649518871,-40.044986146483865,14.807228538875986,-20.217386750876198,0.6320948782429027,-0.2280512865492486,0.7405732074564421
680689.8206994999,488,1.0,0.581387818049314,0.5220709745590874,680689.8236829999-0 680689.817716-1,4.486393459490632,-2.1517816696375176,31.70235015676132,19.585787113333538,14.680947688726262,-23.61321608092881,-0.2528977682582772,-0.2942287872799119,0.9216681287457947,-40.044986146483865,14.807228538875986,-20.217386750876198,0.6320948782429027,-0.2280512865492486,0.7405732074564421
680689.8239915,488,1.0,0.5786888611104687,0.5251117639000242,680689.8236829999-0 680689.8243-1,4.392236881350696,-2.26355493389872,32.04475456936481,19.585787113333538,14.680947688726262,-23.61321608092881,-0.2528977682582772,-0.2942287872799119,0.9216681287457947,-40.044986146483865,14.807228538875986,-20.217386750876198,0.6287928166264092,-0.22899841514404246,0.7430876930891425
680689.8286145,488,1.0,0.5742972668798151,0.5266897949471931,680689.832929-0 680689.8243-1,4.11204932689766,-2.281646820900815,31.67712477963937,19.585787113333538,14.680947688726262,-23.61321608092881,-0.2587184978012013,-0.2975374944813592,0.9189864951528095,-40.044986146483865,14.807228538875986,-20.217386750876198,0.6287928166264092,-0.22899841514404246,0.7430876930891425
680689.832685,488,1.0,0.5702815478324272,0.528481518540749,680689.832929-0 680689.832441-1,3.9686581765328652,-2.371690313542298,32.21425505105597,19.585787113333538,14.680947688726262,-23.61321608092881,-0.2587184978012013,-0.2975374944813592,0.9189864951528095,-40.044986146483865,14.807228538875986,-20.217386750876198,0.6238322943800543,-0.22799769383093033,0.7475629204931813
680689.83757,488,1.0,0.5653690014310868,0.5358300808969166,680689.832929-0 680689.842211-1,3.7833321394126775,-2.6387697181841885,32.85288221712454,19.585787113333538,14.680947688726262,-23.61321608092881,-0.2587184978012013,-0.2975374944813592,0.9189864951528095,-40.044986146483865,14.807228538875986,-20.217386750876198,0.6174702949925021,-0.23138274151098473,0.7517928316582523
680689.841778,488,1.0,0.5596532216087212,0.5345928134617476,680689.841345-0 680689.842211-1,3.426652337961718,-2.5631178912363692,32.40071817729472,19.585787113333538,14.680947688726262,-23.61321608092881,-0.2660672358049464,-0.2988303371908079,0.9164653051837495,-40.044986146483865,14.807228538875986,-20.217386750876198,0.6174702949925021,-0.23138274151098473,0.7517928316582523
680689.846582,489,1.0,0.5554976065153122,0.5315969510786569,680689.850953-0 680689.842211-1,3.1756598593348535,-2.449419391013925,32.10102762454489,19.585787113333538,14.680947688726262,-23.61321608092881,-0.2712651767468545,-0.2978916631478143,0.9152462842926635,-40.044986146483865,14.807228538875986,-20.217386750876198,0.6174702949925021,-0.23138274151098473,0.7517928316582523
680689.8504369999,489,1.0,0.5517301447214153,0.5373268572757826,680689.850953-0 680689.849921-1,3.024749647733813,-2.6573507891147736,32.59484163419325,19.585787113333538,14.680947688726262,-23.61321608092881,-0.2712651767468545,-0.2978916631478143,0.9152462842926635,-40.044986146483865,14.807228538875986,-20.217386750876198,0.612435790788143,-0.23403203312444776,0.7550837103482891
680689.8556029999,489,1.0,0.5489755487625507,0.5393800376669947,680689.850953-0 680689.8602529999-1,2.912760806715143,-2.750313891616984,32.98388105508453,19.585787113333538,14.680947688726262,-23.61321608092881,-0.2712651767468545,-0.2978916631478143,0.9152462842926635,-40.044986146483865,14.807228538875986,-20.217386750876198,0.6087085895300695,-0.2340747303736982,0.7580784086311876
680689.858542,489,0.973335325717926,0.5415625712229627,0.5373596460294987,680689.856831-0 680689.8602529999-1,2.470046364010667,-2.6401952652100684,32.41386879104085,19.585787113333538,14.680947688726262,-23.61321608092881,-0.2804475553982668,-0.2990963466321949,0.9120803386228704,-40.044986146483865,14.807228538875986,-20.217386750876198,0.6087085895300695,-0.2340747303736982,0.7580784086311876
680689.8613239999,489,0.9995439052581787,0.5373988348248463,0.539336973716743,680689.862395-0 680689.8602529999-1,2.22695049246871,-2.6694527515194677,32.07286722194139,19.585787113333538,14.680947688726262,-23.61321608092881,-0.2855549908874155,-0.30250439802010803,0.9093676024346701,-40.044986146483865,14.807228538875986,-20.217386750876198,0.6087085895300695,-0.2340747303736982,0.7580784086311876
680689.8663639999,489,0.9995439052581787,0.5372573061359432,0.5378724439489042,680689.862395-0 680689.870333-1,2.2216627907043627,-2.629047231845303,32.10643453397267,19.585787113333538,14.680947688726262,-23.61321608092881,-0.2855549908874155,-0.30250439802010803,0.9093676024346701,-40.044986146483865,14.807228538875986,-20.217386750876198,0.6085337251192946,-0.2326815925917488,0.7586474687635898
680689.8719289999,489,0.9460330307483673,0.5399164010899862,0.5304247295213749,680689.873525-0 680689.870333-1,2.3798105497264146,-2.4312199440369424,32.38327681155456,19.585787113333538,14.680947688726262,-23.61321608092881,-0.28218846414815835,-0.2948309274714716,0.9129317580783435,-40.044986146483865,14.807228538875986,-20.217386750876198,0.6085337251192946,-0.2326815925917488,0.7586474687635898
680689.8751335,489,0.9460330307483673,0.5552397664921871,0.5044233515935175,680689.873525-0 680689.876742-1,2.9966372207172842,-1.5657645219781715,30.465529688402523,19.585787113333538,14.680947688726262,-23.61321608092881,-0.28218846414815835,-0.2948309274714716,0.9129317580783435,-40.044986146483865,14.807228538875986,-20.217386750876198,0.6287813311604358,-0.2202193719434287,0.7457462475969637
680689.87784,490,1.0,0.5750991769111381,0.4859315649163992,680689.878938-0 680689.876742-1,4.209325856322287,-1.1131834628202215,32.157608576303836,19.585787113333538,14.680947688726262,-23.61321608092881,-0.2565123137068611,-0.26931075604164456,0.9282635130161212,-40.044986146483865,14.807228538875986,-20.217386750876198,0.6287813311604358,-0.2202193719434287,0.7457462475969637
680689.8826754999,490,0.995,0.6121538666969121,0.41704491930144305,680689.878938-0 680689.886413-1,5.406723766385925,0.8036797927451325,28.044885301284417,19.585787113333538,14.680947688726262,-23.61321608092881,-0.2565123137068611,-0.26931075604164456,0.9282635130161212,-40.044986146483865,14.807228538875986,-20.217386750876198,0.6709947611140532,-0.18805046133232575,0.717218972525263
680689.8862214999,490,0.99,0.6520375196045565,0.40173342518457955,680689.8860299999-0 680689.886413-1,8.220296415224034,1.3623523591631646,31.391427406717654,19.585787113333538,14.680947688726262,-23.61321608092881,-0.19687503346389537,-0.22959669368600066,0.9531660817753886,-40.044986146483865,14.807228538875986,-20.217386750876198,0.6709947611140532,-0.18805046133232575,0.717218972525263
680689.8905185,490,0.99,0.6844418818744222,0.38505870543961496,680689.894624-0 680689.886413-1,11.178328469622697,2.08901873933715,34.86394519272241,19.585787113333538,14.680947688726262,-23.61321608092881,-0.13884055460664133,-0.18703431512547383,0.9724923986140278,-40.044986146483865,14.807228538875986,-20.217386750876198,0.6709947611140532,-0.18805046133232575,0.717218972525263
680689.8936635,490,0.99,0.7234119318254921,0.3099943253712485,680689.894624-0 680689.892703-1,11.921731623188066,4.0501055605827965,29.976663068609476,19.585787113333538,14.680947688726262,-23.61321608092881,-0.13884055460664133,-0.18703431512547383,0.9724923986140278,-40.044986146483865,14.807228538875986,-20.217386750876198,0.711337514496169,-0.15292099931181846,0.6860131984443792
680689.8978285,490,0.99,0.759347890712349,0.23631834340064428,680689.894624-0 680689.901033-1,12.500326228761434,5.628560657617669,26.152245531644112,19.585787113333538,14.680947688726262,-23.61321608092881,-0.13884055460664133,-0.18703431512547383,0.9724923986140278,-40.044986146483865,14.807228538875986,-20.217386750876198,0.7435313577375945,-0.12005003373757309,0.657836689050175
680689.901862,490,0.99,0.7735487905363612,0.22939684581721898,680689.902691-0 680689.901033-1,14.190140959280338,6.262361015991359,27.79968050800484,19.585787113333538,14.680947688726262,-23.61321608092881,-0.10298321418091479,-0.15783248928598081,0.982081138665619,-40.044986146483865,14.807228538875986,-20.217386750876198,0.7435313577375945,-0.12005003373757309,0.657836689050175
680689.9077900001,490,0.99,0.8058809615652912,0.16804072365684863,680689.902691-0 680689.912889-1,14.564025743522283,7.375841980193355,24.378107563710795,19.585787113333538,14.680947688726262,-23.61321608092881,-0.10298321418091479,-0.15783248928598081,0.982081138665619,-40.044986146483865,14.807228538875986,-20.217386750876198,0.7703403656710986,-0.0966660622963223,0.6302629557715108
680689.9129585,491,0.99,0.8188153426369075,0.1706488498064197,680689.913028-0 680689.912889-1,16.384390953956416,7.89245826386641,25.97245483408882,19.585787113333538,14.680947688726262,-23.61321608092881,-0.06381306991364978,-0.13309507191774345,0.9890468107927989,-40.044986146483865,14.807228538875986,-20.217386750876198,0.7703403656710986,-0.0966660622963223,0.6302629557715108
680689.91667,491,0.99,0.8479374833068996,0.11020637434514291,680689.913028-0 680689.920312-1,16.60315679318858,8.937524811323525,22.745012400767152,19.585787113333538,14.680947688726262,-23.61321608092881,-0.06381306991364978,-0.13309507191774345,0.9890468107927989,-40.044986146483865,14.807228538875986,-20.217386750876198,0.794123435112913,-0.07187517090905632,0.6034914494930819
680689.920055,491,0.99,0.8561716380443535,0.1094251341781668,680689.919798-0 680689.920312-1,18.173025250594712,9.58184989720415,24.029624259725168,19.585787113333538,14.680947688726262,-23.61321608092881,-0.029467059206059295,-0.10577565799847868,0.9939533201296405,-40.044986146483865,14.807228538875986,-20.217386750876198,0.794123435112913,-0.07187517090905632,0.6034914494930819
680689.920312,491,0.99,0.8380242453616837,0.13315166630541475,680689.920312-1,138.89243854957772,71.70023892096762,200.3187069446449,,,,,,,9.173771326550309,101.48644659581682,-281.6417159183037,0.2594373344460548,-0.059572415349698454,0.9639208457258972
680689.927023,491,0.5702946409914689,0.806181372822118,0.057792501789772355,680689.927023-0,157.22273406082542,110.86799707648737,251.85992111718156,24.534086202472377,295.4840989505973,-193.46088196564133,0.26537729571670604,-0.36923220374821986,0.8906416061656457,,,,,,
680689.934447,491,0.99,0.8971909294638095,0.04197494967422388,680689.942319-0 680689.9265749999-1,22.859401225366366,12.980521072364358,24.36475450649524,19.585787113333538,14.680947688726262,-23.61321608092881,0.06810697966293237,-0.012554403308860602,0.9975990308128568,-40.044986146483865,14.807228538875986,-20.217386750876198,0.8153377944873726,-0.046453610832151604,0.5771190023912935
680689.9402545,491,0.99,0.9160423746926446,-0.014342747772969622,680689.942319-0 680689.93819-1,22.64135696143262,13.984779993400483,21.147117783905014,19.585787113333538,14.680947688726262,-23.61321608092881,0.06810697966293237,-0.012554403308860602,0.9975990308128568,-40.044986146483865,14.807228538875986,-20.217386750876198,0.8345987647167787,-0.01391087703266501,0.5506826576472232
680689.9439515,492,0.99,0.9327685174258104,-0.0747134732893131,680689.942319-0 680689.945584-1,22.425640393491502,15.062067475082515,17.95417683456681,19.585787113333538,14.680947688726262,-23.61321608092881,0.06810697966293237,-0.012554403308860602,0.9975990308128568,-40.044986146483865,14.807228538875986,-20.217386750876198,0.8531401819514527,0.02517937204594747,0.5210737271857158
680689.945584,492,0.99,0.9062289074763562,-0.013330268415952418,680689.945584-1,188.43496217692856,118.90535785345682,184.79371046513768,,,,,,,9.173771326550309,101.48644659581682,-281.6417159183037,0.3585223817007565,0.034837822515279906,0.9328708527668828
680689.951241,492,0.45310844284851315,0.8310661259852352,-0.09015894581093309,680689.951241-0,199.48946556308474,179.65969758050124,260.384161281548,24.534086202472377,295.4840989505973,-193.46088196564133,0.3499107587212247,-0.23164880274019212,0.9076900864943787,,,,,,
680689.955077,492,0.99,0.9179416171334832,-0.0642365074698692,680689.955077-1,202.41763870542104,137.89757833592353,178.06584025829653,,,,,,,9.173771326550309,101.48644659581682,-281.6417159183037,0.38648773475774145,0.0728222634802134,0.9194151123532004
680689.961835,492,0.99,0.9283383345004286,-0.1033864944373144,680689.961835-1,215.86315555484686,154.50078193927885,170.54074581082898,,,,,,,9.173771326550309,101.48644659581682,-281.6417159183037,0.41337876845659316,0.10602867068692398,0.9043649234582652
680689.962841,492,0.46429437141999413,0.8307327827579822,-0.1097152437270652,680689.962841-0,203.3379952833444,189.96919112790277,261.39708083655864,24.534086202472377,295.4840989505973,-193.46088196564133,0.3576078181617441,-0.21102981564538906,0.9097159256043998,,,,,,
680689.968976,492,0.99,0.934676455912188,-0.14491032292537454,680689.968976-1,227.55745551209992,172.61379700983025,162.4860432958984,,,,,,,9.173771326550309,101.48644659581682,-281.6417159183037,0.4367673683710992,0.14225470082802685,0.8882555184284043
680689.975309,492,0.40026630811646396,0.8861765274764875,-0.09104732036290364,680689.975309-0,242.3219811184012,187.8240814501041,243.54913331991463,24.534086202472377,295.4840989505973,-193.46088196564133,0.4355757898318576,-0.21532003500098637,0.8740200305711119,,,,,,
680689.9841805,493,0.9493494057745984,0.9828241468709414,-0.29357696668394606,680689.989552-0 680689.978809-1,27.421417374659285,23.45066349182894,12.695582811846634,19.585787113333538,14.680947688726262,-23.61321608092881,0.20559867803159174,0.18630912365997096,0.9607383067374359,-40.044986146483865,14.807228538875986,-20.217386750876198,0.8914757464637044,0.15751740603296685,0.4248049673245668
680689.987802,493,0.9443494057745984,1.006751497013544,-0.35193915796644926,680689.989552-0 680689.986052-1,27.104794767458586,23.836569739971218,11.055277150507765,19.585787113333538,14.680947688726262,-23.61321608092881,0.20559867803159174,0.18630912365997096,0.9607383067374359,-40.044986146483865,14.807228538875986,-20.217386750876198,0.8971342898949951,0.18380280953811848,0.40170460925971085
680689.9912109999,493,0.9493494057745984,1.029603545126649,-0.40789258470122136,680689.989552-0 680689.99287-1,26.90010684017926,24.231024100151803,9.940865274569877,19.585787113333538,14.680947688726262,-23.61321608092881,0.20559867803159174,0.18630912365997096,0.9607383067374359,-40.044986146483865,14.807228538875986,-20.217386750876198,0.9000307167477694,0.20752316141932065,0.3832477610959092
680689.994677,493,0.8,1.0297717418208436,-0.40450594699396825,680689.996484-0 680689.99287-1,27.39163999580643,24.56822828734032,10.133925036437294,19.585787113333538,14.680947688726262,-23.61321608092881,0.21710810405839745,0.1965066862281939,0.9561637900588906,-40.044986146483865,14.807228538875986,-20.217386750876198,0.9000307167477694,0.20752316141932065,0.3832477610959092
680690.0005825,493,0.7949999999999999,1.1082860922218944,-0.5603974758210939,680689.996484-0 680690.004681-1,26.926689465678166,24.91459624663097,7.831287458981759,19.585787113333538,14.680947688726262,-23.61321608092881,0.21710810405839745,0.1965066862281939,0.9561637900588906,-40.044986146483865,14.807228538875986,-20.217386750876198,0.9064320057111158,0.24086280809042157,0.34693821741243813
680690.004681,493,0.99,0.9732974594518154,-0.27131653848550297,680690.004681-1,264.94305968502437,224.1496073037984,130.10556110697013,,,,,,,9.173771326550309,101.48644659581682,-281.6417159183037,0.5115385767169481,0.2453263214159631,0.8234945540505476
680690.010746,494,0.5611868158703563,0.8320570756724187,-0.28074005989567263,680690.010746-0,247.7540531432379,301.28736221032796,253.90828158332502,24.534086202472377,295.4840989505973,-193.46088196564133,0.4464399338815311,0.011606526519461343,0.8947383270979327,,,,,,
680690.01493,494,1.0,0.9745826887954688,-0.2973455589311793,680690.01493-1,266.06614499825855,232.62861542465117,126.77968399137899,,,,,,,9.173771326550309,101.48644659581682,-281.6417159183037,0.5137847473434165,0.26228433765766873,0.8168427998193653
680690.022365,494,0.570137589009708,0.820377158775683,-0.29414488590505683,680690.022365-0,240.79741976816206,308.9109230961365,257.14969375181784,24.534086202472377,295.4840989505973,-193.46088196564133,0.4325266671313794,0.02685364829107846,0.9012211514349182,,,,,,
680690.0296664999,494,0.7833334982395173,1.066941473240322,-0.5914892444969977,680690.036758-0 680690.022575-1,25.725334908989957,26.31654172884207,8.114501488350804,19.585787113333538,14.680947688726262,-23.61321608092881,0.17958519708181372,0.23389949415812747,0.9555313619246929,-40.044986146483865,14.807228538875986,-20.217386750876198,0.8994230663788021,0.2605569560043637,0.3509248072500618
680690.032874,494,0.8,1.0072702463478813,-0.481491359438851,680690.036758-0 680690.02899-1,26.048736483362575,26.598722554675327,9.896520839076416,19.585787113333538,14.680947688726262,-23.61321608092881,0.17958519708181372,0.23389949415812747,0.9555313619246929,-40.044986146483865,14.807228538875986,-20.217386750876198,0.8920602069533131,0.2535939471934339,0.3740570773521953
680690.0365845,494,0.8,0.9772365211014732,-0.4225320333479141,680690.036758-0 680690.036411-1,26.293154278432397,26.70861058133317,11.27278848616368,19.585787113333538,14.680947688726262,-23.61321608092881,0.17958519708181372,0.23389949415812747,0.9555313619246929,-40.044986146483865,14.807228538875986,-20.217386750876198,0.8866224274309112,0.24480728264655954,0.39239019551936544
680690.040722,494,0.7824213385581971,0.9633990947025612,-0.39640877684400544,680690.036758-0 680690.044686-1,26.44057623569274,26.82078270337002,12.086591277377323,19.585787113333538,14.680947688726262,-23.61321608092881,0.17958519708181372,0.23389949415812747,0.9555313619246929,-40.044986146483865,14.807228538875986,-20.217386750876198,0.8831029508390288,0.24150144385928185,0.4022514522450874
680690.046701,495,0.8542948067188263,0.9712391611088809,-0.34550220852039404,680690.0487159999-0 680690.044686-1,27.991790674005248,26.2403810781139,12.954203237430633,19.585787113333538,14.680947688726262,-23.61321608092881,0.21454357738245747,0.20016854619511595,0.9559830576522114,-40.044986146483865,14.807228538875986,-20.217386750876198,0.8831029508390288,0.24150144385928185,0.4022514522450874
680690.0504874999,495,0.8713817596435547,0.9643990560640685,-0.33024617360836794,680690.0487159999-0 680690.052259-1,28.109805894745147,26.220417182961526,13.524972942999515,19.585787113333538,14.680947688726262,-23.61321608092881,0.21454357738245747,0.20016854619511595,0.9559830576522114,-40.044986146483865,14.807228538875986,-20.217386750876198,0.8810967206573805,0.23620708180713956,0.40972525349429606
680690.0542915,495,0.7995082914829255,0.9529382337588295,-0.3859327927267868,680690.056324-0 680690.052259-1,25.404637525208408,26.031175360775986,12.15313368825679,19.585787113333538,14.680947688726262,-23.61321608092881,0.15397184253338014,0.21284188428622128,0.9648787509321402,-40.044986146483865,14.807228538875986,-20.217386750876198,0.8810967206573805,0.23620708180713956,0.40972525349429606
680690.058275,495,0.7849315285682679,0.9481798277379699,-0.37191279653886067,680690.056324-0 680690.060226-1,25.459483053207062,25.917392579109674,12.549392948208439,19.585787113333538,14.680947688726262,-23.61321608092881,0.15397184253338014,0.21284188428622128,0.9648787509321402,-40.044986146483865,14.807228538875986,-20.217386750876198,0.8799524158216419,0.22882045855043806,0.4163231240736257
680690.0648139999,495,0.7849315285682679,0.9432585106161344,-0.3890726563254927,680690.0694019999-0 680690.060226-1,24.09727574350564,25.31997897334817,11.914488714586064,19.585787113333538,14.680947688726262,-23.61321608092881,0.12153989537579615,0.19927187786783845,0.9723778959453294,-40.044986146483865,14.807228538875986,-20.217386750876198,0.8799524158216419,0.22882045855043806,0.4163231240736257
680690.069719,495,0.7981900453567505,0.9372158279753734,-0.37372085530688537,680690.0694019999-0 680690.070036-1,24.153207007215844,25.252918410394628,12.398999494475998,19.585787113333538,14.680947688726262,-23.61321608092881,0.12153989537579615,0.19927187786783845,0.9723778959453294,-40.044986146483865,14.807228538875986,-20.217386750876198,0.8781271281321014,0.22245398691884907,0.42356460019975295
680690.0767975,495,0.7981900453567505,0.9358294930693848,-0.37848559904519274,680690.0835589999-0 680690.070036-1,23.82841189195635,25.13684589012002,12.24168090632925,19.585787113333538,14.680947688726262,-23.61321608092881,0.11363037168403767,0.19693774052836385,0.9738088441714474,-40.044986146483865,14.807228538875986,-20.217386750876198,0.8781271281321014,0.22245398691884907,0.42356460019975295
680690.080075,496,0.7733057320117951,0.9287227094120463,-0.3595440432050996,680690.0835589999-0 680690.076591-1,23.898018560623797,25.03510696999073,12.88533175897689,19.585787113333538,14.680947688726262,-23.61321608092881,0.11363037168403767,0.19693774052836385,0.9738088441714474,-40.044986146483865,14.807228538875986,-20.217386750876198,0.8756405854558005,0.21366801156000706,0.4331276323886711
680690.085071,496,0.8,0.9225483932996721,-0.3449990648309884,680690.0835589999-0 680690.086583-1,23.96540893158687,25.00876774426353,13.492636320433501,19.585787113333538,14.680947688726262,-23.61321608092881,0.11363037168403767,0.19693774052836385,0.9738088441714474,-40.044986146483865,14.807228538875986,-20.217386750876198,0.8729596531426455,0.20808268109262698,0.44118368262479557
680690.0907195001,496,0.995,0.9158015013140315,-0.36496794527889675,680690.094856-0 680690.086583-1,22.660452755989173,24.63201287586225,12.827211067384326,19.585787113333538,14.680947688726262,-23.61321608092881,0.0818569309029691,0.19069170086289544,0.9782311169070234,-40.044986146483865,14.807228538875986,-20.217386750876198,0.8729596531426455,0.20808268109262698,0.44118368262479557
680690.093676,496,0.9397217881679535,0.9091223600006966,-0.3506619288418573,680690.094856-0 680690.092496-1,22.714245594406584,24.64635704752057,13.485652003672218,19.585787113333538,14.680947688726262,-23.61321608092881,0.0818569309029691,0.19069170086289544,0.9782311169070234,-40.044986146483865,14.807228538875986,-20.217386750876198,0.8697157942516073,0.2037348739461622,0.4495403634463064
680690.0980465,496,0.995,0.9019617773975259,-0.3367045835326281,680690.094856-0 680690.101237-1,22.778272642214255,24.710316682600627,14.262886150649269,19.585787113333538,14.680947688726262,-23.61321608092881,0.0818569309029691,0.19069170086289544,0.9782311169070234,-40.044986146483865,14.807228538875986,-20.217386750876198,0.8656693735404923,0.20046659834645272,0.4587261477847248
680690.1041035,496,0.878268301486969,0.9015431585980356,-0.33639435439696896,680690.10697-0 680690.101237-1,22.58995668198269,24.52153595325776,14.180266014109584,19.585787113333538,14.680947688726262,-23.61321608092881,0.07735478625753528,0.18457129708377035,0.9797702145584268,-40.044986146483865,14.807228538875986,-20.217386750876198,0.8656693735404923,0.20046659834645272,0.4587261477847248
680690.1080964999,496,0.878268301486969,0.895023486377473,-0.32577759675973894,680690.10697-0 680690.109223-1,22.648885770094516,24.64731137563603,14.929310569889495,19.585787113333538,14.680947688726262,-23.61321608092881,0.07735478625753528,0.18457129708377035,0.9797702145584268,-40.044986146483865,14.807228538875986,-20.217386750876198,0.8614902461176772,0.19982538687392526,0.4668022821332282
680690.1114635,497,0.9393700957298279,0.88958478492892,-0.340030679630837,680690.113704-0 680690.109223-1,21.8711589780663,24.57390371025693,14.48696436393195,19.585787113333538,14.680947688726262,-23.61321608092881,0.058639940927943245,0.18654765690296454,0.9806943096765582,-40.044986146483865,14.807228538875986,-20.217386750876198,0.8614902461176772,0.19982538687392526,0.4668022821332282
680690.1150165,497,0.9393700957298279,0.88371593134619,-0.32826512471094715,680690.113704-0 680690.116329-1,21.91705602883443,24.62324448812795,15.259353734000793,19.585787113333538,14.680947688726262,-23.61321608092881,0.058639940927943245,0.18654765690296454,0.9806943096765582,-40.044986146483865,14.807228538875986,-20.217386750876198,0.8573169352115745,0.1962795090301727,0.4759012785592275
680690.1184575,497,0.8,0.8907079599450138,-0.30484997565031,680690.120586-0 680690.116329-1,22.28838432334002,23.855364046988896,15.567718102410502,19.585787113333538,14.680947688726262,-23.61321608092881,0.06762911459412657,0.1551406588013259,0.9855747961701867,-40.044986146483865,14.807228538875986,-20.217386750876198,0.8573169352115745,0.1962795090301727,0.4759012785592275
680690.122429,497,0.8,0.8859854975984757,-0.2963974148691908,680690.120586-0 680690.1242719999-1,22.335450093609285,23.922324309158054,16.25752856278793,19.585787113333538,14.680947688726262,-23.61321608092881,0.06762911459412657,0.1551406588013259,0.9855747961701867,-40.044986146483865,14.807228538875986,-20.217386750876198,0.8535170252258657,0.19440277874115208,0.4834420826400073
680690.1281065,497,0.856581300497055,0.8761410230685716,-0.32245159841130433,680690.131941-0 680690.1242719999-1,21.27781630614701,24.196949922660764,15.59220489878362,19.585787113333538,14.680947688726262,-23.61321608092881,0.042556207846091786,0.17156166801067219,0.9842538103777685,-40.044986146483865,14.807228538875986,-20.217386750876198,0.8535170252258657,0.19440277874115208,0.4834420826400073
680690.132264,497,0.856581300497055,0.8700028536227954,-0.3103050411257269,680690.131941-0 680690.132587-1,21.319221473126277,24.251543488121495,16.543489059163264,19.585787113333538,14.680947688726262,-23.61321608092881,0.042556207846091786,0.17156166801067219,0.9842538103777685,-40.044986146483865,14.807228538875986,-20.217386750876198,0.8481868519414582,0.19028214685802372,0.49433973012569055
680690.1361685,497,0.9098281860351562,0.8621401466931047,-0.32891651041846215,680690.13975-0 680690.132587-1,20.424597309009222,24.314201161262368,15.981682589345112,19.585787113333538,14.680947688726262,-23.61321608092881,0.021210943456467544,0.1791184825874128,0.9835988334037761,-40.044986146483865,14.807228538875986,-20.217386750876198,0.8481868519414582,0.19028214685802372,0.49433973012569055
680690.1400695,497,0.9098281860351562,0.8565229663350727,-0.31856146187764356,680690.13975-0 680690.140389-1,20.444382272622047,24.385642221278804,16.861125316277377,19.585787113333538,14.680947688726262,-23.61321608092881,0.021210943456467544,0.1791184825874128,0.9835988334037761,-40.044986146483865,14.807228538875986,-20.217386750876198,0.8430042106864549,0.18722862383391423,0.5042711008794432
680690.1452405,498,0.8542124032974243,0.8526550059640743,-0.3242733270677647,680690.150092-0 680690.140389-1,19.774558391481172,24.01939720320948,16.484729210222007,19.585787113333538,14.680947688726262,-23.61321608092881,0.005215581802935122,0.169117360283392,0.9855821204533057,-40.044986146483865,14.807228538875986,-20.217386750876198,0.8430042106864549,0.18722862383391423,0.5042711008794432
680690.1502165,498,0.8542124032974243,0.8478443090099554,-0.31480063145906967,680690.150092-0 680690.150341-1,19.78021862051245,24.05436968709645,17.28903354379978,19.585787113333538,14.680947688726262,-23.61321608092881,0.005215581802935122,0.169117360283392,0.9855821204533057,-40.044986146483865,14.807228538875986,-20.217386750876198,0.8382123917644798,0.18356718233787,0.5135202779452877
680690.150341,498,1.0,0.8596964297022336,-0.2403278099710986,680690.150341-1,186.51011243488566,198.00481155711634,175.78153157520265,,,,,,,9.173771326550309,101.48644659581682,-281.6417159183037,0.3546726822166707,0.1930367299225991,0.9148464949870126
680690.156939,498,0.49446809842727685,0.752675900411306,-0.18349603354659738,680690.156939-0,161.01573079530212,221.85213977488075,281.88225228285296,24.534086202472377,295.4840989505973,-193.46088196564133,0.27296328918565954,-0.14726391835143307,0.9506862684969887,,,,,,
680690.1655035,498,0.8972223997116089,0.8362960855282392,-0.31487571512299684,680690.173925-0 680690.1570819999-1,18.771254771634453,23.601208158090326,17.550740764931657,19.585787113333538,14.680947688726262,-23.61321608092881,-0.018743034239435487,0.15654650817802512,0.9874927288060237,-40.044986146483865,14.807228538875986,-20.217386750876198,0.832993965869161,0.17949511151169473,0.5233570079486576
680690.1708175,498,0.8972223997116089,0.8336060892891437,-0.30740733176901003,680690.173925-0 680690.16771-1,18.763541218117773,23.54563436162984,18.096293565003545,19.585787113333538,14.680947688726262,-23.61321608092881,-0.018743034239435487,0.15654650817802512,0.9874927288060237,-40.044986146483865,14.807228538875986,-20.217386750876198,0.8298081571343695,0.17440001017182213,0.5300972163719877
680690.174583,498,0.8972223997116089,0.8310009812771127,-0.30243481316141385,680690.173925-0 680690.175241-1,18.755991255820653,23.562118428003828,18.549309777264153,19.585787113333538,14.680947688726262,-23.61321608092881,-0.018743034239435487,0.15654650817802512,0.9874927288060237,-40.044986146483865,14.807228538875986,-20.217386750876198,0.8269682224250399,0.17247208695741162,0.5351419795902063
680690.179975,499,0.9033825695514679,0.8176437910758277,-0.33382108027193347,680690.1847089999-0 680690.175241-1,17.72618428700175,24.16028719628746,17.765486523483546,19.585787113333538,14.680947688726262,-23.61321608092881,-0.04330806911174363,0.18439553840769682,0.9818974979931194,-40.044986146483865,14.807228538875986,-20.217386750876198,0.8269682224250399,0.17247208695741162,0.5351419795902063
680690.1847084999,499,0.9033825695514679,0.8168783338235475,-0.34400505009486393,680690.1847089999-0 680690.1847079999-1,17.728542931046594,24.53688858837728,17.46437245438972,19.585787113333538,14.680947688726262,-23.61321608092881,-0.04330806911174363,0.18439553840769682,0.9818974979931194,-40.044986146483865,14.807228538875986,-20.217386750876198,0.8277887928781432,0.18790576308278548,0.5286370575220987
680690.1882944999,499,0.9033825695514679,0.8154223596331228,-0.3573079377341315,680690.1847089999-0 680690.1918799999-1,17.727700109457178,25.061779203766,17.11308223234549,19.585787113333538,14.680947688726262,-23.61321608092881,-0.04330806911174363,0.18439553840769682,0.9818974979931194,-40.044986146483865,14.807228538875986,-20.217386750876198,0.8282689579116327,0.20900793100772155,0.5198905828497471
680690.1939589999,499,0.5297521801024895,0.711360248842741,-0.2193824262003492,680690.1939589999-0,137.7267141695965,238.7750067064037,290.24513188030596,24.534086202472377,295.4840989505973,-193.46088196564133,0.22638525593424827,-0.1134181844883872,0.9674120276918946,,,,,,
680690.2008505,499,0.9023609757423401,0.7885680952839783,-0.4144557773735573,680690.209821-0 680690.1918799999-1,15.652870439080663,25.8678906923181,15.572623433596789,19.585787113333538,14.680947688726262,-23.61321608092881,-0.09532958568673171,0.22855317404624204,0.9688527838253778,-40.044986146483865,14.807228538875986,-20.217386750876198,0.8282689579116327,0.20900793100772155,0.5198905828497471
680690.206311,499,0.9023609757423401,0.781142745712612,-0.4074856002383709,680690.209821-0 680690.202801-1,15.564213622816249,26.17396501825546,16.426974767223893,19.585787113333538,14.680947688726262,-23.61321608092881,-0.09532958568673171,0.22855317404624204,0.9688527838253778,-40.044986146483865,14.807228538875986,-20.217386750876198,0.8215158567551113,0.21380968901649208,0.5285802814924014
680690.21019,499,0.9023609757423401,0.7773673747218254,-0.3967968206550947,680690.209821-0 680690.210559-1,15.504994486760467,26.091432331389274,17.149465004279154,19.585787113333538,14.680947688726262,-23.61321608092881,-0.09532958568673171,0.22855317404624204,0.9688527838253778,-40.044986146483865,14.807228538875986,-20.217386750876198,0.8169625744736967,0.2056053400240647,0.5387936488702313
680690.2140185,500,0.8517127335071564,0.7734953303720952,-0.4032106196652743,680690.217478-0 680690.210559-1,15.161020229819899,26.063695382594798,16.909444009679834,19.585787113333538,14.680947688726262,-23.61321608092881,-0.1039186883103648,0.22981336775941344,0.9676707716051622,-40.044986146483865,14.807228538875986,-20.217386750876198,0.8169625744736967,0.2056053400240647,0.5387936488702313
680690.218999,500,0.8517127335071564,0.7648515531966054,-0.3911789092153173,680690.217478-0 680690.22052-1,15.031514991736248,26.289552271974756,18.14853699362742,19.585787113333538,14.680947688726262,-23.61321608092881,-0.1039186883103648,0.22981336775941344,0.9676707716051622,-40.044986146483865,14.807228538875986,-20.217386750876198,0.8077163172419243,0.20484526177984777,0.5528406367005673
680690.2224109999,500,0.8699143528938293,0.7613468778013877,-0.3955577849530876,680690.224302-0 680690.22052-1,14.674614413230024,26.138558476767216,17.91576169147919,19.585787113333538,14.680947688726262,-23.61321608092881,-0.11266754259049536,0.22656920087226537,0.9674566770986295,-40.044986146483865,14.807228538875986,-20.217386750876198,0.8077163172419243,0.20484526177984777,0.5528406367005673
680690.2263515,500,0.8699143528938293,0.7590896812827083,-0.39018367747709326,680690.224302-0 680690.228401-1,14.632387322644298,26.117867998524435,18.328791063552345,19.585787113333538,14.680947688726262,-23.61321608092881,-0.11266754259049536,0.22656920087226537,0.9674566770986295,-40.044986146483865,14.807228538875986,-20.217386750876198,0.8048919452400474,0.20124728624050145,0.5582548578100563
680690.2313379999,500,0.9476796984672546,0.7372464286589013,-0.42816868107142647,680690.2342749999-0 680690.228401-1,12.988499763942041,26.41929306014967,17.02708158534752,19.585787113333538,14.680947688726262,-23.61321608092881,-0.15368309434180188,0.24915369875181378,0.95619241835094,-40.044986146483865,14.807228538875986,-20.217386750876198,0.8048919452400474,0.20124728624050145,0.5582548578100563
680690.236916,500,0.9476796984672546,0.7340475020222726,-0.42274509571601837,680690.2342749999-0 680690.239557-1,12.91796625542033,26.46144693861389,17.497290140536556,19.585787113333538,14.680947688726262,-23.61321608092881,-0.15368309434180188,0.24915369875181378,0.95619241835094,-40.044986146483865,14.807228538875986,-20.217386750876198,0.8012403434216131,0.19933110810055826,0.5641640022342961
680690.241607,500,0.54092163204368,0.703863540498064,-0.2268288630258759,680690.241607-0,133.58817812972973,242.57433602653924,291.6244322021257,24.534086202472377,295.4840989505973,-193.46088196564133,0.21810818385451466,-0.10581952584811614,0.9701706283355341,,,,,,
680690.2469745,501,0.8668550848960876,0.7281319885710313,-0.427962414632695,680690.254392-0 680690.239557-1,12.353956449715874,26.103158508567656,17.150447713437327,19.585787113333538,14.680947688726262,-23.61321608092881,-0.1679549623550098,0.23933636421270565,0.9562997623056122,-40.044986146483865,14.807228538875986,-20.217386750876198,0.8012403434216131,0.19933110810055826,0.5641640022342961
680690.250177,501,0.8668550848960876,0.7262422261045275,-0.4235107289919937,680690.254392-0 680690.245962-1,12.305022255193794,26.07818717336559,17.468036251491124,19.585787113333538,14.680947688726262,-23.61321608092881,-0.1679549623550098,0.23933636421270565,0.9562997623056122,-40.044986146483865,14.807228538875986,-20.217386750876198,0.7988863021742689,0.19617209155290213,0.5685922851165697
680690.254387,501,0.8668550848960876,0.7242705605034272,-0.4199587358335668,680690.254392-0 680690.254382-1,12.257161550994947,26.092612138819977,17.762412617236908,19.585787113333538,14.680947688726262,-23.61321608092881,-0.1679549623550098,0.23933636421270565,0.9562997623056122,-40.044986146483865,14.807228538875986,-20.217386750876198,0.7965733251832432,0.19462309629158384,0.5723572206204689
680690.257763,501,0.8668550848960876,0.7210305921655239,-0.4143133670737278,680690.254392-0 680690.261134-1,12.178368436143014,26.12424644680266,18.243349448586336,19.585787113333538,14.680947688726262,-23.61321608092881,-0.1679549623550098,0.23933636421270565,0.9562997623056122,-40.044986146483865,14.807228538875986,-20.217386750876198,0.7927556326155591,0.19241323567737084,0.5783732823120974
680690.261185,501,0.9039770662784576,0.6915077596541416,-0.4627976240049696,680690.261236-0 680690.261134-1,10.232032512824052,26.66561248290492,16.563221963916728,19.585787113333538,14.680947688726262,-23.61321608092881,-0.21766378833803585,0.2735762223369223,0.9368983540481824,-40.044986146483865,14.807228538875986,-20.217386750876198,0.7927556326155591,0.19241323567737084,0.5783732823120974
680690.2668475,501,0.9039770662784576,0.6894429968361843,-0.45879578019964806,680690.261236-0 680690.272459-1,10.169898873778049,26.666285551878147,16.86003289843492,19.585787113333538,14.680947688726262,-23.61321608092881,-0.21766378833803585,0.2735762223369223,0.9368983540481824,-40.044986146483865,14.807228538875986,-20.217386750876198,0.7902708161455072,0.19019997087500412,0.5824912087129398
680690.272478,501,0.8626325130462646,0.6832722588394037,-0.4638140229494736,680690.2724969999-0 680690.272459-1,9.689774993820253,26.3845195632181,16.55222003918604,19.585787113333538,14.680947688726262,-23.61321608092881,-0.23009553468852328,0.26601275681841896,0.9361053670000334,-40.044986146483865,14.807228538875986,-20.217386750876198,0.7902708161455072,0.19019997087500412,0.5824912087129398
680690.2757019999,501,0.8626325130462646,0.6811590285168995,-0.45930230364366365,680690.2724969999-0 680690.278907-1,9.62190716111808,26.36473345913933,16.864366297481368,19.585787113333538,14.680947688726262,-23.61321608092881,-0.23009553468852328,0.26601275681841896,0.9361053670000334,-40.044986146483865,14.807228538875986,-20.217386750876198,0.7876627594339437,0.18716884006465093,0.5869882475056537
680690.2803354999,502,0.8999952971935272,0.6760926326609262,-0.46441954762081417,680690.281764-0 680690.278907-1,9.26102401805592,26.23238490458457,16.608127664450066,19.585787113333538,14.680947688726262,-23.61321608092881,-0.23947208773826834,0.26336184601870233,0.9345018230350844,-40.044986146483865,14.807228538875986,-20.217386750876198,0.7876627594339437,0.18716884006465093,0.5869882475056537
680690.284128,502,0.8999952971935272,0.6736580032342683,-0.45872975727488163,680690.281764-0 680690.286492-1,9.178299131758742,26.18639446298185,16.979572383098844,19.585787113333538,14.680947688726262,-23.61321608092881,-0.23947208773826834,0.26336184601870233,0.9345018230350844,-40.044986146483865,14.807228538875986,-20.217386750876198,0.7845667302265873,0.18277216305925925,0.5924942043870142
680690.288635,502,0.8892297148704529,0.6698962577692184,-0.46247725758578806,680690.290778-0 680690.286492-1,8.916355205211607,26.093112548962967,16.790539745568104,19.585787113333538,14.680947688726262,-23.61321608092881,-0.24627129939307113,0.26152558823413613,0.9332495988716188,-40.044986146483865,14.807228538875986,-20.217386750876198,0.7845667302265873,0.18277216305925925,0.5924942043870142
680690.29257,502,0.8892297148704529,0.6677049955685763,-0.4576012399442233,680690.290778-0 680690.294362-1,8.841281561600653,26.059917775644106,17.11388338163834,19.585787113333538,14.680947688726262,-23.61321608092881,-0.24627129939307113,0.26152558823413613,0.9332495988716188,-40.044986146483865,14.807228538875986,-20.217386750876198,0.7818036176444827,0.1792313452257498,0.5972095346916086
680690.2966785,502,0.8773461580276489,0.6653335396811267,-0.45995830837028584,680690.298995-0 680690.294362-1,8.678927491651507,26.004690736013064,16.99476493958028,19.585787113333538,14.680947688726262,-23.61321608092881,-0.25047753864200006,0.26048204615903503,0.9324216354550379,-40.044986146483865,14.807228538875986,-20.217386750876198,0.7818036176444827,0.1792313452257498,0.5972095346916086
680690.3006645,502,0.8773461580276489,0.6653810457956767,-0.4578003246569282,680690.298995-0 680690.302334-1,8.670590693416896,25.91040247208933,17.060332827875715,19.585787113333538,14.680947688726262,-23.61321608092881,-0.25047753864200006,0.26048204615903503,0.9324216354550379,-40.044986146483865,14.807228538875986,-20.217386750876198,0.781501521695712,0.17527631143879882,0.598776741562075
680690.305482,502,0.9506910145282745,0.6255475976550522,-0.5147650595230768,680690.30863-0 680690.302334-1,6.399820988527049,26.528450497957383,14.977607140346052,19.585787113333538,14.680947688726262,-23.61321608092881,-0.3107569298577727,0.3007690516787492,0.9016474411307543,-40.044986146483865,14.807228538875986,-20.217386750876198,0.781501521695712,0.17527631143879882,0.598776741562075
680690.310699,502,0.9506910145282745,0.6250720288817433,-0.5129243352458401,680690.30863-0 680690.312768-1,6.378339935194841,26.48454724472303,15.061272871937664,19.585787113333538,14.680947688726262,-23.61321608092881,-0.3107569298577727,0.3007690516787492,0.9016474411307543,-40.044986146483865,14.807228538875986,-20.217386750876198,0.7808150620654334,0.17294643147391917,0.6003477081593552
680690.3147125,503,0.9081158339977264,0.6023529130407986,-0.5634019432344544,680690.316657-0 680690.312768-1,5.265953811001898,27.896602815919707,13.561609764962796,19.585787113333538,14.680947688726262,-23.61321608092881,-0.34161367245785906,0.3667116219439289,0.8653454137632598,-40.044986146483865,14.807228538875986,-20.217386750876198,0.7808150620654334,0.17294643147391917,0.6003477081593552
680690.318595,503,0.9081158339977264,0.5992379184007494,-0.5574454617994327,680690.316657-0 680690.3205329999-1,5.149901111480491,27.927050790313082,13.888625833630332,19.585787113333538,14.680947688726262,-23.61321608092881,-0.34161367245785906,0.3667116219439289,0.8653454137632598,-40.044986146483865,14.807228538875986,-20.217386750876198,0.7773204471322365,0.17119466856305351,0.6053637814783158
680690.321777,503,0.885270744562149,0.5966462024643744,-0.5585314670445016,680690.323021-0 680690.3205329999-1,4.994780833671096,27.80586895144167,13.804833210661517,19.585787113333538,14.680947688726262,-23.61321608092881,-0.3457495855805968,0.363004873276926,0.8652656736795055,-40.044986146483865,14.807228538875986,-20.217386750876198,0.7773204471322365,0.17119466856305351,0.6053637814783158
680690.3257335001,503,0.885270744562149,0.5947246580598092,-0.5547671429931642,680690.323021-0 680690.328446-1,4.9211668317434825,27.816464234799028,14.01195367698195,19.585787113333538,14.680947688726262,-23.61321608092881,-0.3457495855805968,0.363004873276926,0.8652656736795055,-40.044986146483865,14.807228538875986,-20.217386750876198,0.7751119503027629,0.16977522557405159,0.6085867541108062
680690.3307675,503,0.9117850065231323,0.5745201246933711,-0.5790037709771061,680690.333089-0 680690.328446-1,3.8239828878502813,27.76725473450172,13.057843874737053,19.585787113333538,14.680947688726262,-23.61321608092881,-0.37559365397249866,0.3698140999785289,0.8498040589174998,-40.044986146483865,14.807228538875986,-20.217386750876198,0.7751119503027629,0.16977522557405159,0.6085867541108062
680690.3367625,503,0.9117850065231323,0.5744987070864352,-0.5781468049773058,680690.333089-0 680690.340436-1,3.8211051480058513,27.72999608565644,13.077386873088283,19.585787113333538,14.680947688726262,-23.61321608092881,-0.37559365397249866,0.3698140999785289,0.8498040589174998,-40.044986146483865,14.807228538875986,-20.217386750876198,0.7750159914431639,0.1681474605771077,0.6091606064978593
680690.3407965,503,0.8633397817611694,0.5714941813741409,-0.5804146165572193,680690.3411569999-0 680690.340436-1,3.6586354024995886,27.65498374725187,12.966333324247522,19.585787113333538,14.680947688726262,-23.61321608092881,-0.37998442725725956,0.3679974863634356,0.8486399030638173,-40.044986146483865,14.807228538875986,-20.217386750876198,0.7750159914431639,0.1681474605771077,0.6091606064978593
680690.344833,503,0.8633397817611694,0.5719519018653717,-0.5800417494574748,680690.3411569999-0 680690.348509-1,3.6733705649021413,27.591143631989354,12.949075279336899,19.585787113333538,14.680947688726262,-23.61321608092881,-0.37998442725725956,0.3679974863634356,0.8486399030638173,-40.044986146483865,14.807228538875986,-20.217386750876198,0.7754122856481077,0.165802906545885,0.6092989278235388
680690.3501025001,504,0.9023799002170563,0.5915757409963347,-0.5553674654414014,680690.351696-0 680690.348509-1,4.720086622150515,27.564986515119,13.889576999684913,19.585787113333538,14.680947688726262,-23.61321608092881,-0.35141268156730887,0.3586237814897788,0.8648110259378313,-40.044986146483865,14.807228538875986,-20.217386750876198,0.7754122856481077,0.165802906545885,0.6092989278235388
680690.3555254999,504,0.9023799002170563,0.589305000667583,-0.5503385096342919,680690.351696-0 680690.359355-1,4.629382801709519,27.543330449947668,14.150112589925918,19.585787113333538,14.680947688726262,-23.61321608092881,-0.35141268156730887,0.3586237814897788,0.8648110259378313,-40.044986146483865,14.807228538875986,-20.217386750876198,0.7726997947102278,0.16271567029789985,0.6135622526641262
680690.358738,504,0.9043729305267334,0.6000571412616006,-0.537092734457415,680690.358121-0 680690.359355-1,5.220582349258403,27.511078350466263,14.690116261328253,19.585787113333538,14.680947688726262,-23.61321608092881,-0.3354520480603664,0.35265323809919735,0.8735603110891981,-40.044986146483865,14.807228538875986,-20.217386750876198,0.7726997947102278,0.16271567029789985,0.6135622526641262
680690.363924,504,0.9079423248767853,0.5965850367087084,-0.539837169077263,680690.3684929999-0 680690.359355-1,5.019156519302087,27.4292572246802,14.545337245381674,19.585787113333538,14.680947688726262,-23.61321608092881,-0.3408207022420655,0.3509195653974127,0.8721792863537383,-40.044986146483865,14.807228538875986,-20.217386750876198,0.7726997947102278,0.16271567029789985,0.6135622526641262
680690.3681119999,504,0.9079423248767853,0.5938516122812638,-0.5365023213432267,680690.3684929999-0 680690.367731-1,4.918453650024519,27.525618533245655,14.806563056772497,19.585787113333538,14.680947688726262,-23.61321608092881,-0.3408207022420655,0.3509195653974127,0.8721792863537383,-40.044986146483865,14.807228538875986,-20.217386750876198,0.7696697337413,0.16419043030275574,0.6169683975371772
680690.3732075,504,0.9079423248767853,0.592071710788671,-0.5328057961194548,680690.3684929999-0 680690.377922-1,4.846037447642477,27.510926213507016,15.020503121169853,19.585787113333538,14.680947688726262,-23.61321608092881,-0.3408207022420655,0.3509195653974127,0.8721792863537383,-40.044986146483865,14.807228538875986,-20.217386750876198,0.7674573591773484,0.16183422499392142,0.6203377188799237
680690.3771485,504,0.9407906532287598,0.5837836014503764,-0.544578045889216,680690.376375-0 680690.377922-1,4.401757488438754,27.65027575437069,14.559286905148763,19.585787113333538,14.680947688726262,-23.61321608092881,-0.35280855255136157,0.36007266595455206,0.8636398557726447,-40.044986146483865,14.807228538875986,-20.217386750876198,0.7674573591773484,0.16183422499392142,0.6203377188799237
680690.3825845,504,0.9522189199924469,0.5809016139658518,-0.5469661274762896,680690.387247-0 680690.377922-1,4.24042538886573,27.59615373702116,14.436299295889931,19.585787113333538,14.680947688726262,-23.61321608092881,-0.35710773541558083,0.3591652089287446,0.8622496262692878,-40.044986146483865,14.807228538875986,-20.217386750876198,0.7674573591773484,0.16183422499392142,0.6203377188799237
680690.3868515,505,0.9522189199924469,0.5791618280881322,-0.5445764339914783,680690.387247-0 680690.386456-1,4.172751236888843,27.647730356353122,14.605754145941535,19.585787113333538,14.680947688726262,-23.61321608092881,-0.35710773541558083,0.3591652089287446,0.8622496262692878,-40.044986146483865,14.807228538875986,-20.217386750876198,0.7654653557015746,0.16236226881077317,0.622656633215515
680690.3913755,505,0.9522189199924469,0.5778473316563935,-0.5422095431318565,680690.387247-0 680690.395504-1,4.1191652507169305,27.657072223987203,14.749565206736833,19.585787113333538,14.680947688726262,-23.61321608092881,-0.35710773541558083,0.3591652089287446,0.8622496262692878,-40.044986146483865,14.807228538875986,-20.217386750876198,0.763874324344248,0.16149517130481034,0.6248322384871388
680690.3945780001,505,0.9500413239002228,0.5655828172684592,-0.5535970135239994,680690.393652-0 680690.395504-1,3.452855375401139,27.52183791264873,14.19659923359146,19.585787113333538,14.680947688726262,-23.61321608092881,-0.37489419334160623,0.3590021291300552,0.8547349384919476,-40.044986146483865,14.807228538875986,-20.217386750876198,0.763874324344248,0.16149517130481034,0.6248322384871388
680690.3992989999,505,0.9985838234424591,0.5550161803614495,-0.5615328171529712,680690.403094-0 680690.395504-1,2.891065420309692,27.311714074494265,13.772048582440675,19.585787113333538,14.680947688726262,-23.61321608092881,-0.3898933558348725,0.35483770124900266,0.8497490081477852,-40.044986146483865,14.807228538875986,-20.217386750876198,0.763874324344248,0.16149517130481034,0.6248322384871388
680690.4031455,505,0.9985838234424591,0.5534293349611922,-0.5587905632148991,680690.403094-0 680690.403197-1,2.8250706877901166,27.334014003150525,13.928095661721695,19.585787113333538,14.680947688726262,-23.61321608092881,-0.3898933558348725,0.35483770124900266,0.8497490081477852,-40.044986146483865,14.807228538875986,-20.217386750876198,0.7620110590344447,0.16103966158707875,0.6272203546642304
680690.4075205,505,1.0,0.546094020194582,-0.5661679836076963,680690.411844-0 680690.403197-1,2.449578018225832,27.300121869636108,13.596063057732163,19.585787113333538,14.680947688726262,-23.61321608092881,-0.399995762948606,0.35640091158973536,0.844382484328736,-40.044986146483865,14.807228538875986,-20.217386750876198,0.7620110590344447,0.16103966158707875,0.6272203546642304
680690.4125155,505,1.0,0.5462475455921622,-0.5668147532764085,680690.411844-0 680690.413187-1,2.456878744384886,27.317847390993947,13.57332526665256,19.585787113333538,14.680947688726262,-23.61321608092881,-0.399995762948606,0.35640091158973536,0.844382484328736,-40.044986146483865,14.807228538875986,-20.217386750876198,0.7622210198332737,0.16192569005190255,0.6267369367011485
680690.417345,505,1.0,0.5441251482202997,-0.5671525561036921,680690.421503-0 680690.413187-1,2.3455239212200407,27.212761407741283,13.516216883871973,19.585787113333538,14.680947688726262,-23.61321608092881,-0.4029304494642157,0.3529349914008524,0.8444429789745693,-40.044986146483865,14.807228538875986,-20.217386750876198,0.7622210198332737,0.16192569005190255,0.6267369367011485
680690.4211289999,506,1.0,0.5404031128935899,-0.5604319685285548,680690.421503-0 680690.420755-1,2.1867142449473,27.253351250911983,13.880341308704221,19.585787113333538,14.680947688726262,-23.61321608092881,-0.4029304494642157,0.3529349914008524,0.8444429789745693,-40.044986146483865,14.807228538875986,-20.217386750876198,0.7578012383396828,0.16044060081940556,0.6324524462594412
680690.4273214999,506,1.0,0.537889347041109,-0.5553125788227116,680690.421503-0 680690.43314-1,2.0763081543551056,27.242778455130562,14.14444942085995,19.585787113333538,14.680947688726262,-23.61321608092881,-0.4029304494642157,0.3529349914008524,0.8444429789745693,-40.044986146483865,14.807228538875986,-20.217386750876198,0.7547069661708057,0.15782125561810972,0.6367965503113073
680690.430815,506,0.9522234797477722,0.529735540892392,-0.5627086265399346,680690.42849-0 680690.43314-1,1.6665990655452703,27.18779926274447,13.781580475654945,19.585787113333538,14.680947688726262,-23.61321608092881,-0.4138699784603978,0.35391027511974515,0.8387247212845559,-40.044986146483865,14.807228538875986,-20.217386750876198,0.7547069661708057,0.15782125561810972,0.6367965503113073
680690.434673,506,0.9359081387519836,0.5226452450723788,-0.5659777242390087,680690.436206-0 680690.43314-1,1.3128389736484998,26.97549877849032,13.539654586479841,19.585787113333538,14.680947688726262,-23.61321608092881,-0.4232160014555616,0.34791616098297645,0.8365659334677892,-40.044986146483865,14.807228538875986,-20.217386750876198,0.7547069661708057,0.15782125561810972,0.6367965503113073
680690.4382635,506,0.9359081387519836,0.5216617791997509,-0.5645731470501882,680690.436206-0 680690.440321-1,1.2697831866470217,27.007744787091287,13.62626591749435,19.585787113333538,14.680947688726262,-23.61321608092881,-0.4232160014555616,0.34791616098297645,0.8365659334677892,-40.044986146483865,14.807228538875986,-20.217386750876198,0.7535389105408355,0.15837201754770283,0.6380418594095537
680690.4423004999,506,0.9902516305446625,0.512252129685469,-0.5716347392745906,680690.4442799999-0 680690.440321-1,0.8135889061526882,26.87991644837235,13.249611128586363,19.585787113333538,14.680947688726262,-23.61321608092881,-0.4353682725300487,0.34615910197868766,0.831040518501661,-40.044986146483865,14.807228538875986,-20.217386750876198,0.7535389105408355,0.15837201754770283,0.6380418594095537
680690.447684,506,0.9902516305446625,0.5107132599504924,-0.5681728955293865,680690.4442799999-0 680690.451088-1,0.7438941577051956,26.860894633983218,13.40449992219694,19.585787113333538,14.680947688726262,-23.61321608092881,-0.4353682725300487,0.34615910197868766,0.831040518501661,-40.044986146483865,14.807228538875986,-20.217386750876198,0.7516524885023161,0.15634390473080118,0.6407613596197899
680690.452544,507,0.9820601940155029,0.5081050574543526,-0.5695413049937679,680690.454-0 680690.451088-1,0.6189746469869561,26.798068080085514,13.312633850071038,19.585787113333538,14.680947688726262,-23.61321608092881,-0.43867190591016325,0.3445146231424589,0.8299859236192828,-40.044986146483865,14.807228538875986,-20.217386750876198,0.7516524885023161,0.15634390473080118,0.6407613596197899
680690.4566965001,507,0.9820601940155029,0.5065909507135805,-0.5669584447583804,680690.454-0 680690.459393-1,0.5503881276423073,26.82638900106089,13.450456706735043,19.585787113333538,14.680947688726262,-23.61321608092881,-0.43867190591016325,0.3445146231424589,0.8299859236192828,-40.044986146483865,14.807228538875986,-20.217386750876198,0.7498123646387539,0.15633632771413838,0.6429155235889844
680690.4616975,507,0.9983654618263245,0.5011428584896793,-0.5709073745848203,680690.4640019999-0 680690.459393-1,0.29220154701507717,26.755113383601728,13.234120421322938,19.585787113333538,14.680947688726262,-23.61321608092881,-0.44552924891365003,0.3435473918512233,0.8267278136815409,-40.044986146483865,14.807228538875986,-20.217386750876198,0.7498123646387539,0.15633632771413838,0.6429155235889844
680690.4669529999,507,0.9983654618263245,0.4993661896820142,-0.5671231742310334,680690.4640019999-0 680690.4699039999-1,0.21042721225911798,26.744614094254793,13.40717585852909,19.585787113333538,14.680947688726262,-23.61321608092881,-0.44552924891365003,0.3435473918512233,0.8267278136815409,-40.044986146483865,14.807228538875986,-20.217386750876198,0.7476194076906422,0.15451082995443263,0.6459037270918058
680690.470501,507,0.9373108744621277,0.4988169156411926,-0.5672551609233007,680690.471098-0 680690.4699039999-1,0.18453754198122496,26.724319852448204,13.390941116306667,19.585787113333538,14.680947688726262,-23.61321608092881,-0.446206428424178,0.34290456666441227,0.8266294704361988,-40.044986146483865,14.807228538875986,-20.217386750876198,0.7476194076906422,0.15451082995443263,0.6459037270918058
680690.4737644999,507,0.9373108744621277,0.496180147214628,-0.5618825224857245,680690.471098-0 680690.4764309999-1,0.062115168912244556,26.71759812930952,13.646675637711876,19.585787113333538,14.680947688726262,-23.61321608092881,-0.446206428424178,0.34290456666441227,0.8266294704361988,-40.044986146483865,14.807228538875986,-20.217386750876198,0.7443334458588754,0.15217875495028035,0.6502379163949417
680690.479603,507,0.9585939049720764,0.4973485321784718,-0.5624405792899034,680690.482775-0 680690.4764309999-1,0.11728771581438302,26.803885570797437,13.663280151151259,19.585787113333538,14.680947688726262,-23.61321608092881,-0.44479778606551557,0.346043141296843,0.8260805492641919,-40.044986146483865,14.807228538875986,-20.217386750876198,0.7443334458588754,0.15217875495028035,0.6502379163949417
680690.485164,508,0.9585939049720764,0.4934745828354289,-0.5558743772322114,680690.482775-0 680690.487553-1,-0.06517913537800091,26.87045911572913,14.025132160724649,19.585787113333538,14.680947688726262,-23.61321608092881,-0.44479778606551557,0.346043141296843,0.8260805492641919,-40.044986146483865,14.807228538875986,-20.217386750876198,0.7394328286097799,0.1518771364725614,0.6558753139058023
680690.4882245,508,0.8717952370643616,0.4756466553947017,-0.5726249994547996,680690.488896-0 680690.487553-1,-0.9002094326072569,26.878153940283525,13.196008849731815,19.585787113333538,14.680947688726262,-23.61321608092881,-0.46692944965821853,0.3529609986425787,0.8107992491850905,-40.044986146483865,14.807228538875986,-20.217386750876198,0.7394328286097799,0.1518771364725614,0.6558753139058023
680690.4920315,508,0.8717952370643616,0.46291260932195755,-0.5542397617253012,680690.488896-0 680690.495167-1,-1.551587911831204,27.40967226131979,14.328053675229974,19.585787113333538,14.680947688726262,-23.61321608092881,-0.46692944965821853,0.3529609986425787,0.8107992491850905,-40.044986146483865,14.807228538875986,-20.217386750876198,0.7222256286220311,0.1634874410134534,0.6720580317148099
680690.5002659999,508,0.4553718299330689,0.516863901863454,-0.1448160933415823,680690.5002659999-0,12.371720152370884,185.27166217767694,294.08941865229326,24.534086202472377,295.4840989505973,-193.46088196564133,-0.024324732100203018,-0.22042487354584073,0.9751006012358691,,,,,,
680690.5028949999,508,0.995,0.4128000203892464,-0.5920568238867525,680690.510623-0 680690.495167-1,-3.7940357376440836,27.02844384544187,12.155267195718192,19.585787113333538,14.680947688726262,-23.61321608092881,-0.5251981786997628,0.3561126790075546,0.7728846181290673,-40.044986146483865,14.807228538875986,-20.217386750876198,0.7222256286220311,0.1634874410134534,0.6720580317148099
680690.507777,508,0.99,0.374742819369298,-0.5180419343943679,680690.510623-0 680690.504931-1,-6.236908227017469,28.244259525435304,15.912101682494292,19.585787113333538,14.680947688726262,-23.61321608092881,-0.5251981786997628,0.3561126790075546,0.7728846181290673,-40.044986146483865,14.807228538875986,-20.217386750876198,0.6584029994183135,0.18007596790806418,0.7308064970557815
680690.5115995,508,0.995,0.36757437054114145,-0.504671132013828,680690.510623-0 680690.512576-1,-6.754717991233928,28.471632738799368,16.716238459246863,19.585787113333538,14.680947688726262,-23.61321608092881,-0.5251981786997628,0.3561126790075546,0.7728846181290673,-40.044986146483865,14.807228538875986,-20.217386750876198,0.6446201063324642,0.18207023706190603,0.7425061260946901
680690.51728,508,0.9486208260059357,0.381923498898621,-0.49012528089336715,680690.521984-0 680690.512576-1,-6.034660512253076,28.242669321182476,17.74254848254388,19.585787113333538,14.680947688726262,-23.61321608092881,-0.5070634885899337,0.33984172848766525,0.7920822041414148,-40.044986146483865,14.807228538875986,-20.217386750876198,0.6446201063324642,0.18207023706190603,0.7425061260946901
680690.5221375,509,0.9486208260059357,0.37883303561059795,-0.4839498273765357,680690.521984-0 680690.522291-1,-6.249300010309762,28.282280993574954,18.108083036264755,19.585787113333538,14.680947688726262,-23.61321608092881,-0.5070634885899337,0.33984172848766525,0.7920822041414148,-40.044986146483865,14.807228538875986,-20.217386750876198,0.6388526501280318,0.18067461660243567,0.7478127936455443
680690.5261174999,509,1.0,0.4023118125958932,-0.464517363186286,680690.529944-0 680690.522291-1,-5.071027403300169,28.191472327340925,19.669989748265536,19.585787113333538,14.680947688726262,-23.61321608092881,-0.4776874951844758,0.3245993473585382,0.81636384084475,-40.044986146483865,14.807228538875986,-20.217386750876198,0.6388526501280318,0.18067461660243567,0.7478127936455443
680690.5299384999,509,1.0,0.40178808987392856,-0.4630048055243958,680690.529944-0 680690.529933-1,-5.102269769168272,28.159076674702767,19.737572431259828,19.585787113333538,14.680947688726262,-23.61321608092881,-0.4776874951844758,0.3245993473585382,0.81636384084475,-40.044986146483865,14.807228538875986,-20.217386750876198,0.6380019277030764,0.17901036212456026,0.748938469100895
680690.5356335,509,1.0,0.40129717027865314,-0.46213089417703634,680690.529944-0 680690.541323-1,-5.137326770091702,28.17678019986958,19.799497763189454,19.585787113333538,14.680947688726262,-23.61321608092881,-0.4776874951844758,0.3245993473585382,0.81636384084475,-40.044986146483865,14.807228538875986,-20.217386750876198,0.6370460579851545,0.1791837701838959,0.7497102750451403
680690.5410565,509,0.943738579750061,0.4238100152640706,-0.4412122574949997,680690.54079-0 680690.541323-1,-3.9747971439826326,28.07447613702829,21.336856656466896,19.585787113333538,14.680947688726262,-23.61321608092881,-0.4489758012560691,0.3095772702696261,0.8382020303118319,-40.044986146483865,14.807228538875986,-20.217386750876198,0.6370460579851545,0.1791837701838959,0.7497102750451403
680690.5456399999,509,0.9585187435150146,0.44680573352631664,-0.41760808438310626,680690.549957-0 680690.541323-1,-2.7463125357480624,27.965396118198104,22.946747278824034,19.585787113333538,14.680947688726262,-23.61321608092881,-0.41902222028820835,0.29418753447352086,0.8589959682473085,-40.044986146483865,14.807228538875986,-20.217386750876198,0.6370460579851545,0.1791837701838959,0.7497102750451403
680690.5505275,509,0.9458163380622864,0.4479625148509679,-0.4190367291479169,680690.549957-0 680690.551098-1,-2.66727144142075,27.87867168773633,22.792255100974398,19.585787113333538,14.680947688726262,-23.61321608092881,-0.41902222028820835,0.29418753447352086,0.8589959682473085,-40.044986146483865,14.807228538875986,-20.217386750876198,0.6392825785285009,0.17726016367769085,0.7482623999392923
680690.5552775001,510,0.9872975945472717,0.4655299969967479,-0.39705991442610866,680690.559457-0 680690.551098-1,-1.6927417543953087,27.657546005830902,24.094309375711525,19.585787113333538,14.680947688726262,-23.61321608092881,-0.39554133792354873,0.2776801889375463,0.8754660259914473,-40.044986146483865,14.807228538875986,-20.217386750876198,0.6392825785285009,0.17726016367769085,0.7482623999392923
680690.5602595,510,1.0,0.463367450421747,-0.3913574279598919,680690.559457-0 680690.561062-1,-1.828894657173766,27.631567835045637,24.427554217157372,19.585787113333538,14.680947688726262,-23.61321608092881,-0.39554133792354873,0.2776801889375463,0.8754660259914473,-40.044986146483865,14.807228538875986,-20.217386750876198,0.635351405031952,0.17423741398260154,0.7523097205889206
680690.5647054999,510,0.9638457596302032,0.4733076718229109,-0.3728728217702191,680690.568349-0 680690.561062-1,-1.2561509722468749,27.219935133323993,25.275279405555494,19.585787113333538,14.680947688726262,-23.61321608092881,-0.3818856229932114,0.25848912834686966,0.8873256118683616,-40.044986146483865,14.807228538875986,-20.217386750876198,0.635351405031952,0.17423741398260154,0.7523097205889206
680690.5688195,510,0.9638457596302032,0.4734695046295069,-0.37281019459446907,680690.568349-0 680690.56929-1,-1.2455089737329352,27.19365561934571,25.25535094411184,19.585787113333538,14.680947688726262,-23.61321608092881,-0.3818856229932114,0.25848912834686966,0.8873256118683616,-40.044986146483865,14.807228538875986,-20.217386750876198,0.635662013679218,0.17348308751593128,0.7522216579647395
680690.573984,510,0.9930689334869385,0.48552067174998825,-0.35324858602034537,680690.578678-0 680690.56929-1,-0.5422711116249417,26.86500643199436,26.22973161327051,19.585787113333538,14.680947688726262,-23.61321608092881,-0.3653523033370705,0.2414783489382602,0.8990027260472289,-40.044986146483865,14.807228538875986,-20.217386750876198,0.635662013679218,0.17348308751593128,0.7522216579647395
680690.5787085,510,0.9930689334869385,0.48476426505740583,-0.3515202898760781,680690.578678-0 680690.578739-1,-0.5887294619720702,26.873646236465326,26.3496947651633,19.585787113333538,14.680947688726262,-23.61321608092881,-0.3653523033370705,0.2414783489382602,0.8990027260472289,-40.044986146483865,14.807228538875986,-20.217386750876198,0.6342821651603697,0.17307258780896162,0.7534799362349225
680690.5824175,510,0.9547728002071381,0.49473258172710244,-0.3359364008948673,680690.586096-0 680690.578739-1,0.006819188217928485,26.650166494647834,27.154757384918984,19.585787113333538,14.680947688726262,-23.61321608092881,-0.35155096003398634,0.22924109041680008,0.9076675850572714,-40.044986146483865,14.807228538875986,-20.217386750876198,0.6342821651603697,0.17307258780896162,0.7534799362349225
680690.585969,510,0.9547728002071381,0.4945011278004553,-0.3348802259297905,680690.586096-0 680690.585842-1,-0.007133617671350123,26.625465288684175,27.199292256725215,19.585787113333538,14.680947688726262,-23.61321608092881,-0.35155096003398634,0.22924109041680008,0.9076675850572714,-40.044986146483865,14.807228538875986,-20.217386750876198,0.6338615735286616,0.17202086794871257,0.7540744834523581
680690.590878,511,0.9537143707275391,0.49519381545673397,-0.3348555583040649,680690.586096-0 680690.59566-1,0.03458916796567024,26.53403108581541,27.10752080457982,19.585787113333538,14.680947688726262,-23.61321608092881,-0.35155096003398634,0.22924109041680008,0.9076675850572714,-40.044986146483865,14.807228538875986,-20.217386750876198,0.635119160587398,0.1695511298719991,0.7535755212411609
680690.595631,511,0.9416673481464386,0.5018424991796819,-0.3196967178132901,680690.595602-0 680690.59566-1,0.4372408162532224,26.145028866866923,27.70164568863321,19.585787113333538,14.680947688726262,-23.61321608092881,-0.3422720042406823,0.2131622716430056,0.9151020276783675,-40.044986146483865,14.807228538875986,-20.217386750876198,0.635119160587398,0.1695511298719991,0.7535755212411609
680690.599749,511,0.998941570520401,0.49847507335247476,-0.3234248064504337,680690.603838-0 680690.59566-1,0.23227687751287895,26.136382035215735,27.448047739334708,19.585787113333538,14.680947688726262,-23.61321608092881,-0.3469544003665656,0.21437234372995145,0.9130537455758035,-40.044986146483865,14.807228538875986,-20.217386750876198,0.635119160587398,0.1695511298719991,0.7535755212411609
680690.6036255,511,0.9735066890716553,0.5007184896359917,-0.3245286228536024,680690.603838-0 680690.603413-1,0.3635544174603087,25.91069528991601,27.13762812234253,19.585787113333538,14.680947688726262,-23.61321608092881,-0.3469544003665656,0.21437234372995145,0.9130537455758035,-40.044986146483865,14.807228538875986,-20.217386750876198,0.6391037460230882,0.16382545501704673,0.7514703068702805
680690.6067985,511,1.0,0.5018041032852523,-0.3248430012771675,680690.603838-0 680690.609759-1,0.4260802523220857,25.79198975066317,26.992036440894,19.585787113333538,14.680947688726262,-23.61321608092881,-0.3469544003665656,0.21437234372995145,0.9130537455758035,-40.044986146483865,14.807228538875986,-20.217386750876198,0.6410034324629373,0.16069552950648575,0.750527512065589
680690.6110185,511,1.0,0.49577368718140563,-0.33190486415666975,680690.612278-0 680690.609759-1,0.06790222249797218,25.802564071309295,26.549508914913222,19.585787113333538,14.680947688726262,-23.61321608092881,-0.3552282081788597,0.21728902197938646,0.9091745712685095,-40.044986146483865,14.807228538875986,-20.217386750876198,0.6410034324629373,0.16069552950648575,0.750527512065589
680690.6169004999,511,1.0,0.4961463284054902,-0.33146167558853823,680690.612278-0 680690.621523-1,0.08961896025858351,25.733573122323488,26.506902444716733,19.585787113333538,14.680947688726262,-23.61321608092881,-0.3552282081788597,0.21728902197938646,0.9091745712685095,-40.044986146483865,14.807228538875986,-20.217386750876198,0.6416570166591145,0.15863728502124874,0.7504068794815331
680690.6217565,511,0.9411534667015076,0.49302732357161805,-0.33270906594899063,680690.62199-0 680690.621523-1,-0.09273060549720213,25.619340930939554,26.30948934900154,19.585787113333538,14.680947688726262,-23.61321608092881,-0.35944506935168824,0.21467974037390983,0.9081364716779909,-40.044986146483865,14.807228538875986,-20.217386750876198,0.6416570166591145,0.15863728502124874,0.7504068794815331
680690.6259280001,512,0.881778210401535,0.49358660512343755,-0.33212832328738107,680690.62199-0 680690.629866-1,-0.059933786123133714,25.52031718655415,26.244811661281087,19.585787113333538,14.680947688726262,-23.61321608092881,-0.35944506935168824,0.21467974037390983,0.9081364716779909,-40.044986146483865,14.807228538875986,-20.217386750876198,0.6426398370602486,0.15568039187376256,0.7501850807695452
680690.631628,512,0.8995020687580109,0.49118421824348896,-0.3328623925924681,680690.63339-0 680690.629866-1,-0.1985806160547412,25.422922997945506,26.097446774005522,19.585787113333538,14.680947688726262,-23.61321608092881,-0.36266145560176094,0.2123060823057742,0.9074154484230395,-40.044986146483865,14.807228538875986,-20.217386750876198,0.6426398370602486,0.15568039187376256,0.7501850807695452
680690.6363135,512,0.9581397771835327,0.48915637384583144,-0.32721181430252066,680690.63339-0 680690.639237-1,-0.3175776759455946,25.387908358357073,26.418793488338736,19.585787113333538,14.680947688726262,-23.61321608092881,-0.36266145560176094,0.2123060823057742,0.9074154484230395,-40.044986146483865,14.807228538875986,-20.217386750876198,0.6390870670630026,0.15285255999781955,0.7537929527495745
680690.6397454999,512,0.9751128554344177,0.4827978254591339,-0.3321733154832389,680690.640254-0 680690.639237-1,-0.680459863480543,25.287387892942014,25.993683143122905,19.585787113333538,14.680947688726262,-23.61321608092881,-0.3711159629899307,0.21137902229837538,0.9042078582639277,-40.044986146483865,14.807228538875986,-20.217386750876198,0.6390870670630026,0.15285255999781955,0.7537929527495745
680690.6430889999,512,0.959029495716095,0.4807642747556587,-0.3274319229774816,680690.640254-0 680690.645924-1,-0.8027210268559486,25.300777523930496,26.304076435544,19.585787113333538,14.680947688726262,-23.61321608092881,-0.3711159629899307,0.21137902229837538,0.9042078582639277,-40.044986146483865,14.807228538875986,-20.217386750876198,0.6354739370710197,0.1517071988172928,0.7570718599515293
680690.649138,512,0.9209306836128235,0.47736749150391533,-0.32688756465945223,680690.652352-0 680690.645924-1,-0.9920062964031722,25.092131491022542,26.114998148158584,19.585787113333538,14.680947688726262,-23.61321608092881,-0.3755102493115617,0.2055158397648953,0.9037451478529214,-40.044986146483865,14.807228538875986,-20.217386750876198,0.6354739370710197,0.1517071988172928,0.7570718599515293
680690.6547525,512,0.9198629856109619,0.47588994220128855,-0.32192230700492774,680690.652352-0 680690.657153-1,-1.0808825518929854,25.02410992062112,26.354082860078364,19.585787113333538,14.680947688726262,-23.61321608092881,-0.3755102493115617,0.2055158397648953,0.9037451478529214,-40.044986146483865,14.807228538875986,-20.217386750876198,0.6328621534113583,0.14822885184423173,0.7599432230505639
680690.6587425,512,0.902827650308609,0.4743629769523044,-0.3226457411005099,680690.660332-0 680690.657153-1,-1.1658514069224655,24.979199897454293,26.25750259660617,19.585787113333538,14.680947688726262,-23.61321608092881,-0.3774909309449188,0.20455219663190471,0.9031384145895915,-40.044986146483865,14.807228538875986,-20.217386750876198,0.6328621534113583,0.14822885184423173,0.7599432230505639
680690.663319,512,0.9005507230758667,0.47303290855794866,-0.3200366056077091,680690.660332-0 680690.666306-1,-1.2483688642637354,25.014917111697553,26.456919589075305,19.585787113333538,14.680947688726262,-23.61321608092881,-0.3774909309449188,0.20455219663190471,0.9031384145895915,-40.044986146483865,14.807228538875986,-20.217386750876198,0.6304436035998504,0.14843165430413294,0.7619113509330157
680690.668504,513,0.9143906235694885,0.4737191618191007,-0.3188011063724465,680690.670702-0 680690.666306-1,-1.2094142161364605,24.990582163829462,26.511347541601232,19.585787113333538,14.680947688726262,-23.61321608092881,-0.37657745964577233,0.20345181457702632,0.9037680985916973,-40.044986146483865,14.807228538875986,-20.217386750876198,0.6304436035998504,0.14843165430413294,0.7619113509330157
680690.6728655,513,0.8768422603607178,0.4728269922148036,-0.31510307557054196,680690.670702-0 680690.675029-1,-1.2632039276651366,24.913961484472466,26.66262787421592,19.585787113333538,14.680947688726262,-23.61321608092881,-0.37657745964577233,0.20345181457702632,0.9037680985916973,-40.044986146483865,14.807228538875986,-20.217386750876198,0.6288669993491397,0.14512792403455865,0.7638482721031897
680690.675761,513,0.8892781734466553,0.46797838447773576,-0.3178836070212996,680690.676493-0 680690.675029-1,-1.5316272308677306,24.797678952938565,26.348217681068,19.585787113333538,14.680947688726262,-23.61321608092881,-0.3828341422784632,0.20127821931159204,0.9016235899402079,-40.044986146483865,14.807228538875986,-20.217386750876198,0.6288669993491397,0.14512792403455865,0.7638482721031897
680690.6811935001,513,0.9469920694828033,0.4666032491541371,-0.3155797957680828,680690.676493-0 680690.685894-1,-1.6193526670622411,24.856558122645623,26.55228308459386,19.585787113333538,14.680947688726262,-23.61321608092881,-0.3828341422784632,0.20127821931159204,0.9016235899402079,-40.044986146483865,14.807228538875986,-20.217386750876198,0.6263122365870925,0.1461014774517201,0.7657593228865701
680690.6874775,513,0.9732431173324585,0.4621894311128275,-0.3188165821738391,680690.689061-0 680690.685894-1,-1.8615530733681407,24.787958403588,26.258625174414863,19.585787113333538,14.680947688726262,-23.61321608092881,-0.38849936204448016,0.2005647957729784,0.8993564412331605,-40.044986146483865,14.807228538875986,-20.217386750876198,0.6263122365870925,0.1461014774517201,0.7657593228865701
680690.691687,513,0.9605107307434082,0.46218240596302673,-0.31785569862826235,680690.689061-0 680690.694313-1,-1.860531260319382,24.738225830328215,26.266367933349756,19.585787113333538,14.680947688726262,-23.61321608092881,-0.38849936204448016,0.2005647957729784,0.8993564412331605,-40.044986146483865,14.807228538875986,-20.217386750876198,0.6263422524865154,0.14439210961303883,0.7660589412255525
680690.6951039999,513,0.9506774842739105,0.4626070880972482,-0.3138156015007103,680690.695895-0 680690.694313-1,-1.8329395354178875,24.565634082061937,26.33814150692181,19.585787113333538,14.680947688726262,-23.61321608092881,-0.38782693525948936,0.1944368426958346,0.9009908892379029,-40.044986146483865,14.807228538875986,-20.217386750876198,0.6263422524865154,0.14439210961303883,0.7660589412255525
680690.699453,513,0.9053592085838318,0.46166030185730167,-0.3111313512928935,680690.695895-0 680690.703011-1,-1.8925111821621812,24.549162802107503,26.485987745827888,19.585787113333538,14.680947688726262,-23.61321608092881,-0.38782693525948936,0.1944368426958346,0.9009908892379029,-40.044986146483865,14.807228538875986,-20.217386750876198,0.6246169299676467,0.14313265668360553,0.7677022426621437
680690.7041615,513,0.9383847713470459,0.4618952473241169,-0.30853497361035354,680690.705312-0 680690.703011-1,-1.876783846605587,24.436830846871068,26.52926686841114,19.585787113333538,14.680947688726262,-23.61321608092881,-0.3874430864951588,0.19047425543383212,0.9020018917630007,-40.044986146483865,14.807228538875986,-20.217386750876198,0.6246169299676467,0.14313265668360553,0.7677022426621437
680690.708217,513,0.9862159788608551,0.459495102491238,-0.3057759682804302,680690.705312-0 680690.711122-1,-2.035944365262953,24.607825187892605,26.88099567900033,19.585787113333538,14.680947688726262,-23.61321608092881,-0.3874430864951588,0.19047425543383212,0.9020018917630007,-40.044986146483865,14.807228538875986,-20.217386750876198,0.6200079486941038,0.1471910798657223,0.7706652513018166
680690.7111879999,513,0.9688635170459747,0.45638384611571753,-0.30632582168149325,680690.711254-0 680690.711122-1,-2.2031009745518926,24.478494076448438,26.691291081943117,19.585787113333538,14.680947688726262,-23.61321608092881,-0.3913362328588491,0.18715911885626862,0.9010146597479919,-40.044986146483865,14.807228538875986,-20.217386750876198,0.6200079486941038,0.1471910798657223,0.7706652513018166
680690.714836,513,0.9118514358997345,0.4548817725008313,-0.30218534340155645,680690.711254-0 680690.718418-1,-2.3005937812720845,24.461128944597547,26.928881252169376,19.585787113333538,14.680947688726262,-23.61321608092881,-0.3913362328588491,0.18715911885626862,0.9010146597479919,-40.044986146483865,14.807228538875986,-20.217386750876198,0.617200486808681,0.14549651877840827,0.7732362653849674
680690.718665,513,0.807909369468689,0.4535234321878302,-0.3022678549183735,680690.718912-0 680690.718418-1,-2.3728522832202454,24.39791496457144,26.847547008658893,19.585787113333538,14.680947688726262,-23.61321608092881,-0.3930185801064213,0.18547439745372862,0.9006306921154246,-40.044986146483865,14.807228538875986,-20.217386750876198,0.617200486808681,0.14549651877840827,0.7732362653849674
680690.7220375,513,0.8513801097869873,0.4528526518904027,-0.3014555037126534,680690.718912-0 680690.7251629999-1,-2.418841380078293,24.444898575429413,26.947815009903337,19.585787113333538,14.680947688726262,-23.61321608092881,-0.3930185801064213,0.18547439745372862,0.9006306921154246,-40.044986146483865,14.807228538875986,-20.217386750876198,0.61587771351353,0.14659862089199074,0.7740823511422493
680690.7259104999,513,0.931239128112793,0.44991917530138564,-0.30349460552676355,680690.726658-0 680690.7251629999-1,-2.576824173984523,24.397777496992177,26.75110020659895,19.585787113333538,14.680947688726262,-23.61321608092881,-0.3967121849338273,0.18490697479998447,0.8991267168732928,-40.044986146483865,14.807228538875986,-20.217386750876198,0.61587771351353,0.14659862089199074,0.7740823511422493
680690.7308095,514,0.9549999237060547,0.45023256663489286,-0.3019905457491976,680690.726658-0 680690.734961-1,-2.5510890986735415,24.276314455433766,26.714767120012716,19.585787113333538,14.680947688726262,-23.61321608092881,-0.3967121849338273,0.18490697479998447,0.8991267168732928,-40.044986146483865,14.807228538875986,-20.217386750876198,0.6166180719717691,0.14269737646013209,0.7742219398009936
680690.734491,514,0.9313057959079742,0.4479371809102936,-0.3043044409224662,680690.734021-0 680690.734961-1,-2.674659380026105,24.274584312910026,26.554223398960815,19.585787113333538,14.680947688726262,-23.61321608092881,-0.3996136697267394,0.18565532429577142,0.8976864795284377,-40.044986146483865,14.807228538875986,-20.217386750876198,0.6166180719717691,0.14269737646013209,0.7742219398009936
680690.7378565001,514,0.8986290693283081,0.4452456595976356,-0.30570259032128577,680690.740752-0 680690.734961-1,-2.8163689106257443,24.21160452729935,26.382255110037512,19.585787113333538,14.680947688726262,-23.61321608092881,-0.40294069431337276,0.18441314912580434,0.8964544535534199,-40.044986146483865,14.807228538875986,-20.217386750876198,0.6166180719717691,0.14269737646013209,0.7742219398009936
680690.742006,514,0.8515390157699585,0.4442714320266795,-0.3030202092686394,680690.740752-0 680690.74326-1,-2.8808899861336883,24.20096933511874,26.53375371356119,19.585787113333538,14.680947688726262,-23.61321608092881,-0.40294069431337276,0.18441314912580434,0.8964544535534199,-40.044986146483865,14.807228538875986,-20.217386750876198,0.614779097879314,0.14163992003517623,0.77587679038822
680690.7467085,514,0.9156933426856995,0.4433372097291858,-0.3058411610260019,680690.750157-0 680690.74326-1,-2.9340675824137286,24.28895468222751,26.44651828420532,19.585787113333538,14.680947688726262,-23.61321608092881,-0.4042039619704482,0.1877912822518146,0.8951835518135997,-40.044986146483865,14.807228538875986,-20.217386750876198,0.614779097879314,0.14163992003517623,0.77587679038822
680690.752238,514,0.9557654559612274,0.44158629292952983,-0.30188584261413554,680690.750157-0 680690.7543189999-1,-3.0537655634035765,24.31742517484493,26.71701970065751,19.585787113333538,14.680947688726262,-23.61321608092881,-0.4042039619704482,0.1877912822518146,0.8951835518135997,-40.044986146483865,14.807228538875986,-20.217386750876198,0.6113729048545111,0.14133989327168076,0.7786181386146273
680690.7560055,514,0.9207901358604431,0.4372668321774146,-0.3053684306097224,680690.757692-0 680690.7543189999-1,-3.2818415511907286,24.27656101866492,26.424033602978692,19.585787113333538,14.680947688726262,-23.61321608092881,-0.4095699322436362,0.18789896662771816,0.8927185720831503,-40.044986146483865,14.807228538875986,-20.217386750876198,0.6113729048545111,0.14133989327168076,0.7786181386146273
680690.7593965,514,0.8433694243431091,0.4354848675414127,-0.30238803387351676,680690.757692-0 680690.761101-1,-3.4095572950761905,24.36479943382595,26.696711851878614,19.585787113333538,14.680947688726262,-23.61321608092881,-0.4095699322436362,0.18789896662771816,0.8927185720831503,-40.044986146483865,14.807228538875986,-20.217386750876198,0.607756001059772,0.14303757709707982,0.7811356442475477
680690.7644384999,514,0.8421473801136017,0.4308423576894489,-0.30877405884278497,680690.767776-0 680690.761101-1,-3.6586437107843963,24.44653376131898,26.347546926826894,19.585787113333538,14.680947688726262,-23.61321608092881,-0.4154573572765724,0.1923970884360334,0.8890323642287178,-40.044986146483865,14.807228538875986,-20.217386750876198,0.607756001059772,0.14303757709707982,0.7811356442475477
680690.7696924999,514,0.9265860319137573,0.43237351355064124,-0.31254451349969226,680690.767776-0 680690.7716089999-1,-3.5516633178619728,24.43615888543548,26.110789979733443,19.585787113333538,14.680947688726262,-23.61321608092881,-0.4154573572765724,0.1923970884360334,0.8890323642287178,-40.044986146483865,14.807228538875986,-20.217386750876198,0.6107714714642407,0.1438125821696457,0.7786373680058678
680690.7731084999,514,0.9250380098819733,0.43619079307079234,-0.3120521991711247,680690.774608-0 680690.7716089999-1,-3.357218711917847,24.59186456149189,26.335617902962483,19.585787113333538,14.680947688726262,-23.61321608092881,-0.4108809939931591,0.19644725496235962,0.8902725901615455,-40.044986146483865,14.807228538875986,-20.217386750876198,0.6107714714642407,0.1438125821696457,0.7786373680058678
680690.7761845,514,0.9250380098819733,0.44560530311184693,-0.3359133370720311,680690.774608-0 680690.777761-1,-2.7310240212094676,24.5921156054569,24.916777265062464,19.585787113333538,14.680947688726262,-23.61321608092881,-0.4108809939931591,0.19644725496235962,0.8902725901615455,-40.044986146483865,14.807228538875986,-20.217386750876198,0.6285379661649402,0.1507554923133047,0.763028706292636
680690.7800189999,514,0.9660953283309937,0.4661947460071982,-0.32760294028041304,680690.782277-0 680690.777761-1,-1.6408183364314652,25.21078255177904,26.162196056292945,19.585787113333538,14.680947688726262,-23.61321608092881,-0.38516760461303223,0.2104305852680181,0.8985348547165092,-40.044986146483865,14.807228538875986,-20.217386750876198,0.6285379661649402,0.1507554923133047,0.763028706292636
680690.7853890001,515,0.9610953283309936,0.479959120222927,-0.3635773909000444,680690.782277-0 680690.788501-1,-0.8134097249927326,25.332100105037657,24.09615387494336,19.585787113333538,14.680947688726262,-23.61321608092881,-0.38516760461303223,0.2104305852680181,0.8985348547165092,-40.0468974786849,15.129401554037564,-19.59357997135553,0.6583227448188442,0.16181982764057154,0.7351363866906321
680690.7892410001,515,0.99,0.5269261511576393,-0.33600278910935466,680690.789981-0 680690.788501-1,1.946885529312297,26.60250865554541,27.03732485650073,19.585787113333538,14.680947688726262,-23.61321608092881,-0.32113894256074066,0.23494171412724618,0.9174269292613558,-40.0468974786849,15.129401554037564,-19.59357997135553,0.6583227448188442,0.16181982764057154,0.7351363866906321
680690.794519,515,0.99,0.5472435295520908,-0.37589311190025043,680690.789981-0 680690.799057-1,2.972865046340331,26.215514130264037,24.015418882917892,19.585787113333538,14.680947688726262,-23.61321608092881,-0.32113894256074066,0.23494171412724618,0.9174269292613558,-40.0468974786849,15.129401554037564,-19.59357997135553,0.6911106325706164,0.16602372709148122,0.7034217906707865
680690.7984724999,515,0.99,0.5691117859801895,-0.36484418630643844,680690.797888-0 680690.799057-1,4.407043270789424,27.081671794933115,25.33923981194517,19.585787113333538,14.680947688726262,-23.61321608092881,-0.2879874920853408,0.25486493777624725,0.9230964564414194,-40.0468974786849,15.129401554037564,-19.59357997135553,0.6911106325706164,0.16602372709148122,0.7034217906707865
680690.8033795,515,0.9157297291342303,0.5636665192219381,-0.3653112729859469,680690.807702-0 680690.799057-1,4.028881175146445,26.72598915131739,25.026383597664502,19.56920486759806,14.656099228219741,-23.908962421608535,-0.29476201354299275,0.24458136236588168,0.9237398511244007,-40.0468974786849,15.129401554037564,-19.59357997135553,0.6911106325706164,0.16602372709148122,0.7034217906707865
680690.807062,515,0.9157297291342303,0.5849102739082046,-0.404316013310164,680690.807702-0 680690.8064219999-1,4.951323917672923,26.32666078485524,22.035938730373168,19.56920486759806,14.656099228219741,-23.908962421608535,-0.29476201354299275,0.24458136236588168,0.9237398511244007,-40.0468974786849,15.129401554037564,-19.59357997135553,0.72216816553908,0.17034774100436376,0.6704138929173753
680690.812732,515,0.9157297291342303,0.6021882271584185,-0.4350751236629429,680690.807702-0 680690.817762-1,5.6418536635567405,26.092301062148408,19.77373261591263,19.56920486759806,14.656099228219741,-23.908962421608535,-0.29476201354299275,0.24458136236588168,0.9237398511244007,-40.0468974786849,15.129401554037564,-19.59357997135553,0.7453822054327935,0.17627919768828573,0.6429082456202588
680690.8168339999,515,0.7949999999999999,0.6974171651087551,-0.2809569714397524,680690.815906-0 680690.817762-1,12.131876856389631,24.55413428068298,25.97581303105973,19.56920486759806,14.656099228219741,-23.908962421608535,-0.14429980379687024,0.1508055951423733,0.9779750707957434,-40.0468974786849,15.129401554037564,-19.59357997135553,0.7453822054327935,0.17627919768828573,0.6429082456202588
680690.8238285,516,0.7949999999999999,0.6972176183941727,-0.283547946232658,680690.829895-0 680690.817762-1,12.152341922965842,24.70736305167646,25.972791990675013,19.56920486759806,14.656099228219741,-23.908962421608535,-0.14385296549912102,0.15584606191243622,0.9772503923271116,-40.0468974786849,15.129401554037564,-19.59357997135553,0.7453822054327935,0.17627919768828573,0.6429082456202588
680690.827846,516,0.8,0.7038576143603429,-0.2981753542164369,680690.829895-0 680690.825797-1,12.308170866759639,24.7151236929517,24.85389423467693,19.56920486759806,14.656099228219741,-23.908962421608535,-0.14385296549912102,0.15584606191243622,0.9772503923271116,-40.0468974786849,15.129401554037564,-19.59357997135553,0.7539424803493495,0.18196587523089158,0.6312362129790451
680690.8333095,516,0.8,0.6991740854676657,-0.28910875218055776,680690.829895-0 680690.8367239999-1,12.20107445628178,24.756149636407656,25.608291436366848,19.56920486759806,14.656099228219741,-23.908962421608535,-0.14385296549912102,0.15584606191243622,0.9772503923271116,-40.0468974786849,15.129401554037564,-19.59357997135553,0.7480549810041964,0.17962182342186828,0.6388659843389808
680690.838674,516,0.995,0.6160165425622903,-0.44048216256422057,680690.840624-0 680690.8367239999-1,6.581398577802983,27.135282970216103,20.005139758314364,19.56920486759806,14.656099228219741,-23.908962421608535,-0.2737753027180173,0.275838097286929,0.921390486008394,-40.0468974786849,15.129401554037564,-19.59357997135553,0.7480549810041964,0.17962182342186828,0.6388659843389808
680690.8428519999,516,0.995,0.6145189035042532,-0.43781491356514834,680690.840624-0 680690.84508-1,6.524125438860105,27.153016276724344,20.210532203726412,19.56920486759806,14.656099228219741,-23.908962421608535,-0.2737753027180173,0.275838097286929,0.921390486008394,-40.0468974786849,15.129401554037564,-19.59357997135553,0.746044283363163,0.17883075738485116,0.6414339307164105
680690.848738,516,0.8867989778518677,0.6134396302327803,-0.43710588416541274,680690.852396-0 680690.84508-1,6.437864212645878,27.015695742864793,20.170462523651896,19.56920486759806,14.656099228219741,-23.908962421608535,-0.2758500043162993,0.2713931606820724,0.9220913877993289,-40.0468974786849,15.129401554037564,-19.59357997135553,0.746044283363163,0.17883075738485116,0.6414339307164105
680690.8539084999,516,0.8867989778518677,0.6135342546077001,-0.4367551948698576,680690.852396-0 680690.855421-1,6.439585978773472,26.990650956169137,20.171982536214603,19.56920486759806,14.656099228219741,-23.908962421608535,-0.2758500043162993,0.2713931606820724,0.9220913877993289,-40.0468974786849,15.129401554037564,-19.59357997135553,0.7461029488378556,0.17793807073637602,0.6416139280892154
680690.8578685,517,0.9260689914226532,0.5901060078529652,-0.45988161092260404,680690.860316-0 680690.855421-1,4.987065296458549,26.71942934813656,18.90039807098898,19.56920486759806,14.656099228219741,-23.908962421608535,-0.31169013284886365,0.27173710392183303,0.9104988783281573,-40.0468974786849,15.129401554037564,-19.59357997135553,0.7461029488378556,0.17793807073637602,0.6416139280892154
680690.861272,517,0.9260689914226532,0.5890638423291419,-0.4580992251362628,680690.860316-0 680690.862228-1,4.944674908479141,26.731791563963533,19.031777105112102,19.56920486759806,14.656099228219741,-23.908962421608535,-0.31169013284886365,0.27173710392183303,0.9104988783281573,-40.0468974786849,15.129401554037564,-19.59357997135553,0.7447266739373745,0.17747924969850515,0.6433376229108874
680690.8665405,517,0.893584668636322,0.587309952914898,-0.4590879989848442,680690.870853-0 680690.862228-1,4.835894771007027,26.668062630770436,18.948879723051373,19.56920486759806,14.656099228219741,-23.908962421608535,-0.31439068171578377,0.2701095633866835,0.9100545714501631,-40.0468974786849,15.129401554037564,-19.59357997135553,0.7447266739373745,0.17747924969850515,0.6433376229108874
680690.8700265,517,0.893584668636322,0.5876475892022601,-0.4616615542010618,680690.870853-0 680690.8692-1,4.856742521206267,26.76216343010363,18.854073421241146,19.56920486759806,14.656099228219741,-23.908962421608535,-0.31439068171578377,0.2701095633866835,0.9100545714501631,-40.0468974786849,15.129401554037564,-19.59357997135553,0.7454021702348026,0.1815285907340678,0.6414226183690046
680690.8743795,517,0.893584668636322,0.5901737089071772,-0.4659905703599394,680690.870853-0 680690.877906-1,4.9597204751284805,26.73440862952291,18.536929305337576,19.56920486759806,14.656099228219741,-23.908962421608535,-0.31439068171578377,0.2701095633866835,0.9100545714501631,-40.0468974786849,15.129401554037564,-19.59357997135553,0.7487251700506569,0.18272577829373438,0.637198485308592
680690.8775,517,0.8660058379173279,0.5884501337049589,-0.4671752741815125,680690.877094-0 680690.877906-1,4.855133687670192,26.68661800361928,18.45439597466848,19.56920486759806,14.656099228219741,-23.908962421608535,-0.3170097551357668,0.2690416618477139,0.9094621483816583,-40.0468974786849,15.129401554037564,-19.59357997135553,0.7487251700506569,0.18272577829373438,0.637198485308592
680690.877906,517,1.0,0.7301183179228359,-0.29203355292228395,680690.877906-1,112.96332586115977,199.88125208568334,197.9431155177738,,,,,,,8.798615788611661,101.8257453197607,-281.1548189052208,0.20832942014509628,0.19611101353184526,0.9581958688459893
680690.887389,517,0.5861075307271075,0.6151963861926074,-0.17057438881238962,680690.887389-0,70.12821610319483,202.52133621176336,295.4052628706378,24.438755898520668,295.53785400354616,-193.73725280766263,0.09137892040934831,-0.1860330355835657,0.9782850313566009,,,,,,
680690.8929814999,517,0.9075483977794647,0.5666760856893703,-0.4911430477355161,680690.899031-0 680690.8869319999-1,3.6187682690491885,26.595947662038725,17.19510917968349,19.56920486759806,14.656099228219741,-23.908962421608535,-0.3493179525007834,0.27272882673337634,0.8964351371567809,-40.0468974786849,15.129401554037564,-19.59357997135553,0.7498893554133403,0.18552169451408054,0.6350178387276921
680690.8983715,518,0.9075483977794647,0.5638636180069982,-0.48581282988592167,680690.899031-0 680690.897712-1,3.4968051226985324,26.590660377823383,17.539685703527336,19.56920486759806,14.656099228219741,-23.908962421608535,-0.3493179525007834,0.27272882673337634,0.8964351371567809,-40.0468974786849,15.129401554037564,-19.59357997135553,0.7461834346982195,0.18288231336725488,0.6401283787174328
680690.9017945,518,0.9075483977794647,0.5620419226936774,-0.48248019985006496,680690.899031-0 680690.904558-1,3.41763478483311,26.595022333204856,17.7606507246862,19.56920486759806,14.656099228219741,-23.908962421608535,-0.3493179525007834,0.27272882673337634,0.8964351371567809,-40.0468974786849,15.129401554037564,-19.59357997135553,0.7437730415707543,0.18148826047339872,0.6433223717102714
680690.9058925,518,0.9432711601257324,0.5389254035378356,-0.5050751260014945,680690.907227-0 680690.904558-1,2.1913947422824425,26.617322357118795,16.599667408053815,19.56920486759806,14.656099228219741,-23.908962421608535,-0.3806827594368466,0.2825519366271584,0.8804800053242494,-40.0468974786849,15.129401554037564,-19.59357997135553,0.7437730415707543,0.18148826047339872,0.6433223717102714
680690.911173,518,0.9432711601257324,0.5369576977814664,-0.501672283053491,680690.907227-0 680690.915119-1,2.1025254167998355,26.629879809282937,16.821602152717862,19.56920486759806,14.656099228219741,-23.908962421608535,-0.3806827594368466,0.2825519366271584,0.8804800053242494,-40.0468974786849,15.129401554037564,-19.59357997135553,0.741181509640928,0.18035818339033766,0.6466226839900782
680690.915092,518,0.9025170505046844,0.5154056832504199,-0.5211393473222254,680690.915065-0 680690.915119-1,1.0073612648456969,26.640379722942882,15.774173590271882,19.56920486759806,14.656099228219741,-23.908962421608535,-0.4089037046745949,0.29109757473774744,0.864904597215897,-40.0468974786849,15.129401554037564,-19.59357997135553,0.741181509640928,0.18035818339033766,0.6466226839900782
680690.919606,518,0.9552119970321655,0.4967005928642262,-0.5363899611254226,680690.924093-0 680690.915119-1,0.09101699466803659,26.59611391848948,14.91207510847596,19.56920486759806,14.656099228219741,-23.908962421608535,-0.432650136938437,0.29617916092460583,0.8515232020568483,-40.0468974786849,15.129401554037564,-19.59357997135553,0.741181509640928,0.18035818339033766,0.6466226839900782
680690.9234394999,518,0.9552119970321655,0.49659368432762846,-0.536942729353681,680690.924093-0 680690.922786-1,0.08594078840772035,26.644299730775625,14.9086008653459,19.56920486759806,14.656099228219741,-23.908962421608535,-0.432650136938437,0.29617916092460583,0.8515232020568483,-40.0468974786849,15.129401554037564,-19.59357997135553,0.7410426206758843,0.18224520157160842,0.6462526756973169
680690.929259,518,0.9552119970321655,0.49341529567699,-0.5303707992879265,680690.924093-0 680690.934425-1,-0.06654826021557092,26.60454455598058,15.252303372122054,19.56920486759806,14.656099228219741,-23.908962421608535,-0.432650136938437,0.29617916092460583,0.8515232020568483,-40.0468974786849,15.129401554037564,-19.59357997135553,0.7368460533683393,0.1781431477552533,0.652167856110183
680690.933414,519,0.901051253080368,0.473864301897261,-0.5483683784361377,680690.932403-0 680690.934425-1,-0.9987946140086361,26.71639960968843,14.303683409767618,19.56920486759806,14.656099228219741,-23.908962421608535,-0.4568646707323272,0.307841924866587,0.8345705613853611,-40.0468974786849,15.129401554037564,-19.59357997135553,0.7368460533683393,0.1781431477552533,0.652167856110183
680690.938813,519,0.8823512196540833,0.46880594498586137,-0.5495831726970122,680690.943201-0 680690.934425-1,-1.2307780125802665,26.551386864576102,14.13758885366017,19.56920486759806,14.656099228219741,-23.908962421608535,-0.4628120591588291,0.3028473387164895,0.8331197316889717,-40.0468974786849,15.129401554037564,-19.59357997135553,0.7368460533683393,0.1781431477552533,0.652167856110183
680690.9424749999,519,0.8823512196540833,0.466904970631944,-0.544679968375114,680690.943201-0 680690.941749-1,-1.322663331892313,26.470689496874716,14.344055214226433,19.56920486759806,14.656099228219741,-23.908962421608535,-0.4628120591588291,0.3028473387164895,0.8331197316889717,-40.0468974786849,15.129401554037564,-19.59357997135553,0.7343799502205889,0.17342393012886106,0.6562089828497208
680690.9487000001,519,0.8823512196540833,0.4665834368103277,-0.5436835687898001,680690.943201-0 680690.954199-1,-1.3378334669322065,26.44484615793764,14.38155842395583,19.56920486759806,14.656099228219741,-23.908962421608535,-0.4628120591588291,0.3028473387164895,0.8331197316889717,-40.0468974786849,15.129401554037564,-19.59357997135553,0.7339716145546266,0.1721307662763352,0.6570058358410497
680690.952839,519,0.8735691606998444,0.464762609728394,-0.5445987066046081,680690.951479-0 680690.954199-1,-1.4212852163843959,26.414890955882715,14.310338248970556,19.56920486759806,14.656099228219741,-23.908962421608535,-0.46495937282325417,0.30225079115113646,0.832140156988183,-40.0468974786849,15.129401554037564,-19.59357997135553,0.7339716145546266,0.1721307662763352,0.6570058358410497
680690.958236,519,0.9290796220302582,0.4411304784819549,-0.5588552719098163,680690.962273-0 680690.954199-1,-2.48192830030292,26.17600065758228,13.353341930086327,19.56920486759806,14.656099228219741,-23.908962421608535,-0.4923067484593989,0.3003594821890473,0.8169566982897326,-40.0468974786849,15.129401554037564,-19.59357997135553,0.7339716145546266,0.1721307662763352,0.6570058358410497
680690.961645,519,0.9290796220302582,0.44109076346678017,-0.5567963702453811,680690.962273-0 680690.961017-1,-2.4752693378070667,26.03559214107193,13.37961736170758,19.56920486759806,14.656099228219741,-23.908962421608535,-0.4923067484593989,0.3003594821890473,0.8169566982897326,-40.0468974786849,15.129401554037564,-19.59357997135553,0.7341430316229759,0.16632192870662818,0.6583092169723386
680690.9674760001,519,0.9290796220302582,0.43775185713181103,-0.550045785954727,680690.962273-0 680690.972679-1,-2.6467282841645066,26.04203397726608,13.691534176540884,19.56920486759806,14.656099228219741,-23.908962421608535,-0.4923067484593989,0.3003594821890473,0.8169566982897326,-40.0468974786849,15.129401554037564,-19.59357997135553,0.7296394012804419,0.16427944717790527,0.6638061519254247
680690.9715745,519,0.9466979205608368,0.4323454464955043,-0.5544448797215678,680690.97047-0 680690.972679-1,-2.8867950647891476,26.05588427105776,13.446738230762957,19.56920486759806,14.656099228219741,-23.908962421608535,-0.4985011795509203,0.3027327624278284,0.8123111771600566,-40.0468974786849,15.129401554037564,-19.59357997135553,0.7296394012804419,0.16427944717790527,0.6638061519254247
680690.9779,520,0.9596628844738007,0.4439937143678573,-0.5583349889871876,680690.983121-0 680690.972679-1,-2.399981293498314,26.723929246488805,13.675059163061388,19.56920486759806,14.656099228219741,-23.908962421608535,-0.48629062312554694,0.32673453178849554,0.8104109917795534,-40.0468974786849,15.129401554037564,-19.59357997135553,0.7296394012804419,0.16427944717790527,0.6638061519254247
680690.981875,520,0.9596628844738007,0.44193835039415125,-0.5537462940869711,680690.983121-0 680690.980629-1,-2.5056504572222025,26.699900829703743,13.877546780470844,19.56920486759806,14.656099228219741,-23.908962421608535,-0.48629062312554694,0.32673453178849554,0.8104109917795534,-40.0468974786849,15.129401554037564,-19.59357997135553,0.7268407410282522,0.16176242753370484,0.6674844224548645
680690.9873395,520,0.9596628844738007,0.44026745861281336,-0.5513373012936067,680690.983121-0 680690.991558-1,-2.5982909043267064,26.777463834137713,14.029024272473034,19.56920486759806,14.656099228219741,-23.908962421608535,-0.48629062312554694,0.32673453178849554,0.8104109917795534,-40.0468974786849,15.129401554037564,-19.59357997135553,0.724391543655625,0.16365396725485779,0.6696822160412853
680690.990886,520,1.0,0.4459407905720765,-0.5483187546102035,680690.990214-0 680690.991558-1,-2.3415875054880324,26.855169273128467,14.260367457031986,19.56920486759806,14.656099228219741,-23.908962421608535,-0.4797292460490364,0.32787142398536445,0.8138551344183018,-40.0468974786849,15.129401554037564,-19.59357997135553,0.724391543655625,0.16365396725485779,0.6696822160412853
680690.996638,520,0.9908799529075623,0.4396325383823374,-0.5522882988720708,680691.001718-0 680690.991558-1,-2.6284062732571254,26.800576851928763,13.988801731968724,19.56920486759806,14.656099228219741,-23.908962421608535,-0.4870779029347771,0.32792609776848575,0.8094563551390482,-40.0468974786849,15.129401554037564,-19.59357997135553,0.724391543655625,0.16365396725485779,0.6696822160412853
680691.001199,520,0.9908799529075623,0.4273032104762498,-0.531408685589621,680691.001718-0 680691.0006799999-1,-3.3220640640346986,27.129479676165523,15.186338007265789,19.56920486759806,14.656099228219741,-23.908962421608535,-0.4870779029347771,0.32792609776848575,0.8094563551390482,-40.0468974786849,15.129401554037564,-19.59357997135553,0.7059011352053997,0.16726894271344722,0.6882766072730161
680691.006286,520,0.9858799529075623,0.40069964863946217,-0.48335656054800946,680691.001718-0 680691.010854-1,-4.957724661257821,27.639996321498845,18.07475377900292,19.56920486759806,14.656099228219741,-23.908962421608535,-0.4870779029347771,0.32792609776848575,0.8094563551390482,-40.0468974786849,15.129401554037564,-19.59357997135553,0.6615776487038283,0.16485279706753464,0.7315316603090561
680691.010086,520,0.99,0.3778709426605267,-0.49213713947675575,680691.0093179999-0 680691.010854-1,-6.021104590652772,27.259014809252655,16.93394423397917,19.56920486759806,14.656099228219741,-23.908962421608535,-0.5133278425970259,0.32289199783583356,0.7951322429308642,-40.0468974786849,15.129401554037564,-19.59357997135553,0.6615776487038283,0.16485279706753464,0.7315316603090561
680691.016994,521,0.99,0.3102688973612131,-0.5071418764989175,680691.023134-0 680691.010854-1,-8.896722648689419,25.909518686305333,13.972251374152815,19.56920486759806,14.656099228219741,-23.908962421608535,-0.5840974852093141,0.29433146393340454,0.756438442380458,-40.0468974786849,15.129401554037564,-19.59357997135553,0.6615776487038283,0.16485279706753464,0.7315316603090561
680691.0220349999,521,0.99,0.2745869800679992,-0.42193509432363174,680691.023134-0 680691.0209359999-1,-11.7646620023249,26.167224054245445,17.965004469286747,19.56920486759806,14.656099228219741,-23.908962421608535,-0.5840974852093141,0.29433146393340454,0.756438442380458,-40.0468974786849,15.129401554037564,-19.59357997135553,0.5845968619567408,0.14763385552048394,0.7977786370256403
680691.028161,521,0.9403055560588837,0.2714139069085129,-0.41344425301245047,680691.023134-0 680691.033188-1,-12.007434454325585,26.072042758431312,18.32104996542471,19.56920486759806,14.656099228219741,-23.908962421608535,-0.5840974852093141,0.29433146393340454,0.756438442380458,-40.0468974786849,15.129401554037564,-19.59357997135553,0.5780588499688735,0.14165841783304423,0.8036049145131593
680691.0336745,521,0.8396169245243073,0.25749166610999663,-0.4149879262180738,680691.0341609999-0 680691.033188-1,-12.5954818461701,25.78728011091292,17.545812870622964,19.56920486759806,14.656099228219741,-23.908962421608535,-0.5984763708940835,0.289146954634687,0.7471412664998054,-40.0468974786849,15.129401554037564,-19.59357997135553,0.5780588499688735,0.14165841783304423,0.8036049145131593
680691.037634,521,0.8943113684654236,0.25926690569285565,-0.4193165975359565,680691.0341609999-0 680691.041107-1,-12.415363083494697,25.737978444107057,17.311522826973484,19.56920486759806,14.656099228219741,-23.908962421608535,-0.5984763708940835,0.289146954634687,0.7471412664998054,-40.0468974786849,15.129401554037564,-19.59357997135553,0.582955226281235,0.14129233284414935,0.8001247907863199
680691.042387,521,0.9249911606311798,0.28127657623873825,-0.4065705602250804,680691.043667-0 680691.041107-1,-11.40535603787908,25.705210175201778,18.807192193155508,19.56920486759806,14.656099228219741,-23.908962421608535,-0.5737378462772033,0.2780149380654908,0.770410655405049,-40.0468974786849,15.129401554037564,-19.59357997135553,0.582955226281235,0.14129233284414935,0.8001247907863199
680691.0486554999,521,0.8988854289054871,0.28203679417181604,-0.40861006711180914,680691.043667-0 680691.053644-1,-11.345883999573534,25.723549620103523,18.718412959880403,19.56920486759806,14.656099228219741,-23.908962421608535,-0.5737378462772033,0.2780149380654908,0.770410655405049,-40.0468974786849,15.129401554037564,-19.59357997135553,0.584559320189617,0.14254614397833443,0.7987308670737351
680691.0535899999,522,0.897895097732544,0.29980869471780586,-0.3984927942078129,680691.053536-0 680691.053644-1,-10.53291641476994,25.754378097047468,19.89294890056525,19.56920486759806,14.656099228219741,-23.908962421608535,-0.5538050916367061,0.27153574118946083,0.7871265855845229,-40.0468974786849,15.129401554037564,-19.59357997135553,0.584559320189617,0.14254614397833443,0.7987308670737351
680691.057791,522,0.9220156073570251,0.3169147000167847,-0.38406371367070036,680691.061938-0 680691.053644-1,-9.721530434198444,25.617664053032485,21.11360862200971,19.56920486759806,14.656099228219741,-23.908962421608535,-0.5339167421812038,0.2590027148277833,0.8048916114176167,-40.0468974786849,15.129401554037564,-19.59357997135553,0.584559320189617,0.14254614397833443,0.7987308670737351
680691.0611935,522,0.9133533537387848,0.31748420887961853,-0.38535194580506715,680691.061938-0 680691.060449-1,-9.666900651813163,25.59501593744995,21.030029419906555,19.56920486759806,14.656099228219741,-23.908962421608535,-0.5339167421812038,0.2590027148277833,0.8048916114176167,-40.0468974786849,15.129401554037564,-19.59357997135553,0.5860411487031194,0.14221777721882692,0.7977028744273549
680691.0659145,522,0.9381642937660217,0.31855556337371993,-0.38757403324701367,680691.061938-0 680691.0698909999-1,-9.559458922780166,25.532186846734174,20.86888850199283,19.56920486759806,14.656099228219741,-23.908962421608535,-0.5339167421812038,0.2590027148277833,0.8048916114176167,-40.0468974786849,15.129401554037564,-19.59357997135553,0.5889582663277119,0.14088031800403256,0.7957894800280654
680691.0693165,522,0.9243272244930267,0.3320279286212642,-0.3791652357280453,680691.068742-0 680691.0698909999-1,-8.938712049788503,25.594127272113944,21.73800571376377,19.56920486759806,14.656099228219741,-23.908962421608535,-0.5187649100976464,0.2558809471286303,0.815725388196258,-40.0468974786849,15.129401554037564,-19.59357997135553,0.5889582663277119,0.14088031800403256,0.7957894800280654
680691.0732765,522,0.954429417848587,0.3443827849381559,-0.3671921429454359,680691.076662-0 680691.0698909999-1,-8.342888965728855,25.48043276378481,22.62124942148627,19.56920486759806,14.656099228219741,-23.908962421608535,-0.5042499493076191,0.24661641105438714,0.8275943054552255,-40.0468974786849,15.129401554037564,-19.59357997135553,0.5889582663277119,0.14088031800403256,0.7957894800280654
680691.0774640001,522,0.9643864631652832,0.3452458424878471,-0.3689944469321478,680691.076662-0 680691.078266-1,-8.262569890395005,25.43684164146536,22.48958627359666,19.56920486759806,14.656099228219741,-23.908962421608535,-0.5042499493076191,0.24661641105438714,0.8275943054552255,-40.0468974786849,15.129401554037564,-19.59357997135553,0.5911474930950009,0.1400717154901031,0.7943075952848213
680691.0825285,522,0.8791337609291077,0.3463146254098558,-0.3687999138906104,680691.086791-0 680691.078266-1,-8.215036180482567,25.46676321814801,22.54838500675505,19.56920486759806,14.656099228219741,-23.908962421608535,-0.5031000824782268,0.24731185403128725,0.8280864410591495,-40.0468974786849,15.129401554037564,-19.59357997135553,0.5911474930950009,0.1400717154901031,0.7943075952848213
680691.0872589999,522,0.8729050159454346,0.34564976045312157,-0.36713390841495785,680691.086791-0 680691.087727-1,-8.271703878473605,25.47611497372474,22.645406931006644,19.56920486759806,14.656099228219741,-23.908962421608535,-0.5031000824782268,0.24731185403128725,0.8280864410591495,-40.0468974786849,15.129401554037564,-19.59357997135553,0.5896041238484501,0.13985513135634256,0.7954919983093494
680691.0908059999,522,0.9263273179531097,0.35990041801338546,-0.3531904093571838,680691.093885-0 680691.087727-1,-7.5782967097974385,25.37017814673555,23.65943522682255,19.56920486759806,14.656099228219741,-23.908962421608535,-0.4863041258726559,0.23775000071199362,0.840822950638646,-40.0468974786849,15.129401554037564,-19.59357997135553,0.5896041238484501,0.13985513135634256,0.7954919983093494
680691.0941635,523,0.9325560629367828,0.36042304928750246,-0.35349169268158565,680691.093885-0 680691.094442-1,-7.520370356574253,25.283789607223216,23.56925729021448,19.56920486759806,14.656099228219741,-23.908962421608535,-0.4863041258726559,0.23775000071199362,0.840822950638646,-40.0468974786849,15.129401554037564,-19.59357997135553,0.591192372823913,0.13731211130646379,0.7947559137265936
680691.0978534999,523,0.9377219080924988,0.37556474639857057,-0.3382229792418825,680691.101265-0 680691.094442-1,-6.772929553617679,25.18026430562497,24.65008559332923,19.56920486759806,14.656099228219741,-23.908962421608535,-0.46832491683776706,0.2281371646361504,0.8535954582708816,-40.0468974786849,15.129401554037564,-19.59357997135553,0.591192372823913,0.13731211130646379,0.7947559137265936
680691.1015494999,523,0.8621099293231964,0.3762297316048698,-0.33987498364512136,680691.101265-0 680691.101834-1,-6.718234592890454,25.169817092998965,24.547229196007617,19.56920486759806,14.656099228219741,-23.908962421608535,-0.46832491683776706,0.2281371646361504,0.8535954582708816,-40.0468974786849,15.129401554037564,-19.59357997135553,0.592697468660181,0.13749107434609895,0.7936031219186134
680691.106107,523,0.8859408497810364,0.3838829457873653,-0.3311340010623649,680691.11038-0 680691.101834-1,-6.331727837609817,25.081151060788883,25.11101248098229,19.56920486759806,14.656099228219741,-23.908962421608535,-0.45907929577737516,0.2220322002642964,0.86020224496007,-40.0468974786849,15.129401554037564,-19.59357997135553,0.592697468660181,0.13749107434609895,0.7936031219186134
680691.110308,523,0.9326872527599335,0.3861414266455695,-0.3364525763635542,680691.11038-0 680691.110236-1,-6.1479280246041395,25.029255824099565,24.75918893600712,19.56920486759806,14.656099228219741,-23.908962421608535,-0.45907929577737516,0.2220322002642964,0.86020224496007,-40.0468974786849,15.129401554037564,-19.59357997135553,0.5977785832979113,0.13751514390182765,0.7897786718745967
680691.1147465,523,0.9420702159404755,0.38813660082009105,-0.3405724675234245,680691.11038-0 680691.119113-1,-5.983923236535851,24.947923396647468,24.451547634086328,19.56920486759806,14.656099228219741,-23.908962421608535,-0.45907929577737516,0.2220322002642964,0.86020224496007,-40.0468974786849,15.129401554037564,-19.59357997135553,0.6023195667897869,0.13628391253190628,0.7865353359176938
680691.1197645001,523,0.9509771764278412,0.38915225869520687,-0.3364596133620965,680691.120416-0 680691.119113-1,-5.92258823099464,24.800511387840345,24.571483045402886,19.56920486759806,14.656099228219741,-23.908962421608535,-0.4575928592489206,0.21634130259854645,0.8624414275499303,-40.0468974786849,15.129401554037564,-19.59357997135553,0.6023195667897869,0.13628391253190628,0.7865353359176938
680691.1239205,523,0.9059014022350311,0.3883031252256118,-0.33509959800406275,680691.120416-0 680691.127425-1,-5.995101367813795,24.86061632690702,24.703760139493365,19.56920486759806,14.656099228219741,-23.908962421608535,-0.4575928592489206,0.21634130259854645,0.8624414275499303,-40.0468974786849,15.129401554037564,-19.59357997135553,0.6003090882174992,0.13769615552491818,0.7878253406416502
680691.127966,523,0.8384017050266266,0.3875301085321031,-0.33722207959979644,680691.1285069999-0 680691.127425-1,-6.0383887437496835,24.926464854537315,24.628352939394993,19.56920486759806,14.656099228219741,-23.908962421608535,-0.4586355399445129,0.21899678446188856,0.8612164942075586,-40.0468974786849,15.129401554037564,-19.59357997135553,0.6003090882174992,0.13769615552491818,0.7878253406416502
680691.1318765,524,0.8676397204399109,0.38684244695357944,-0.33570913621267784,680691.1285069999-0 680691.135246-1,-6.0941938287015915,24.948317681414142,24.734223021307873,19.56920486759806,14.656099228219741,-23.908962421608535,-0.4586355399445129,0.21899678446188856,0.8612164942075586,-40.0468974786849,15.129401554037564,-19.59357997135553,0.5987638957361138,0.13791013302316574,0.7889629854260876
680691.135768,524,0.9011923372745514,0.3804342851538559,-0.3394454662107005,680691.1362899999-0 680691.135246-1,-6.403224955557926,24.859612778884895,24.33059632878684,19.56920486759806,14.656099228219741,-23.908962421608535,-0.4660157111895263,0.2181551764389065,0.8574600141799206,-40.0468974786849,15.129401554037564,-19.59357997135553,0.5987638957361138,0.13791013302316574,0.7889629854260876
680691.138921,524,0.9018903374671936,0.37446208829769034,-0.3247188376360708,680691.1362899999-0 680691.141552-1,-6.894534428790575,24.962385771495775,25.259204495842848,19.56920486759806,14.656099228219741,-23.908962421608535,-0.4660157111895263,0.2181551764389065,0.8574600141799206,-40.0468974786849,15.129401554037564,-19.59357997135553,0.5852301469634914,0.13672359309269747,0.7992573641680837
680691.1429214999,524,0.8943831920623779,0.364216838711938,-0.3280806507151517,680691.144291-0 680691.141552-1,-7.374310801588303,24.708062389636588,24.637253556029865,19.56920486759806,14.656099228219741,-23.908962421608535,-0.477467726792926,0.21281033831972188,0.8524883165037753,-40.0468974786849,15.129401554037564,-19.59357997135553,0.5852301469634914,0.13672359309269747,0.7992573641680837
680691.147535,524,0.820927083492279,0.3567038345332424,-0.3060861439833358,680691.144291-0 680691.150779-1,-8.004611549121414,24.64199214974836,25.823524037586644,19.56920486759806,14.656099228219741,-23.908962421608535,-0.477467726792926,0.21281033831972188,0.8524883165037753,-40.0468974786849,15.129401554037564,-19.59357997135553,0.5680204733674843,0.1285558375239262,0.8129121345347854
680691.1529699999,524,0.8154116868972778,0.35290090671223034,-0.3071646727619699,680691.155161-0 680691.150779-1,-8.180443101916156,24.542284855991813,25.58559607344196,19.56920486759806,14.656099228219741,-23.908962421608535,-0.481665594469775,0.21065556946386188,0.8506600297168864,-40.0468974786849,15.129401554037564,-19.59357997135553,0.5680204733674843,0.1285558375239262,0.8129121345347854
680691.1572735,524,0.8028636574745178,0.3458943739053735,-0.2879855081689444,680691.155161-0 680691.159386-1,-8.838933154791228,24.62805642209228,26.783449027160383,19.56920486759806,14.656099228219741,-23.908962421608535,-0.481665594469775,0.21065556946386188,0.8506600297168864,-40.0468974786849,15.129401554037564,-19.59357997135553,0.5501726866483622,0.12569564148233847,0.825536565258297
680691.1604825,524,0.7808113098144531,0.3339159918527173,-0.2894511191163174,680691.161579-0 680691.159386-1,-9.379613258058143,24.234012844720496,26.032962590366683,19.56920486759806,14.656099228219741,-23.908962421608535,-0.49459794794353334,0.20113634981771797,0.8455276687797096,-40.0468974786849,15.129401554037564,-19.59357997135553,0.5501726866483622,0.12569564148233847,0.825536565258297
680691.1660374999,524,0.85646653175354,0.3312811841103593,-0.28076566078004594,680691.161579-0 680691.170496-1,-9.622061545990201,24.17183168265869,26.472534984106673,19.56920486759806,14.656099228219741,-23.908962421608535,-0.49459794794353334,0.20113634981771797,0.8455276687797096,-40.0468974786849,15.129401554037564,-19.59357997135553,0.5436507487724456,0.12151898639179536,0.8304679399624465
680691.171381,525,0.8882392942905426,0.3323674372932059,-0.2771603613575644,680691.172266-0 680691.170496-1,-9.558738900818202,24.05424123859514,26.59885948492595,19.56920486759806,14.656099228219741,-23.908962421608535,-0.4930685153125446,0.19657998057128817,0.8474902656939929,-40.0468974786849,15.129401554037564,-19.59357997135553,0.5436507487724456,0.12151898639179536,0.8304679399624465
680691.1747985,525,0.8739159405231476,0.3323924168683775,-0.276410681418767,680691.172266-0 680691.177331-1,-9.542127479921039,23.991362211517753,26.57840392886272,19.56920486759806,14.656099228219741,-23.908962421608535,-0.4930685153125446,0.19657998057128817,0.8474902656939929,-40.0468974786849,15.129401554037564,-19.59357997135553,0.5441009355950969,0.11946781984417361,0.8304707170672668
680691.178175,525,0.896714836359024,0.33478270971365076,-0.2736185279421215,680691.179019-0 680691.177331-1,-9.424872911689933,23.9585429357927,26.77054420951634,19.56920486759806,14.656099228219741,-23.908962421608535,-0.490251629059713,0.19457603066573337,0.8495843151180846,-40.0468974786849,15.129401554037564,-19.59357997135553,0.5441009355950969,0.11946781984417361,0.8304707170672668
680691.183039,525,0.8450294137001038,0.3347358260130715,-0.27363262672346655,680691.179019-0 680691.187059-1,-9.432036901328127,23.97018822800683,26.781718220849417,19.56920486759806,14.656099228219741,-23.908962421608535,-0.490251629059713,0.19457603066573337,0.8495843151180846,-40.0468974786849,15.129401554037564,-19.59357997135553,0.5439076442306868,0.11981373375866615,0.830547496384302
680691.1866215,525,0.8407209515571594,0.3353432858583142,-0.27156810427349987,680691.186184-0 680691.187059-1,-9.39651823360847,23.902592459190803,26.852373477487948,19.56920486759806,14.656099228219741,-23.908962421608535,-0.489395633740927,0.19197844605292164,0.8506680844644529,-40.0468974786849,15.129401554037564,-19.59357997135553,0.5439076442306868,0.11981373375866615,0.830547496384302
680691.191317,525,0.7859108150005341,0.33491512797747064,-0.2720856632834081,680691.195575-0 680691.187059-1,-9.417621629964197,23.909176175030414,26.81767774864995,19.56920486759806,14.656099228219741,-23.908962421608535,-0.48990209757718656,0.19236046602858742,0.8502901774681026,-40.0468974786849,15.129401554037564,-19.59357997135553,0.5439076442306868,0.11981373375866615,0.830547496384302
680691.19522,525,0.8242948353290558,0.3350620901197211,-0.27163529627579885,680691.195575-0 680691.194865-1,-9.388603386441895,23.84257660786318,26.77510660750459,19.56920486759806,14.656099228219741,-23.908962421608535,-0.48990209757718656,0.19236046602858742,0.8502901774681026,-40.0468974786849,15.129401554037564,-19.59357997135553,0.5446917020976157,0.11773707219931488,0.8303306157765926
680691.2009185001,525,0.8367233574390411,0.3357450456222378,-0.2717009031362836,680691.195575-0 680691.206262-1,-9.289563841529032,23.694665476471528,26.617964353545748,19.56920486759806,14.656099228219741,-23.908962421608535,-0.48990209757718656,0.19236046602858742,0.8502901774681026,-40.0468974786849,15.129401554037564,-19.59357997135553,0.5473654761582576,0.11338597766951643,0.8291770954253209
680691.2045795,526,0.8568514883518219,0.33645100892929214,-0.26942461970903375,680691.202897-0 680691.206262-1,-9.249087860566103,23.62196305160765,26.69673858527825,19.56920486759806,14.656099228219741,-23.908962421608535,-0.48892706189171886,0.18955265095809923,0.8514811334754799,-40.0468974786849,15.129401554037564,-19.59357997135553,0.5473654761582576,0.11338597766951643,0.8291770954253209
680691.2090135,526,0.8561770617961884,0.3369174387887959,-0.26528189385528744,680691.211765-0 680691.206262-1,-9.211529394785199,23.4596678164175,26.78926559099171,19.56920486759806,14.656099228219741,-23.908962421608535,-0.4880173540837592,0.183667370747479,0.8532908994216418,-40.0468974786849,15.129401554037564,-19.59357997135553,0.5473654761582576,0.11338597766951643,0.8291770954253209
680691.213081,526,0.8514707982540131,0.3366517347263137,-0.26395259806201565,680691.211765-0 680691.214397-1,-9.228997789903318,23.420964614449076,26.826013676098075,19.56920486759806,14.656099228219741,-23.908962421608535,-0.4880173540837592,0.183667370747479,0.8532908994216418,-40.0468974786849,15.129401554037564,-19.59357997135553,0.5468965190386847,0.1119095119969535,0.8296869642148015
680691.216984,526,0.8815382421016693,0.3374284909501676,-0.2612807989944905,680691.219571-0 680691.214397-1,-9.183941337561476,23.334106965487436,26.91404021310143,19.56920486759806,14.656099228219741,-23.908962421608535,-0.48693325671490895,0.18035336188009635,0.8546160941402633,-40.0468974786849,15.129401554037564,-19.59357997135553,0.5468965190386847,0.1119095119969535,0.8296869642148015
680691.2214335001,526,0.8073178231716156,0.33783788127062636,-0.262200028235652,680691.219571-0 680691.223296-1,-9.139479528845387,23.311911882034448,26.836632512439962,19.56920486759806,14.656099228219741,-23.908962421608535,-0.48693325671490895,0.18035336188009635,0.8546160941402633,-40.0468974786849,15.129401554037564,-19.59357997135553,0.5480959225209052,0.11147639222289064,0.8289534810186433
680691.224495,526,0.760572075843811,0.3395588521319514,-0.26059788112161275,680691.225694-0 680691.223296-1,-9.057231528181267,23.306025264022832,26.965757059663666,19.56920486759806,14.656099228219741,-23.908962421608535,-0.4849641718854688,0.17959293059287323,0.8558949300401917,-40.0468974786849,15.129401554037564,-19.59357997135553,0.5480959225209052,0.11147639222289064,0.8289534810186433
680691.2300015,526,0.8578904569149017,0.3393917135580046,-0.25884293684420157,680691.225694-0 680691.234309-1,-9.054589811617369,23.216601242144385,26.972799920560504,19.56920486759806,14.656099228219741,-23.908962421608535,-0.4849641718854688,0.17959293059287323,0.8558949300401917,-40.0468974786849,15.129401554037564,-19.59357997135553,0.5481707503587703,0.10840025702303614,0.8293118911051756
680691.2360395,526,0.8783199787139893,0.34001929755504845,-0.25601207174775875,680691.23777-0 680691.234309-1,-9.015658315753232,23.1178712835219,27.052926356133533,19.56920486759806,14.656099228219741,-23.908962421608535,-0.4840278285930012,0.17592343517219003,0.8571860977085198,-40.0468974786849,15.129401554037564,-19.59357997135553,0.5481707503587703,0.10840025702303614,0.8293118911051756
680691.241135,527,0.8798219263553619,0.33977210467696317,-0.2552126249088642,680691.23777-0 680691.2445-1,-9.038698976045003,23.113712673892636,27.095434021386797,19.56920486759806,14.656099228219741,-23.908962421608535,-0.4840278285930012,0.17592343517219003,0.8571860977085198,-40.0468974786849,15.129401554037564,-19.59357997135553,0.5475494828952016,0.10808577645556745,0.8297632365375044
680691.2448105,527,0.8481659293174744,0.34134052599729514,-0.25381414941483404,680691.245121-0 680691.2445-1,-8.963936053281502,23.11120112143949,27.212272787694577,19.56920486759806,14.656099228219741,-23.908962421608535,-0.48224114703211896,0.1753444718880427,0.8583110113982282,-40.0468974786849,15.129401554037564,-19.59357997135553,0.5475494828952016,0.10808577645556745,0.8297632365375044
680691.250765,527,0.796403706073761,0.3417528079509071,-0.2548694375092577,680691.245121-0 680691.256409-1,-8.92160781859163,23.098742743163115,27.136424651740093,19.56920486759806,14.656099228219741,-23.908962421608535,-0.48224114703211896,0.1753444718880427,0.8583110113982282,-40.0468974786849,15.129401554037564,-19.59357997135553,0.548691971295682,0.10796945564447591,0.8290233514705686
680691.2554275,527,0.8203013241291046,0.340816292419405,-0.2529535226856938,680691.254446-0 680691.256409-1,-8.955355393649524,22.982186906178303,27.106664600004645,19.56920486759806,14.656099228219741,-23.908962421608535,-0.4830414938570176,0.17154223269629357,0.858629243395513,-40.0468974786849,15.129401554037564,-19.59357997135553,0.548691971295682,0.10796945564447591,0.8290233514705686
680691.2584655001,527,0.8528256416320801,0.33636789896447405,-0.25081402372448536,680691.260522-0 680691.256409-1,-9.141341496533544,22.730348281558175,26.86578178238543,19.56920486759806,14.656099228219741,-23.908962421608535,-0.48747997141539345,0.1640172310629539,0.857590593105643,-40.0468974786849,15.129401554037564,-19.59357997135553,0.548691971295682,0.10796945564447591,0.8290233514705686
680691.265247,527,0.91524538397789,0.3360143147689667,-0.24822135116914734,680691.260522-0 680691.269972-1,-9.152695553241717,22.623728730475776,26.899878988385645,19.56920486759806,14.656099228219741,-23.908962421608535,-0.48747997141539345,0.1640172310629539,0.857590593105643,-40.0468974786849,15.129401554037564,-19.59357997135553,0.5483892884720044,0.1041878445101003,0.8297072262825653
680691.2694475,527,0.9163888394832611,0.3333096126981968,-0.2528092661000545,680691.268923-0 680691.269972-1,-9.288449298492745,22.722672616290616,26.67100920415489,19.56920486759806,14.656099228219741,-23.908962421608535,-0.4907393293527715,0.16830638922999652,0.85489640891207,-40.0468974786849,15.129401554037564,-19.59357997135553,0.5483892884720044,0.1041878445101003,0.8297072262825653
680691.2745825,528,0.927415132522583,0.3333191297318902,-0.2526101277606516,680691.2791929999-0 680691.269972-1,-9.287221512687987,22.714565544729577,26.674442702066415,19.56920486759806,14.656099228219741,-23.908962421608535,-0.49070950478733094,0.16801665854271133,0.8549705166633024,-40.0468974786849,15.129401554037564,-19.59357997135553,0.5483892884720044,0.1041878445101003,0.8297072262825653
680691.278707,528,0.9012058973312378,0.33335412648830365,-0.25215144551442914,680691.2791929999-0 680691.278221-1,-9.274839590096795,22.67437929270426,26.657290714553675,19.56920486759806,14.656099228219741,-23.908962421608535,-0.49070950478733094,0.16801665854271133,0.8549705166633024,-40.0468974786849,15.129401554037564,-19.59357997135553,0.5487246263967771,0.10287466169031943,0.8296493767657634
680691.28322,528,0.8881419897079468,0.3348402289098222,-0.2567514803276696,680691.2791929999-0 680691.287247-1,-9.133472976032794,22.684324904336364,26.403343266916277,19.56920486759806,14.656099228219741,-23.908962421608535,-0.49070950478733094,0.16801665854271133,0.8549705166633024,-40.0468974786849,15.129401554037564,-19.59357997135553,0.5525395881126237,0.10421047269392049,0.8269462987094396
680691.2867325,528,0.8716175258159637,0.3363125983089793,-0.2565523361446944,680691.286218-0 680691.287247-1,-9.069109937787745,22.72762794903656,26.49389255523183,19.56920486759806,14.656099228219741,-23.908962421608535,-0.4891670026951204,0.16912215605767614,0.8556362193155891,-40.0468974786849,15.129401554037564,-19.59357997135553,0.5525395881126237,0.10421047269392049,0.8269462987094396
680691.290755,528,0.8628325164318085,0.33844469611686756,-0.25565720104898637,680691.294263-0 680691.287247-1,-8.97306227826256,22.76512502129684,26.6341393648354,19.56920486759806,14.656099228219741,-23.908962421608535,-0.4868662715739753,0.16982175139174976,0.8568090839608872,-40.0468974786849,15.129401554037564,-19.59357997135553,0.5525395881126237,0.10421047269392049,0.8269462987094396
680691.2939795,528,0.8348219692707062,0.33992148035502423,-0.26006140585603976,680691.294263-0 680691.293696-1,-8.833391963232218,22.766127033926104,26.3816631678717,19.56920486759806,14.656099228219741,-23.908962421608535,-0.4868662715739753,0.16982175139174976,0.8568090839608872,-40.0468974786849,15.129401554037564,-19.59357997135553,0.5563170106536793,0.10524257921326567,0.8242787047946184
680691.2994085001,528,0.8946696519851685,0.3411677407828809,-0.261923509338732,680691.294263-0 680691.304554-1,-8.69049141776466,22.63906622552667,26.1394547459776,19.56920486759806,14.656099228219741,-23.908962421608535,-0.4868662715739753,0.16982175139174976,0.8568090839608872,-40.0468974786849,15.129401554037564,-19.59357997135553,0.5601922092126926,0.1018102379791293,0.8220823341855947
680691.3038645,528,0.8970203399658203,0.34292716055647177,-0.2593808809670093,680691.303175-0 680691.304554-1,-8.604246596751686,22.593410691668016,26.277799674602466,19.56920486759806,14.656099228219741,-23.908962421608535,-0.4847968558532774,0.1676936770624598,0.8584001626444673,-40.0468974786849,15.129401554037564,-19.59357997135553,0.5601922092126926,0.1018102379791293,0.8220823341855947
680691.3085779999,528,0.8469904363155365,0.34573964006331614,-0.2569272780817129,680691.312602-0 680691.304554-1,-8.472381545879253,22.58909866691925,26.47685097907168,19.56920486759806,14.656099228219741,-23.908962421608535,-0.481640539050015,0.1667386650919505,0.860360743355347,-40.0468974786849,15.129401554037564,-19.59357997135553,0.5601922092126926,0.1018102379791293,0.8220823341855947
680691.3125715,529,0.797571986913681,0.34505273242096735,-0.25521666491039463,680691.312602-0 680691.312541-1,-8.540090733937127,22.6101210978705,26.598281581450923,19.56920486759806,14.656099228219741,-23.908962421608535,-0.481640539050015,0.1667386650919505,0.860360743355347,-40.0468974786849,15.129401554037564,-19.59357997135553,0.5583550151804961,0.10206410805723266,0.8232998207635354
680691.317086,529,0.8673374652862549,0.34512503874422623,-0.2552786599721113,680691.312602-0 680691.32157-1,-8.531330348281902,22.599844651260653,26.583503971755466,19.56920486759806,14.656099228219741,-23.908962421608535,-0.481640539050015,0.1667386650919505,0.860360743355347,-40.0468974786849,15.129401554037564,-19.59357997135553,0.5585928433514634,0.10176792918583491,0.8231751477940489
680691.3209725,529,0.8703224658966064,0.34430639126258766,-0.25560196862825624,680691.320375-0 680691.32157-1,-8.568282975188353,22.584430084206375,26.530601790565946,19.56920486759806,14.656099228219741,-23.908962421608535,-0.48252344665097485,0.16642718133146603,0.8599262275021777,-40.0468974786849,15.129401554037564,-19.59357997135553,0.5585928433514634,0.10176792918583491,0.8231751477940489
680691.326431,529,0.8853210508823395,0.34681340954342327,-0.25410003894165034,680691.331292-0 680691.32157-1,-8.452946421141055,22.61019226535103,26.699888580788596,19.56920486759806,14.656099228219741,-23.908962421608535,-0.47976799305418233,0.1666206701918697,0.861429175908022,-40.0468974786849,15.129401554037564,-19.59357997135553,0.5585928433514634,0.10176792918583491,0.8231751477940489
680691.3299225001,529,0.9020263850688934,0.3471724509728841,-0.25476365011288626,680691.331292-0 680691.328553-1,-8.414611628035082,22.58376464524283,26.632567725904597,19.56920486759806,14.656099228219741,-23.908962421608535,-0.47976799305418233,0.1666206701918697,0.861429175908022,-40.0468974786849,15.129401554037564,-19.59357997135553,0.559633636379585,0.10111975907741019,0.8225478632618828
680691.3349065001,529,0.8659895658493042,0.3464153019469394,-0.2530843156622129,680691.331292-0 680691.338521-1,-8.491931575958569,22.620723225618363,26.770362965051202,19.56920486759806,14.656099228219741,-23.908962421608535,-0.47976799305418233,0.1666206701918697,0.861429175908022,-40.0468974786849,15.129401554037564,-19.59357997135553,0.5575353016679776,0.10185747409845629,0.8238807209567897
680691.3390845,529,0.9027278125286102,0.34901168926994297,-0.2518019447538242,680691.339648-0 680691.338521-1,-8.372836292984054,22.659875552039132,26.943321796737973,19.56920486759806,14.656099228219741,-23.908962421608535,-0.47692826610466293,0.16725044052512295,0.8628827957113016,-40.0468974786849,15.129401554037564,-19.59357997135553,0.5575353016679776,0.10185747409845629,0.8238807209567897
680691.3421499999,529,0.871178925037384,0.3485034320804644,-0.24877666876367832,680691.339648-0 680691.344652-1,-8.400203051008594,22.557077944619145,27.006502118453156,19.56920486759806,14.656099228219741,-23.908962421608535,-0.47692826610466293,0.16725044052512295,0.8628827957113016,-40.0468974786849,15.129401554037564,-19.59357997135553,0.5567956458652998,0.09810098583558895,0.8248362293955869
680691.3464215,530,0.8406133949756622,0.34833961811798797,-0.2482248238405873,680691.3481909999-0 680691.344652-1,-8.405354033657055,22.527801445971896,27.00413971753455,19.56920486759806,14.656099228219741,-23.908962421608535,-0.4770495915431275,0.16626854412123654,0.8630054799619405,-40.0468974786849,15.129401554037564,-19.59357997135553,0.5567956458652998,0.09810098583558895,0.8248362293955869
680691.3503614999,530,0.8779180943965912,0.3480671546863395,-0.2461782619900923,680691.3481909999-0 680691.3525319999-1,-8.41447930012833,22.444267424171347,27.0307618139496,19.56920486759806,14.656099228219741,-23.908962421608535,-0.4770495915431275,0.16626854412123654,0.8630054799619405,-40.0468974786849,15.129401554037564,-19.59357997135553,0.556550206648929,0.09514389958636363,0.8253481119203792
680691.3533445,530,0.8281078636646271,0.34852500836442407,-0.24527574729707302,680691.354157-0 680691.3525319999-1,-8.390967932910348,22.422585661761893,27.07043211072092,19.56920486759806,14.656099228219741,-23.908962421608535,-0.4764881818087976,0.1653791696687695,0.8634863883329108,-40.0468974786849,15.129401554037564,-19.59357997135553,0.556550206648929,0.09514389958636363,0.8253481119203792
680691.3575185,530,0.7951021790504456,0.34825411436465137,-0.24408363209669748,680691.354157-0 680691.3608799999-1,-8.411068567178344,22.396177269784324,27.11071529197015,19.56920486759806,14.656099228219741,-23.908962421608535,-0.4764881818087976,0.1653791696687695,0.8634863883329108,-40.0468974786849,15.129401554037564,-19.59357997135553,0.5560058268351195,0.09409106265136691,0.8258355722869605
680691.3607715,530,0.8482887744903564,0.3523186013295182,-0.23878777280319397,680691.360663-0 680691.3608799999-1,-8.211990735147321,22.31907803890769,27.426982524475456,19.56920486759806,14.656099228219741,-23.908962421608535,-0.47174761675785537,0.16155533775096442,0.866806817536327,-40.0468974786849,15.129401554037564,-19.59357997135553,0.5560058268351195,0.09409106265136691,0.8258355722869605
680691.3660479999,530,0.8487558960914612,0.3556004258229609,-0.23291108347330458,680691.3712159999-0 680691.3608799999-1,-8.044881507644654,22.190074913826944,27.703266544916954,19.56920486759806,14.656099228219741,-23.908962421608535,-0.46777585061682847,0.15616687047123395,0.8699411831537367,-40.0468974786849,15.129401554037564,-19.59357997135553,0.5560058268351195,0.09409106265136691,0.8258355722869605
680691.3700015,530,0.857705146074295,0.3562346299304707,-0.23252172739796295,680691.3712159999-0 680691.368787-1,-7.961043701725844,22.04690640431618,27.559865262466076,19.56920486759806,14.656099228219741,-23.908962421608535,-0.46777585061682847,0.15616687047123395,0.8699411831537367,-40.0468974786849,15.129401554037564,-19.59357997135553,0.558286233886494,0.08973795484654941,0.8247809288003654
680691.3754445,530,0.859057754278183,0.35607424659699516,-0.2314814566272665,680691.3712159999-0 680691.379673-1,-7.969241687507306,22.010412301639374,27.57932626328646,19.56920486759806,14.656099228219741,-23.908962421608535,-0.46777585061682847,0.15616687047123395,0.8699411831537367,-40.0468974786849,15.129401554037564,-19.59357997135553,0.558063829852345,0.08842882465987181,0.8250727875647134
680691.3795135,531,0.8773045241832733,0.36095387996987294,-0.22645303713479392,680691.379354-0 680691.379673-1,-7.733617172582889,21.97612845282559,27.940425290924914,19.56920486759806,14.656099228219741,-23.908962421608535,-0.46219693048383276,0.15370050612039085,0.8733556846266352,-40.0468974786849,15.129401554037564,-19.59357997135553,0.558063829852345,0.08842882465987181,0.8250727875647134
680691.383729,531,0.9345239996910095,0.36472038523704337,-0.2235943635222204,680691.387785-0 680691.379673-1,-7.553735584251996,21.99413840672785,28.208457289097275,19.56920486759806,14.656099228219741,-23.908962421608535,-0.4579529527250091,0.1533364415651756,0.8756523446999812,-40.0468974786849,15.129401554037564,-19.59357997135553,0.558063829852345,0.08842882465987181,0.8250727875647134
680691.3873845,531,0.95328089594841,0.36421566573258335,-0.22246055512558316,680691.387785-0 680691.386984-1,-7.602907526419914,22.01443277294917,28.302198318485072,19.56920486759806,14.656099228219741,-23.908962421608535,-0.4579529527250091,0.1533364415651756,0.8756523446999812,-40.0468974786849,15.129401554037564,-19.59357997135553,0.5567240477702038,0.08879000590493472,0.8259386596386936
680691.390338,531,0.9875088334083557,0.36425966271127,-0.2230336589674633,680691.387785-0 680691.392891-1,-7.603338912247404,22.041908584709397,28.300093719471164,19.56920486759806,14.656099228219741,-23.908962421608535,-0.4579529527250091,0.1533364415651756,0.8756523446999812,-40.0468974786849,15.129401554037564,-19.59357997135553,0.556712048880546,0.08972143130089826,0.8258460869899079
680691.3933685,531,0.944631814956665,0.36744239509212645,-0.22049054851723748,680691.393846-0 680691.392891-1,-7.449573360646491,22.053065511228375,28.53074218064946,19.56920486759806,14.656099228219741,-23.908962421608535,-0.4543353455920111,0.15287535647114198,0.8776152454974838,-40.0468974786849,15.129401554037564,-19.59357997135553,0.556712048880546,0.08972143130089826,0.8258460869899079
680691.3980075,531,0.944631814956665,0.3678669008214156,-0.2206309677617413,680691.393846-0 680691.402169-1,-7.400836388065235,21.986801253693812,28.44179947424044,19.56920486759806,14.656099228219741,-23.908962421608535,-0.4543353455920111,0.15287535647114198,0.8776152454974838,-40.0468974786849,15.129401554037564,-19.59357997135553,0.5580415750296741,0.08780303116083316,0.8251546692938061
680691.4019285,531,0.953677237033844,0.37404755356471153,-0.21748736184439244,680691.401688-0 680691.402169-1,-7.105284084840834,22.08709093715715,28.870193760216385,19.56920486759806,14.656099228219741,-23.908962421608535,-0.4474083115794933,0.15466728628864296,0.8808540363089074,-40.0468974786849,15.129401554037564,-19.59357997135553,0.5580415750296741,0.08780303116083316,0.8251546692938061
680691.406939,531,0.9482682347297668,0.3781305499013033,-0.21338194566098667,680691.411709-0 680691.402169-1,-6.901542474804854,22.069262376990245,29.180237934810727,19.56920486759806,14.656099228219741,-23.908962421608535,-0.44264866549963544,0.15297010934692665,0.8835509632034708,-40.0468974786849,15.129401554037564,-19.59357997135553,0.5580415750296741,0.08780303116083316,0.8251546692938061
680691.4107035,531,0.8898569345474243,0.37817356528550994,-0.21490530417667664,680691.411709-0 680691.409698-1,-6.909015172701121,22.15214160980902,29.18652780536525,19.56920486759806,14.656099228219741,-23.908962421608535,-0.44264866549963544,0.15297010934692665,0.8835509632034708,-40.0468974786849,15.129401554037564,-19.59357997135553,0.5578367640366712,0.09053175437924653,0.824998270384921
680691.4161360001,532,0.8536584973335266,0.3787890837111985,-0.21542094655964794,680691.411709-0 680691.420563-1,-6.844348893526622,22.07859606823517,29.06283412501934,19.56920486759806,14.656099228219741,-23.908962421608535,-0.44264866549963544,0.15297010934692665,0.8835509632034708,-40.0468974786849,15.129401554037564,-19.59357997135553,0.5596080261186549,0.08851123028841676,0.8240173658463841
680691.4201440001,532,0.8455255925655365,0.3825268458635608,-0.2140796670456837,680691.419725-0 680691.420563-1,-6.66337207882094,22.167013605284772,29.319499010200644,19.56920486759806,14.656099228219741,-23.908962421608535,-0.4384374931510929,0.15495919592819757,0.8853023281324136,-40.0468974786849,15.129401554037564,-19.59357997135553,0.5596080261186549,0.08851123028841676,0.8240173658463841
680691.4259025,532,0.870258629322052,0.38670828196662893,-0.21027158121338485,680691.431242-0 680691.420563-1,-6.45229723720826,22.168897586101032,29.635974983682637,19.56920486759806,14.656099228219741,-23.908962421608535,-0.43353766221262585,0.15388635477974866,0.8878986908740278,-40.0468974786849,15.129401554037564,-19.59357997135553,0.5596080261186549,0.08851123028841676,0.8240173658463841
680691.4290545,532,0.9176288843154907,0.38757740026491644,-0.21235143620848462,680691.431242-0 680691.426867-1,-6.373878819152356,22.14698376689629,29.474534000534977,19.56920486759806,14.656099228219741,-23.908962421608535,-0.43353766221262585,0.15388635477974866,0.8878986908740278,-40.0468974786849,15.129401554037564,-19.59357997135553,0.5617651131996778,0.08833572796014516,0.8225671746170671
680691.4342245,532,0.9357375800609589,0.38805248333571674,-0.21428393780479627,680691.431242-0 680691.437207-1,-6.3368662302758345,22.181186210466024,29.393513562750403,19.56920486759806,14.656099228219741,-23.908962421608535,-0.43353766221262585,0.15388635477974866,0.8878986908740278,-40.0468974786849,15.129401554037564,-19.59357997135553,0.5627842578779184,0.08974137573704248,0.8217179349178303
680691.43818,532,0.9243979156017303,0.3902464377052576,-0.21092343081839693,680691.439153-0 680691.437207-1,-6.22187631998767,22.124042029143652,29.57418894085089,19.56920486759806,14.656099228219741,-23.908962421608535,-0.43087029432725094,0.15136725224880052,0.8896284305332176,-40.0468974786849,15.129401554037564,-19.59357997135553,0.5627842578779184,0.08974137573704248,0.8217179349178303
680691.4416670001,532,0.934121161699295,0.38995248839833374,-0.2102163824548584,680691.439153-0 680691.444181-1,-6.248047363096756,22.130950358418048,29.628533211060127,19.56920486759806,14.656099228219741,-23.908962421608535,-0.43087029432725094,0.15136725224880052,0.8896284305332176,-40.0468974786849,15.129401554037564,-19.59357997135553,0.562062841740297,0.0897858797949282,0.8222067001212483
680691.446915,532,0.9021049439907074,0.394614339744733,-0.20638702807043097,680691.449649-0 680691.444181-1,-6.010664969651694,22.15362497965424,29.978617296876198,19.56920486759806,14.656099228219741,-23.908962421608535,-0.425389173427757,0.1508635428109112,0.8923476018800015,-40.0468974786849,15.129401554037564,-19.59357997135553,0.562062841740297,0.0897858797949282,0.8222067001212483
680691.45228,532,0.892995685338974,0.3946302326738955,-0.2056287836938404,680691.449649-0 680691.454911-1,-6.0043343720814715,22.108210510555843,29.97000395685308,19.56920486759806,14.656099228219741,-23.908962421608535,-0.425389173427757,0.1508635428109112,0.8923476018800015,-40.0468974786849,15.129401554037564,-19.59357997135553,0.5622375385140281,0.0883259509385043,0.8222453871421205
680691.4558105,533,0.8878574967384338,0.3956582470038841,-0.20434955642409935,680691.4567099999-0 680691.454911-1,-5.950557054092997,22.094657466891082,30.052338603434563,19.56920486759806,14.656099228219741,-23.908962421608535,-0.42414976425481465,0.15013322715689056,0.8930604635667412,-40.0468974786849,15.129401554037564,-19.59357997135553,0.5622375385140281,0.0883259509385043,0.8222453871421205
680691.4593964999,533,0.89115771651268,0.39594453504095484,-0.2037795104645037,680691.4567099999-0 680691.462083-1,-5.917764483907309,22.017454498832134,29.990166845355464,19.56920486759806,14.656099228219741,-23.908962421608535,-0.42414976425481465,0.15013322715689056,0.8930604635667412,-40.0468974786849,15.129401554037564,-19.59357997135553,0.5631437619406866,0.08600134885920538,0.8218715662326375
680691.4643999999,533,0.881785124540329,0.39736213874016146,-0.20215638795073776,680691.466717-0 680691.462083-1,-5.843914242474982,22.004914239639483,30.101944343315775,19.56920486759806,14.656099228219741,-23.908962421608535,-0.42244947608377326,0.14933736694071492,0.893999323820639,-40.0468974786849,15.129401554037564,-19.59357997135553,0.5631437619406866,0.08600134885920538,0.8218715662326375
680691.471111,533,0.8716596066951752,0.39855124394440433,-0.20546127022018013,680691.466717-0 680691.475505-1,-5.743195933770668,22.00455170022732,29.88486243447345,19.56920486759806,14.656099228219741,-23.908962421608535,-0.42244947608377326,0.14933736694071492,0.893999323820639,-40.0468974786849,15.129401554037564,-19.59357997135553,0.5659336582662563,0.08670210900382522,0.8198791610570798
680691.4753439999,533,0.8757086098194122,0.3983163912330746,-0.20616092371498818,680691.475183-0 680691.475505-1,-5.756491740396486,22.02519638673703,29.86187452719388,19.56920486759806,14.656099228219741,-23.908962421608535,-0.4227566408453639,0.15009053016035007,0.893727953785339,-40.0468974786849,15.129401554037564,-19.59357997135553,0.5659336582662563,0.08670210900382522,0.8198791610570798
680691.4811165,533,0.8713305294513702,0.3991606312392501,-0.20256207869693776,680691.486728-0 680691.475505-1,-5.706019968525304,21.904305169862816,29.955839721994046,19.56920486759806,14.656099228219741,-23.908962421608535,-0.42158914807216985,0.1458246191292592,0.894984787962113,-40.0468974786849,15.129401554037564,-19.59357997135553,0.5659336582662563,0.08670210900382522,0.8198791610570798
680691.4853749999,533,0.8770897388458252,0.4000077447655075,-0.20188376132440977,680691.486728-0 680691.484022-1,-5.618011396418005,21.736997319448875,29.7828538878871,19.56920486759806,14.656099228219741,-23.908962421608535,-0.42158914807216985,0.1458246191292592,0.894984787962113,-40.0468974786849,15.129401554037564,-19.59357997135553,0.5683748988142894,0.08175808419712588,0.8186974960669308
680691.4924095001,533,0.876004546880722,0.40103423303608937,-0.20273120911486897,680691.486728-0 680691.498091-1,-5.521951776450171,21.62789674450815,29.58608990042312,19.56920486759806,14.656099228219741,-23.908962421608535,-0.42158914807216985,0.1458246191292592,0.894984787962113,-40.0468974786849,15.129401554037564,-19.59357997135553,0.5710437302565348,0.07878224695937602,0.8171305989245133
680691.4983735001,533,0.8869449496269226,0.4011784771959073,-0.20097398655945375,680691.498656-0 680691.498091-1,-5.510690765341259,21.558857195335037,29.613389799759524,19.56920486759806,14.656099228219741,-23.908962421608535,-0.4213263504989498,0.1434700899099524,0.8954889388911882,-40.0468974786849,15.129401554037564,-19.59357997135553,0.5710437302565348,0.07878224695937602,0.8171305989245133
680691.5037535001,533,0.8805793523788452,0.4006498508201977,-0.19817176914768053,680691.498656-0 680691.508851-1,-5.546751468635945,21.484799521164128,29.698222249672884,19.56920486759806,14.656099228219741,-23.908962421608535,-0.4213263504989498,0.1434700899099524,0.8954889388911882,-40.0468974786849,15.129401554037564,-19.59357997135553,0.5700397150997246,0.07607463371290482,0.8180876318063194
680691.509999,534,0.8897373080253601,0.39964994636322954,-0.1982506226015741,680691.511147-0 680691.508851-1,-5.5957204759991495,21.448777557793985,29.63248281171489,19.56920486759806,14.656099228219741,-23.908962421608535,-0.4224533678423266,0.14250239004870965,0.895112406812173,-40.0468974786849,15.129401554037564,-19.59357997135553,0.5700397150997246,0.07607463371290482,0.8180876318063194
680691.517184,534,0.9267709851264954,0.3995131461888163,-0.19807763946457135,680691.511147-0 680691.523221-1,-5.60819441532686,21.459920382909942,29.65830689881525,19.56920486759806,14.656099228219741,-23.908962421608535,-0.4224533678423266,0.14250239004870965,0.895112406812173,-40.0468974786849,15.129401554037564,-19.59357997135553,0.5696932392499162,0.07636363646645018,0.8183020274804149
680691.523209,534,0.8615595102310181,0.40071029963678423,-0.1978487156421238,680691.523197-0 680691.523221-1,-5.549201366502627,21.49739750958161,29.738508302124515,19.56920486759806,14.656099228219741,-23.908962421608535,-0.42109567802748077,0.14346998521798343,0.895597450469868,-40.0468974786849,15.129401554037564,-19.59357997135553,0.5696932392499162,0.07636363646645018,0.8183020274804149
680691.5296380001,534,0.9222327768802643,0.3996393327739935,-0.1957949479964758,680691.536055-0 680691.523221-1,-5.596551592772277,21.368202766318085,29.68943971807926,19.56920486759806,14.656099228219741,-23.908962421608535,-0.4221810506415426,0.13939357149478548,0.8957302008446133,-40.0468974786849,15.129401554037564,-19.59357997135553,0.5696932392499162,0.07636363646645018,0.8183020274804149
